0 0.7266063734375 1 0.7290423140625 0.9944483890625 0.727712309375 0.9910816234375 0.7265849906249999 0.990451875 0.72406934375 0.9920126 0.7167487046875001 0.9927714234374999 0.7027335734375 0.9919580203124999 0.6988212796875 0.9898865953125 0.695375459375 0.98967284375 0.6720599218750001 0.995242915625 0.663782721875 0.998946759375 0.6567485890625 1 0.7266063734375 1
0 0.7457355359375 0.9914532140625001 0.7521023796875 0.9955802796875 0.7584758515625001 0.9972101062500001 0.9166538109375001 0.9688290984375 0.9063175359375 0.9690196484375001 0.8836947796875 0.9725240484375 0.7579056328125 0.9762346875000001 0.7466518546875001 0.983523325 0.7450663765625001 0.9868585218750001 0.7457355359375 0.9914532140625001
0 0.5505282171875 1 0.5705511890625 0.9962610859375 0.5813468125 0.9929373937499999 0.5924673125 0.9851179921875 0.596635075 0.9804874531250001 0.5972931515625 0.977318653125 0.589801759375 0.9745027140625 0.5886188875 0.9813710765625 0.5862337453124999 0.9815216921875001 0.5773457125 0.975073603125 0.5768764703125 0.9712750578125 0.5809137265625 0.9680546265625001 0.5680578453125 0.967033225 0.5663335484375 0.9659559140624999 0.5546743968750001 0.9677705140624999 0.55162840625 0.9691490546875 0.5035340500000001 0.9763916703125 0.49597879375 0.975251221875 0.491475065625 0.9766139781250001 0.4887668875 0.9825542171875 0.480496153125 0.9907867609375 0.4791105921875 0.9949181062499999 0.4818983390625 0.9983006546875 0.48734999375 1 0.5505282171875 1
0 0.6482863640625001 0.95846236875 0.608949534375 0.9735631796875 0.6068309484375 0.9747753234375001 0.6041903343749999 0.9816279015625 0.6101628890625 0.98804441875 0.6138086234375 0.9890543171875 0.6424941937499999 0.9855714515624999 0.6642881218750001 0.9816610859375 0.680911934375 0.9764596593749999 0.7069985921875 0.9626268984375 0.7218259265625 0.9522010296874999 0.724069478125 0.945697034375 0.7225367859375 0.93959325 0.701736896875 0.943602596875 0.6974941828125 0.9421451375000001 0.6945814703125001 0.9440544421875 0.6892808484375 0.9441734875 0.669941471875 0.9501394953125001 0.6588182 0.9560180234375 0.6482863640625001 0.95846236875
0 0.8062277515625 0.94288138125 0.7662245328124999 0.9553283718750001 0.7606573546875001 0.954385890625 0.75681724375 0.95646159375 0.7545736921875 0.9629655921875001 0.7556399125000001 0.967211703125 0.76001590625 0.969199928125 0.78036040625 0.971096396875 0.79785329375 0.9712858046875 0.8136857546874999 0.9687224109375 0.84064425625 0.9622213625 0.8552799890625 0.9568219671874999 0.8702433734374999 0.9488677359375 0.8754773578125 0.9484833078125 0.8767324109375 0.9457620734375001 0.8700323734375001 0.9403080984375001 0.859628271875 0.9394014640625 0.850806878125 0.933218759375 0.8368903171875001 0.9318329921874999 0.8343080296875 0.9331283328125 0.8201970968750001 0.9348281671875001 0.8084102046874999 0.9399937484375 0.8062277515625 0.94288138125
0 1 0.9142972968749999 0.9986051765624999 0.9139109203125001 0.9962228062499999 0.91600240625 0.9684007703124999 0.9209943609375 0.9572636421875 0.9171685265624999 0.9517658734375001 0.9184322999999999 0.94819231875 0.92156953125 0.9464096953125001 0.9260494546875 0.9462208625 0.9330168000000001 0.9490752484374999 0.9366647312499999 0.9582881625 0.9386171093750001 0.9859213671875 0.9405924999999999 1 0.940377390625 1 0.9142972968749999
0 1 0.88315633125 0.9668348265625 0.8916001031249999 0.9602125109375 0.8941750015625001 0.9551201171875 0.9009128140625 0.9583076937499999 0.90588765625 0.9628836046875 0.9086720265625001 0.96705968125 0.90986410625 1 0.9099711125000001 1 0.88315633125
0 0.3172963875 1 0.329165996875 0.9960293609375 0.3458592171875 0.9930341874999999 0.34347130625 0.9912439281250001 0.34240785625000003 0.9889386890624999 0.345117878125 0.9842923671875001 0.3388176734375 0.980430684375 0.3331172171875 0.9789574390625001 0.323376734375 0.9787637515625001 0.31900074218749996 0.9767755265625 0.313169778125 0.9767123890624999 0.2771316375 0.9817918234375 0.270306634375 0.9816297046875 0.2652059296875 0.9825448968750001 0.2631539796875 0.984022421875 0.25274987968749996 0.9831157875000001 0.2481128734375 0.9839477796875 0.2421541765625 0.9872356234374999 0.23990508125 0.9898578765625 0.2395135625 0.9940882015625 0.2438256875 0.9977519171875 0.250369928125 1 0.3172963875 1
0 0.3826048046875 1 0.38708133125 0.9989501796875 0.39430339375 0.9987637171875001 0.41357613437499996 0.992532328125 0.438216134375 0.9864472765625001 0.46218143125 0.9718857875 0.46024890625000003 0.9641897109374999 0.4539487015625 0.9603280265624999 0.44851480156249995 0.959916309375 0.41466465625 0.96598985625 0.4004259859375 0.9710406718750001 0.3969135265625 0.9705615390625001 0.3948560375 0.9681573171875 0.390549453125 0.968375346875 0.38479344375 0.9744002093749999 0.37360353125 0.9800133578124999 0.3642628796875 0.9814119625 0.3603561296875 0.9832222828124999 0.35632441406250004 0.99032445625 0.35706021250000003 0.99518453125 0.36342705625 0.999311596875 0.366307475 1 0.3826048046875 1
0 0.5315061265625001 0.93726015 0.49977456875000004 0.9421215546875 0.49586781875 0.943931875 0.49044222968750006 0.9493427750000001 0.4906476890625 0.9540206671875 0.493435434375 0.9574032171875 0.5047030671875 0.9598189421875001 0.525708415625 0.9604874859375 0.5527363281250001 0.9561926921874999 0.5657171734374999 0.951922240625 0.5708845203124999 0.9512724296874999 0.5783009578125 0.94800036875 0.5821382984375 0.9439837921875001 0.5894880984374999 0.94044635 0.5934587171875 0.9369605359375001 0.5941834312500001 0.9340571203125 0.5914567828124999 0.9270582062500001 0.5766822312500001 0.92804509375 0.5727671671875 0.9240327953125 0.564351146875 0.9233241281250001 0.5448812640625 0.9307002437499999 0.5315061265625001 0.93726015
0 0.65207936875 0.923391828125 0.640883915625 0.9251232296874999 0.633528571875 0.9247789265625 0.6290165328125 0.920319065625 0.6219943828125001 0.9213016734374999 0.6186790703125 0.9196778125 0.6014610499999999 0.92637255 0.597754215625 0.928979015625 0.5986899296875 0.9346352359375001 0.6049901359375001 0.93849691875 0.61373935 0.940532496875 0.621491753125 0.9405282187499999 0.6249403453125 0.9426828421875 0.6693389515625 0.9458101843750001 0.697091578125 0.9386119718750001 0.7100030140625 0.9321352656249999 0.714901034375 0.9284830546875 0.7212457109375 0.9170831390625 0.716866946875 0.9131540390625 0.7055382156250001 0.9143546765625 0.702353409375 0.9113207078125001 0.6808843609374999 0.910735365625 0.6771775265625 0.9133418328125 0.667761925 0.9086524359375 0.6652490453125 0.91215403125 0.6582296703125 0.9150775109374999 0.6545950171875 0.92183110625 0.65207936875 0.923391828125
0 0.766016440625 0.90239404375 0.7516361796875 0.9010914765625 0.7485985046875 0.908292634375 0.736553371875 0.9182193062499999 0.73854699375 0.9222990187500001 0.74325618125 0.9256141546875 0.7546570921875 0.92856064375 0.7775200124999999 0.9308372625000001 0.8008410921875001 0.9291489359374999 0.8257476453124999 0.9241254109374999 0.841113634375 0.9197043421875 0.850118321875 0.9150379578125 0.852831115625 0.91233250625 0.8752803484375 0.9033124703125001 0.8758745546875 0.9018191625 0.8679888734375 0.901292675 0.8626854796875 0.8994708499999999 0.8579151968750001 0.8997720796875001 0.8553940046875 0.8974510578125001 0.8557188874999999 0.8929553484375001 0.853994590625 0.8918780375 0.851876003125 0.893090178125 0.766016440625 0.90239404375
0 0.243817509375 0.945613734375 0.2401079046875 0.946279328125 0.2335466859375 0.9452378640625 0.22963439531250002 0.9431664375000001 0.22797950781249998 0.9442953828125 0.2280516890625 0.948442509375 0.22547494218750003 0.9536195953125001 0.2296593328125 0.9606342937499999 0.2335049875 0.9624403359375 0.2418571390625 0.9648244953124999 0.265514184375 0.9664039499999999 0.28472582343749997 0.9637889265625 0.294069246875 0.9643311953125 0.3205668203125 0.9598542171875 0.3259924078125 0.9544433171875 0.3347999484375 0.9509216593750001 0.3396979671875 0.94726945 0.3414722765625 0.9369669046875 0.320664075 0.9351536359375 0.3174153984375 0.933795159375 0.30045839375 0.937669678125 0.2889352890625 0.9419559140624999 0.2760794078125 0.9409345124999999 0.2628292359375 0.9422025640625 0.2506369703125 0.9418941078125 0.246927365625 0.9425597031249999 0.243817509375 0.945613734375
0 0.40817852656250003 0.924720828125 0.40049553125 0.9269313625000001 0.3926098515625 0.9264048765625 0.3820807828125 0.9307900968749999 0.3766468828125 0.9303783796875 0.3569104453125 0.936692965625 0.355666475 0.9471776921874999 0.3595121296875 0.948983734375 0.371968178125 0.9484128437500001 0.3772049328125 0.9499692890625001 0.384027165625 0.9481905359375 0.3915810375 0.9483605468749999 0.4010591234375 0.9504040187499999 0.40391073593750004 0.9521110765625 0.4076869796875 0.9517108640625 0.40854497187499994 0.9493382109375 0.4125183609375 0.9477932734375001 0.42444684062500004 0.9489810734375 0.44432209843750003 0.9470789937499999 0.460748765625 0.9430222921875 0.4693563890625 0.9387044875000001 0.46988118749999996 0.935004925 0.466166040625 0.9317887734375001 0.45489563437499997 0.9274321750000001 0.4479318140625 0.9228575453125 0.44918409531250003 0.9181954390625 0.4459992890625 0.91516146875 0.41944061718750003 0.9232548093749999 0.40817852656250003 0.924720828125
0 0.6310186015625 0.8839058312500001 0.6225359421875 0.8829317812499999 0.6126677218750001 0.8860890765624999 0.607769703125 0.8897412859375 0.606981121875 0.8943201937499999 0.6137477984374999 0.90003955 0.6241519 0.900946184375 0.631709928125 0.90402750625 0.64536270625 0.90629261875 0.670674634375 0.9067431296875 0.6841274937499999 0.908212096875 0.69671405 0.9062311 0.703997209375 0.9024282749999999 0.7166476328125 0.8987717859375 0.7213457359375 0.894323428125 0.7231283578125 0.8898435031249999 0.7102669328125 0.8849403578124999 0.6953563359375 0.8834556046875001 0.6901195796875 0.8818991593750001 0.6797848890625 0.8831987828125 0.669977765625 0.8827397109374999 0.6581881046875 0.8859644203125001 0.649708215625 0.8869312421875 0.6335397921875 0.8862268546875001 0.6310186015625 0.8839058312500001
0 0.7748518265625 0.8719655484375 0.764911425 0.8709757140625 0.7531773203125 0.8667023140625 0.747412996875 0.8669045593750001 0.745166675 0.8714676828125001 0.7359676140625 0.87921966875 0.7390246859375 0.8856046203125001 0.752083253125 0.8893630390625 0.7569201765625 0.8893271921875 0.765205690625 0.8914459703125001 0.785019853125 0.8931602562500001 0.7921086374999999 0.89244303125 0.8093377421874999 0.893511784375 0.8273554265625 0.89000163125 0.8383481937499999 0.8855332125 0.8441125171875001 0.8853309671874999 0.8544444359375 0.882090475 0.8568934468749999 0.88026436875 0.8589398515625 0.8749050984375 0.8566824453124999 0.8717047296875 0.8418329421875 0.8666036171875 0.8376596375 0.8673524109375 0.8142663765625 0.864893609375 0.8079717140625 0.864913671875 0.7994279578125 0.8675559859374999 0.7815407796875 0.8696560312500001 0.7748518265625 0.8719655484375
0 1 0.8448418984374999 0.9990357609375 0.84422168125 0.9861132421875001 0.842934896875 0.9824730468749999 0.8458067453125 0.9743263515624999 0.848100478125 0.9606791187500001 0.8497171124999999 0.9574304437500001 0.848358634375 0.9580885171875 0.8451898343750001 0.95556455625 0.8409279406250001 0.9419895015625 0.8466917 0.9353699593749999 0.851207471875 0.9359058390625 0.8552714 0.9405511578124999 0.8602620249999999 0.9556672171875 0.8664246671875 0.9749565812500001 0.8718385171874999 0.9937128359375 0.875129309375 1 0.8755721640624999 1 0.8448418984374999
0 0.249681859375 0.9226517796874999 0.263267996875 0.9246515093750001 0.2686380296875 0.9267387171875001 0.297595696875 0.928199128125 0.3139584953125 0.9258179171875 0.33210668593750003 0.920897653125 0.3466063703125 0.9130266234375 0.34653141875000004 0.906938621875 0.3313542640625 0.9043923421875 0.3232047984375 0.904745203125 0.3083580640625 0.9015849609375 0.2794087125 0.9059471718750001 0.2617186796875 0.9069024890625 0.250584321875 0.9050175250000001 0.23780339375 0.9100841234375 0.23602354218750002 0.9165049218749999 0.24020238906250002 0.9196378749999999 0.249681859375 0.9226517796874999
0 0.4106387546875 0.88434265 0.4020283578125 0.88671958125 0.394945115625 0.8913185515625001 0.38501025625 0.8942104640625 0.375608509375 0.8992254296875 0.36865022812500003 0.8985325468750001 0.3646102 0.8998121046875 0.360170340625 0.8994993703124999 0.35262339531250003 0.9041815390625001 0.3514377515625 0.9091090296875001 0.3547558359375 0.9126737609375001 0.3589985515625 0.9141312234375001 0.38603200625 0.9137181734375 0.402131021875 0.912216309375 0.41226579531249996 0.9101205437500001 0.42273099375 0.907410815625 0.432399296875 0.903457375 0.44207037031249996 0.9014448093749999 0.45848595156250005 0.889624615625 0.4621233765625 0.8848118921875001 0.4615208578125 0.880482584375 0.45880252187500004 0.8793062890625001 0.4446915859375 0.8810061203125 0.439321553125 0.8789189125 0.434870609375 0.8708426859375 0.4322244546875 0.8738135187499999 0.4106387546875 0.88434265
0 0.5162486109375 0.8784285609375001 0.508099146875 0.8787814203125001 0.489420615625 0.8835195 0.48192922656250003 0.8807035609374999 0.478286259375 0.8816345374999999 0.47113637500000005 0.8859681265624999 0.47160838906249997 0.8917075453125 0.48573040624999997 0.8977712046875 0.51906406875 0.9012198390625 0.5409274046875 0.8995157265625 0.5449702046875 0.9001770421874999 0.5608026640625 0.8976136484374999 0.56523698125 0.8940446375000001 0.5767600890625 0.8897584015625 0.5809278515625 0.8851278609375001 0.582643834375 0.8803825562500001 0.5789286890625001 0.8771664046875 0.5699823281249999 0.8762755546875001 0.5671307140625 0.87456849375 0.56824971875 0.869375625 0.56161631875 0.86418703125 0.553733409375 0.8656014187500001 0.5522812109374999 0.8694673796875 0.5447488453125 0.872760240625 0.5162486109375 0.8784285609375001
0 0.5972101578125 0.87277690625 0.6035103625 0.8766385874999999 0.6141143796875 0.8783413671875 0.6180266703124999 0.8804127921875 0.628761196875 0.8807054640624999 0.6350586296875 0.8826262734375 0.6428110328125001 0.8826219953125 0.654012028125 0.8847723406249999 0.6616311546875 0.8842372968750001 0.6834250828124999 0.8803269328125 0.7058770859375 0.8732477671875 0.7134240328125 0.868565596875 0.7135517671875 0.865214615625 0.7108973 0.862362828125 0.6927991203125 0.8559032375 0.6898197734375 0.857547159375 0.6581520828125 0.8607330734374999 0.6451656953125 0.8611217812499999 0.633501 0.8590546343750001 0.6166744984375 0.8615190453125001 0.6029578546875001 0.8609294234375 0.5979321 0.8679326156249999 0.5972101578125 0.87277690625
0 0.7927419109375 0.8254908109375 0.7881049046874999 0.826322803125 0.7670995578124999 0.8256542609374999 0.759938590625 0.8222243609375001 0.7556209234375 0.8146788968750001 0.753435696875 0.815625659375 0.747141034375 0.8156457203125 0.7440950468749999 0.8170242625 0.740854684375 0.8214884015624999 0.73311059375 0.8273152984375001 0.7340463078125 0.83297151875 0.7554625703125 0.84299584375 0.7611019296875 0.8480854531249999 0.7693180359375 0.847997975 0.7861528453125 0.8513561828125 0.7990087296875 0.8523775859375 0.8257728578125001 0.8489621359375 0.8286883390625001 0.8489937046874999 0.8336613093749999 0.8514294937500001 0.8437266749999999 0.8471274734375 0.843454578125 0.8421841999999999 0.8373404328125 0.8294143 0.8377930515625 0.8215676078125 0.8344138687499999 0.821619240625 0.8310402281249999 0.8255526156249999 0.824351275 0.8278621328125 0.818517540625 0.8258581250000001 0.8101015203124999 0.8251494562499999 0.805400646875 0.827656940625 0.7927419109375 0.8254908109375
0 1 0.8077905624999999 0.9718857906249999 0.8094336375 0.9572417468750001 0.8090104140625 0.9449773015625 0.8045548312499999 0.9421284578125 0.8047886468750001 0.9396794484375001 0.8066147515625 0.9353145390625001 0.8123900171875 0.9366473140625 0.8176976546875 0.9398321234375 0.8207316234375 0.947456790625 0.8240783265625 0.9717802234375 0.8283116015624999 0.9830450859375001 0.8287864562499999 0.985763421875 0.8299627515625 1 0.8307672640625 1 0.8077905624999999
0 0.23662342656250002 0.8725777953125 0.2301343890625 0.87568345625 0.2220626453125 0.8840651890625001 0.22564728750000002 0.8886914499999999 0.2125359328125 0.8943720109375001 0.22174607812499997 0.8943835171875 0.30575638125000004 0.8892941953125 0.310390615625 0.886521328125 0.31820688750000004 0.8848415578125 0.326811740625 0.8785828812500001 0.3307795875 0.8731561953125 0.33024370625 0.8690922671875001 0.326461921875 0.8656107328125 0.31685194375000003 0.8640069374999999 0.2877693140625 0.8678383828125 0.26379015781250004 0.8726955078125 0.2510036875 0.8738803640624999 0.2441786859375 0.87371824375 0.2394056296875 0.8720786 0.23662342656250002 0.8725777953125
0 0.40170084375000004 0.842958853125 0.398060646875 0.8458306999999999 0.3817700296875 0.8523590390625 0.36733144375000004 0.8566137078124999 0.3510991515625 0.8575848109375 0.3499051953125 0.8566896796875 0.34586516562499997 0.8579692375000001 0.337524096875 0.8633485703125 0.3344836515625 0.8686088562500001 0.332634390625 0.8728233984375 0.3364161765625 0.876304934375 0.3472867484375 0.879069240625 0.3607368375 0.878597334375 0.369683196875 0.879488184375 0.37683862343749996 0.8790363421875 0.399426675 0.8744288125 0.42591870624999995 0.866070090625 0.4422731921875 0.8578662609375 0.44902324218749995 0.85194038125 0.45266066718750003 0.847127659375 0.451863771875 0.8458839484375 0.44735450312499997 0.8433649593749999 0.4384081421875 0.8424741093750001 0.43422652343749996 0.837400284375 0.43031423281250003 0.8353288609374999 0.4212429078125 0.8397298640624999 0.4144179046875 0.8395677453125 0.40170084375000004 0.842958853125
0 0.45901365624999996 0.841550359375 0.46186804062500003 0.8451982921875001 0.4673047125 0.8475508828124999 0.49645952656250003 0.847866565625 0.5116977765625 0.8467964796875 0.548860465625 0.8404059187499999 0.5618413125 0.8361354671875001 0.5674029468749999 0.8331962015625001 0.5793786703125 0.8210632765625 0.5851402218749999 0.8189201578124999 0.5738725875 0.8165044312499999 0.5540584265625 0.8147901453124999 0.5453786203125001 0.8149608234375 0.50397321875 0.8198939203125001 0.496229128125 0.82572081875 0.488194421875 0.8291038125 0.472249975 0.8305779453125 0.46119334062500006 0.8367218546874999 0.45901365624999996 0.841550359375
0 0.621797509375 0.8298152703125 0.61658015 0.841844934375 0.6088332890625 0.8457309593750001 0.6043934265625001 0.8454182250000001 0.6008171 0.8466145828125 0.597643378125 0.85134410625 0.597915475 0.856287378125 0.6026191203125 0.8557207671875 0.6075920906250001 0.8581565578125 0.673309840625 0.8496932421875 0.678743740625 0.8501049593750001 0.6843609328125 0.8396675859375 0.6965421125 0.83221255 0.7036809125000001 0.8201154718750001 0.7011569515625 0.8158535765625 0.6924771468750001 0.816024253125 0.654520334375 0.823111975 0.6498861 0.8258848406249999 0.6390238421875 0.8289431515624999 0.634986584375 0.83216358125 0.6291583937499999 0.8340413171875 0.6235245765624999 0.8328334546875 0.621797509375 0.8298152703125
0 0.591751453125 0.8085817687500001 0.597587959375 0.8125266484375 0.60076999375 0.8136197453125 0.6213755078125 0.8126959953125 0.6391349515625 0.8139469343749999 0.6533791625 0.812777865625 0.6923938828125 0.804113634375 0.7045139640625 0.8002749640625 0.7084845828125 0.7967891500000001 0.7106642671875 0.7919606453125 0.6930992 0.787624109375 0.6634112765625 0.785185371875 0.6318157671875 0.7925184125 0.6252545484375001 0.791476946875 0.613467659375 0.7966425296875 0.6084946890625 0.7942067390625 0.5970382203125 0.7987583578125 0.5922096109375 0.8046168249999999 0.591751453125 0.8085817687500001
0 0.7575729812499999 0.78964551875 0.7514810046875 0.7924026 0.74446716875 0.7992078265625 0.7452029671875 0.8040679000000001 0.7490513921875 0.807814815625 0.7717171656249999 0.811236159375 0.782979259375 0.809770140625 0.8218079156250001 0.8100141296875 0.8462535421874999 0.8070146765624999 0.8642712265625001 0.8035045234375 0.8728705390625 0.7933641 0.8682279890625001 0.790314346875 0.8708713734375 0.7854026421875 0.8697440562500001 0.7847728953125 0.860739371875 0.78943928125 0.8344278578125 0.7850080390625 0.812231328125 0.7853852406249999 0.79242270625 0.7875527 0.7881799921875 0.786095240625 0.7804942265625 0.7863648999999999 0.7660584109374999 0.7925604421875 0.760557871875 0.791883340625 0.7575729812499999 0.78964551875
0 1 0.78525496875 0.9866965015625 0.7873625328125 0.9519800515625001 0.7899861140625 0.9465489234375 0.7915152703125 0.9395989546875001 0.796645003125 0.939337940625 0.799465221875 0.94345015 0.8023327921875 0.9547816515625 0.8030730296874999 0.956308803125 0.8052950671874999 0.963269853125 0.8079288234374999 0.9980557125 0.807511496875 1 0.8072267359374999 1 0.78525496875
0 1 0.7550306109375 0.9894315984375 0.7538685015625 0.97413225 0.7585549484375 0.9704948234374999 0.7633676703125001 0.9539348796875 0.7668936093750001 0.949564428125 0.7687871281249999 0.9455882703125 0.7683911953125 0.9330683531249999 0.7706375765625 0.9288256374999999 0.769180115625 0.9240553531250001 0.76948134375 0.9147868828125001 0.7750270734375 0.9143925921875 0.777316528125 0.9279176328125001 0.7829326234375 0.9370639093750001 0.7846196187500001 0.9456770750000001 0.784183559375 0.9550899078124999 0.7869320828124999 0.9845723734374999 0.7846929296875 0.9895425718749999 0.785187846875 1 0.7821887390625 1 0.7550306109375
0 1 0.725200384375 0.9866078296874999 0.725254603125 0.9736242125000001 0.727584184375 0.9696480515625 0.7271882515625 0.9652776015625 0.7290817703125 0.960968246875 0.7273589281249999 0.9535518078124999 0.7306309890625 0.9435475406249999 0.7313166453125 0.928312059375 0.734327603125 0.921220503125 0.73310395625 0.9141900390625001 0.72826394375 0.9100139640625 0.7270718656249999 0.8896277640625 0.74237786875 0.8934123203125001 0.7478002765625 0.8974578890625 0.7504024640625 0.954445821875 0.75348968125 0.9816125546875 0.7536073953125 0.9932050703125 0.7515274140625 0.996512071875 0.74732865625 1 0.74789920625 1 0.725200384375
0 1 0.6992521593750001 0.9984975171875 0.699270184375 0.9927942890624999 0.6958560687500001 0.9903341953125 0.6899186828125 0.9850308015625 0.6880968546874999 0.9785389921875 0.68926164375 0.9560092671874999 0.6883119359375 0.9424953109375 0.6904593328125 0.8998904109374999 0.6906155578125001 0.8952478609375 0.6875658046875001 0.8908107718749999 0.68919394375 0.879490353125 0.6962171984375 0.8785684937499999 0.7002653421875 0.8806259828125 0.7026695640625 0.88732325 0.7061826671875 0.895342209375 0.707239915625 0.901309221875 0.7097746875000001 0.91880765 0.7138458421875 0.95021986875 0.7173618921875 0.963875415625 0.721567878125 0.968909484375 0.720387303125 0.98142385625 0.7142591781250001 0.9983114546875 0.708178403125 1 0.7078754359375 1 0.6992521593750001
0 1 0.6579339171874999 0.9953239265624999 0.6576841421874999 0.9861110125 0.655731765625 0.9647752437499999 0.6556771875 0.9515195296875 0.6530634921875 0.938735828125 0.65618921875 0.921576134375 0.6573267171875 0.9035529078125 0.6569551265625 0.90023759375 0.655331265625 0.8968584125 0.6553828968750001 0.89182434375 0.656563471875 0.8872567484375 0.6596017187500001 0.8843551218749999 0.669274515625 0.8960225890625001 0.6732825328125001 0.9348595578125 0.6793491390625 0.9473156062499999 0.6787782499999999 0.9654721109375 0.6796806046875 0.9867356984375 0.67558805625 1 0.6706727015625 1 0.6579339171874999
0 1 0.6152514234375001 0.999702828125 0.615297675 0.9812158984374999 0.6150092828125 0.9683308546875 0.6167665 0.9607436625 0.6164637984375 0.9578254125000001 0.6144913562500001 0.9446418765625 0.6160247890624999 0.9352290453125001 0.6132762671875 0.927337821875 0.6088680359375 0.9246139453125 0.6038099953125 0.9207710609375 0.6039448234375 0.911963521875 0.607466484375 0.9028311 0.61548385 0.901973109375 0.6178565046875 0.9048941328125 0.6217698171875 0.9194159828125 0.62942576875 0.9282318359374999 0.6317267281250001 0.93181370625 0.6344121140625 0.9428841953125 0.63797256875 0.961443303125 0.642408090625 0.9781448375 0.645235534375 0.9922585421875001 0.6454765734375 1 0.6449460015625 1 0.6152514234375001
0 1 0.57166660625 0.99692353125 0.57142218125 0.9856558953125001 0.569006453125 0.9774397921875 0.5690939312500001 0.9680269593749999 0.5663454078125 0.958886225 0.56854015625 0.9388082796875 0.567705215625 0.93384085 0.5691511734375 0.9134352531250001 0.5708710671875 0.896803128125 0.570249878125 0.8800460375 0.5749205421875 0.8717688375 0.5786243828125001 0.868992175 0.5830053234375 0.8595876562500001 0.58607941875 0.869791840625 0.586189909375 0.8779468484375 0.5897187921875 0.9015400250000001 0.592973740625 0.947724025 0.5935620296875 0.9542852421875001 0.5946034953125 0.9618377296875 0.5938030703125 0.9634953875000001 0.594615 0.97343024375 0.5917230890625 0.99720116875 0.5802471984375 1 0.57992809375 1 0.57166660625
0 1 0.5414515921875 0.9935000109375001 0.5404198453125 0.9705093578125 0.5414942109374999 0.9613630796875 0.539807215625 0.9502314953125 0.5398631234375 0.9493013234375001 0.53808865 0.9528748796875 0.53495141875 0.9510839437499999 0.533608725 0.94764089375 0.535335846875 0.9441284359375001 0.5348567140625 0.9265078125 0.5380182859375 0.9156483234374999 0.54301746875 0.899549309375 0.544519334375 0.8857049296874999 0.5472806953125 0.873976365625 0.5468890421875 0.8716523203125 0.5434232921875 0.8672096890625 0.541169684375 0.8660879140625 0.5444216843749999 0.8593350921875 0.548406690625 0.8525211734375 0.5560080609375 0.8537206718749999 0.5607849375 0.8646578828125 0.5638146265625 0.903156115625 0.5646725765625 0.932902365625 0.5615540796875 0.9484738109374999 0.561810903125 0.9583392609375 0.5567127375 0.9672828499999999 0.5556627140625 0.976229209375 0.556553565625 0.9949105109374999 0.5537563578125 1 0.5518135046875 1 0.5414515921875
0 1 0.47746660468749996 0.9963934625 0.47860886718750006 0.9957992546875 0.480102175 0.8634946781249999 0.49163796875 0.8512413171875 0.4949458765625 0.84423579375 0.5075737203124999 0.8402651765625 0.5110595328125 0.8417950984375 0.51522244375 0.847365046875 0.5181057984375 0.8874542999999999 0.5195102968749999 0.9038837375 0.51739446875 0.9581339375000001 0.50571928125 1 0.4854472578125 1 0.47746660468749996
0 0.8338373718750001 0.464233265625 0.832790546875 0.47357326562499996 0.837630240625 0.4754782921875 0.894210028125 0.4711505984375 0.9224291250000001 0.46581006093750005 0.9520337828125 0.45633818125000003 0.9716286328124999 0.443670209375 0.9730169625 0.4414797390625 0.983348884375 0.438239246875 0.9853341921875 0.43649634062500003 0.9822187953125001 0.4356686265625 0.9622130296875 0.4389808125 0.9435261859375 0.43789627500000006 0.9113309265625 0.442840878125 0.8589382999999999 0.45612414218749997 0.8550981875 0.4581998453125 0.8380051343750001 0.45960272656249995 0.8338373718750001 0.464233265625
0 0.8528436890625001 0.41062478437500005 0.8351591984375 0.41546184999999997 0.8249550140625 0.41535136093749997 0.8181938796875 0.41351375 0.813953934375 0.4139971625 0.8102498718750001 0.41854450156249995 0.7999901328125001 0.425932121875 0.8002622296874999 0.43087539374999995 0.8087476609375001 0.43379031562500003 0.8241885999999999 0.4354572515625 0.8363114546875 0.4335594515625 0.8473764031250001 0.433238159375 0.8777834953125 0.42889173593749996 0.9055999921875 0.42001803281249994 0.9306315109375 0.409702653125 0.9538220828125 0.4094244359375 0.9579287484375 0.408410259375 0.9587201015625 0.40577222500000004 0.9536804921875 0.40307105312499997 0.9383756015625 0.40387575625 0.9318143828125001 0.4028342921875 0.9187641265625001 0.40489849062500005 0.9027956203124999 0.4049902453125 0.8879488859375 0.40183000468749996 0.86343939375 0.40650494843749996 0.8528436890625001 0.41062478437500005
0 0.9199582203125001 0.35947805312500003 0.90955411875 0.35857141875 0.89054239375 0.3619825890625 0.8537823093749999 0.37190631406249997 0.8289534765625 0.3849587109375 0.817024996875 0.3837709109375 0.8142400234375 0.382329234375 0.8117382296875 0.393594321875 0.8137984906250001 0.397939415625 0.825990753125 0.398247871875 0.8475181265625 0.3932759765625 0.8644140359374999 0.393017821875 0.8824289500000001 0.3875667953125 0.8899814390625 0.38676637187499996 0.9184560093749999 0.3747238703125 0.935862859375 0.3610617875 0.9411607109375 0.35900186875 0.9459976343750001 0.35896602187500004 0.9718315890625 0.3537760984375 0.974560484375 0.353064596875 0.973978765625 0.35074796875 0.9633461593750001 0.3508611765625 0.9604945468749999 0.34915411875 0.9547968625 0.3496217453125 0.9392309578125 0.353246665625 0.9284381078124999 0.35851122968750004 0.9199582203125001 0.35947805312500003
0 0.851997053125 0.3281298 0.84398640625 0.33289516875 0.8309361531249999 0.3349593671875 0.8281511765625 0.33351769062500003 0.82424996875 0.3392097578125 0.8195490937500001 0.34171724062500003 0.8072929625 0.3430842765625 0.7969638125 0.3482656421875 0.795844809375 0.3534585125 0.8036693921875001 0.35760136249999996 0.8126823921874999 0.35875759375 0.8560786437499999 0.355963334375 0.8714474046875 0.35348314062499997 0.936751465625 0.3337231703125 0.9585453953125 0.3298128046875 0.9601364140624999 0.33035935156249996 0.9605307046875 0.3280698984375 0.9518508999999999 0.32824057500000003 0.9417772234375 0.3267199796875 0.9166652093750001 0.3270656109375 0.8937356484375 0.3245236125 0.8845282765625001 0.3264529796875 0.8701507875000001 0.327091284375 0.8661107593749999 0.328370840625 0.8565674203125001 0.3270324265625 0.851997053125 0.3281298
0 0.7742758703125 0.329317315625 0.7766026874999999 0.3347239375 0.7857489625 0.3364109328125 0.8187383453124999 0.3307691671875 0.8306612828125 0.3280752203125 0.836819896875 0.325583521875 0.850730915625 0.32308754375 0.8557677546875 0.32384784375 0.8634507484375 0.321637309375 0.9074135 0.2979410125 0.911978325 0.29296189375 0.9003774984374999 0.2892192578125 0.87798381875 0.2907411859375 0.852083225 0.2956657265625 0.780684415625 0.31624190625000004 0.7760529484375 0.3209556453125 0.7742758703125 0.329317315625
0 0.880166409375 0.24153798750000002 0.8774480734375001 0.24036169218749998 0.8765234421875 0.242468965625 0.7702887625 0.274842325 0.768767153125 0.27650203125 0.7625419 0.27872835 0.7573884093750001 0.289082525 0.760506578125 0.2918511109375 0.7673343515625 0.29395410312500003 0.774623053125 0.29403302343750004 0.782969665625 0.2925354375 0.7918493875 0.2931609046875 0.8073514234375001 0.291211475 0.8290093031250001 0.284829471875 0.8319220140624999 0.28292016875 0.855965034375 0.2763875515625 0.8604659921875 0.27308392187499997 0.871791953125 0.26994241093750004 0.8747046624999999 0.2680331078125 0.9038483921875 0.2605853 0.9044426 0.259091990625 0.89079259375 0.25876774999999996 0.8880770296874999 0.2595323296875 0.8840980984375 0.257195521875 0.879774890625 0.24576831562499998 0.880166409375 0.24153798750000002
0 0.81024764375 0.23134137031250002 0.802370275 0.236637503125 0.7949455234375 0.2340869453125 0.7930824078125001 0.22859712499999998 0.7923576953125 0.2315005421875 0.7862018515625 0.23593311250000001 0.7813760109375 0.24373245156249998 0.7773387546875 0.24695288125 0.7770805125 0.251713971875 0.78251995625 0.256007434375 0.8079623921874999 0.2550478390625 0.828898328125 0.2535101265625 0.8332021421875 0.25135122499999996 0.851814034375 0.2463477609375 0.8534716890625 0.24715969218749997 0.8581059249999999 0.2443868265625 0.8695651625 0.2417760796875 0.8728749359375 0.23951819375 0.877048240625 0.2387694015625 0.9145941359374999 0.22232589531250002 0.9114787375000001 0.2214981828125 0.8311780390625 0.2259219109375 0.8227647875 0.227154115625 0.8164756671875001 0.231055925 0.81024764375 0.23134137031250002
0 0.8170309453125 0.24870596093750003 0.8119885640625 0.2440639171875 0.805160790625 0.24196092500000002 0.8041084265625 0.247419178125 0.8091508062500001 0.252061221875 0.8130603265625 0.252191775 0.8170309453125 0.24870596093750003
0 0.81667571875 0.1855365046875 0.8085845796875001 0.1803321296875 0.7319351593750001 0.1896474984375 0.7294861515625 0.19147360468750002 0.7235913203125001 0.193085959375 0.7108714875000001 0.19453619375 0.70471564375 0.1989687671875 0.7025359609375 0.203797271875 0.7040658828125 0.2079601828125 0.707050771875 0.21019800625 0.720173209375 0.21228093593750003 0.7301774765625 0.21159527968749997 0.737269034375 0.212818928125 0.7778858546875 0.21246473593749998 0.78961165 0.21091551718749998 0.7974251484375 0.2072948765625 0.808553965625 0.20529809375000002 0.8186859671875 0.2012614546875 0.8330634578125 0.20062315000000003 0.8423374703125001 0.1989591640625 0.8556487374999999 0.1940747484375 0.8738052421875 0.1949771046875 0.8797667109375 0.19363013281250002 0.873202721875 0.19064779375000002 0.854718565625 0.1923002734375 0.8516003968750001 0.1895316875 0.82767956875 0.1888315765625 0.81667571875 0.1855365046875
0 0.8381033390624999 0.1106931921875 0.8360486203124999 0.11022984375 0.8237341609375 0.11715411406250001 0.8104228921875001 0.1220385296875 0.8002214796875 0.1238689140625 0.7727354078124999 0.132128653125 0.768759246875 0.1317327203125 0.7649885453125 0.1360146765625 0.7501556671875 0.1425587984375 0.7243855796875 0.14607323125 0.7219365703125 0.1478993375 0.7186351109375 0.155979840625 0.7161194625 0.15754056562500002 0.7168524890625 0.160459765625 0.7197068734375 0.164107696875 0.7301137453125001 0.1669552046875 0.7523075046875001 0.16463713124999999 0.75786914375 0.161697865625 0.763169765625 0.16157882031249998 0.779729709375 0.15805288125 0.8031757531249999 0.1510727015625 0.808537471875 0.1473372921875 0.8096592499999999 0.14408529375 0.813960290625 0.13998551875 0.82084361875 0.1345904015625 0.8307090671875 0.129492234375 0.8345436375 0.1235347859375 0.834671371875 0.1201838046875 0.8396360312500001 0.11679697656250002 0.8381033390624999 0.1106931921875
0 0.161662834375 0.2614214953125 0.160606134375 0.257213296875 0.1534117796875 0.276808484375 0.1302239765625 0.279027575 0.1273140375 0.2828777515625 0.121355340625 0.2861655984375 0.1124783890625 0.287481003125 0.1081079390625 0.289374521875 0.0947161765625 0.28428919375 0.0827960078125 0.28892401093750003 0.08155480937500001 0.3013496109375 0.085336596875 0.30483114218749996 0.1140971171875 0.307436278125 0.13145672656250001 0.3070949234375 0.15146249218750002 0.3037827375 0.172390115625 0.29642240625 0.192593028125 0.291965490625 0.1964997765625 0.290155171875 0.200600903125 0.2852592484375 0.1906549609375 0.280387671875 0.17919018125 0.2791166703125 0.16831960937499998 0.27635236406249997 0.162546971875 0.2707319890625 0.162719534375 0.26562969375 0.16035066250000002 0.263915259375 0.16201506875 0.262824228125 0.1604145296875 0.2622397671875 0.161662834375 0.2614214953125
0 0.32471985625 0.29516053593749997 0.3155818921875 0.2992961578125 0.308565284375 0.304160509375 0.309367721875 0.309285965625 0.318383490625 0.3123830734375 0.33037584062500003 0.31189538125 0.335679234375 0.3137172078125 0.34694409843749996 0.3141920625 0.3673496953125 0.31247216718750004 0.37576294374999997 0.3112399609375 0.38543124687499997 0.3072865234375 0.40437633437500003 0.30360997031250003 0.41530246093749995 0.29887617031249997 0.41609104375 0.29429726093749997 0.40322130781250004 0.28357149531250003 0.39864816875 0.2827279984375 0.3768542390625 0.2866383640625 0.3463860484375 0.2946011515625 0.34141584687500004 0.29410623281250003 0.33724531406249997 0.2967959015625 0.3308173734375 0.29628519999999997 0.3284960984375 0.29476032343749997 0.32471985625 0.29516053593749997
0 0.2691230234375 0.2918237203125 0.259918421875 0.2956939625 0.2599878328125 0.297900215625 0.26482198437500004 0.295923496875 0.27343791875 0.2974283109375 0.28416413125 0.2918983625 0.2818400859375 0.28843261249999996 0.2709750546875 0.2895500515625 0.2691230234375 0.2918237203125
0 0.2679958421875 0.244878409375 0.24554938124999998 0.2558393203125 0.22428579062499998 0.2599318671875 0.2094501421875 0.2645351171875 0.2048131359375 0.2653671109375 0.2007703375 0.26470579375000003 0.192368171875 0.2737014921875 0.1917128671875 0.2788111640625 0.19503095312500002 0.2823758953125 0.20517126874999997 0.284161875 0.22703460937500003 0.2824577640625 0.2687676609375 0.2749698296875 0.29101975 0.26709451875 0.302934375 0.2585779546875 0.3055111203125 0.2534008671875 0.3031843046875 0.2479942453125 0.3047697796875 0.24465904843750003 0.3031121234375 0.24384711874999998 0.3021874953125 0.245954390625 0.2903950609375 0.2472382265625 0.28092390312500004 0.25004693906250003 0.275620509375 0.2482251109375 0.27845826875 0.24022780781250003 0.275870440625 0.2376414046875 0.2679958421875 0.244878409375
0 0.337734225 0.22154942812499998 0.33764818750000003 0.20769793593750002 0.33645423124999996 0.2068028078125 0.332744625 0.2074684015625 0.3314312484375 0.21574687187500002 0.32302076875 0.21891995 0.3184531734375 0.221958196875 0.31462137343749996 0.2298565171875 0.3045587796875 0.2360994109375 0.30370355937500004 0.2404129375 0.309143003125 0.2447064015625 0.3159041375 0.24654401250000002 0.3274994234375 0.24640490312500002 0.341085559375 0.24840463281249997 0.355662965625 0.248562475 0.384678959375 0.244465646875 0.388519071875 0.24238994374999998 0.40554271562500005 0.23878080625 0.412492684375 0.233651071875 0.4138116046875 0.22925434843749998 0.40678114374999996 0.22441433593750001 0.39624099375 0.22103606406249998 0.39187054374999997 0.2229295859375 0.38583966406250003 0.22207030312499998 0.37590480625 0.2249622140625 0.3584813296875 0.22697906093750003 0.3462196546875 0.22446435 0.342179625 0.2257439078125 0.337734225 0.22154942812499998
0 0.48075115625000003 0.19477932343749998 0.47512011093749995 0.1955123328125 0.4596263875 0.2032843828125 0.4555197203125 0.20429855625 0.45194062187500006 0.2035540421875 0.44790059375 0.2048336 0.44292762343750003 0.20239781093749998 0.44133106250000004 0.1979695171875 0.4427832625 0.1941035546875 0.4403953484375 0.192313296875 0.436158175 0.1947375796875 0.43358420156250005 0.201855540625 0.4280225640625 0.20479480625000002 0.418351490625 0.206807371875 0.4172963546875 0.21032475156250002 0.4190261921875 0.21528380781249998 0.42333831718750004 0.218947525 0.4414364953125 0.2254071171875 0.46628472500000007 0.2259408296875 0.48715679375 0.22607860781250003 0.5207403828125 0.2189435328125 0.532793828125 0.2148394796875 0.5377584859375 0.21145265000000002 0.5408655718750001 0.20645774687500001 0.5375502562500001 0.2048338859375 0.537083784375 0.2029762125 0.522828490625 0.196381790625 0.5137516234375 0.1969010484375 0.5002987625 0.19543208125 0.49651697656250005 0.191950546875 0.495128646875 0.19414101875 0.4896975171875 0.19567017343749998 0.48075115625000003 0.19477932343749998
0 0.6227740500000001 0.1679102375 0.5892570984375001 0.17531069375 0.5771314734375 0.175267621875 0.57410215625 0.17285287656249998 0.5733469171875 0.1698452140625 0.5744631484375 0.1627114703125 0.5773758609375 0.160802165625 0.570153796875 0.1609886265625 0.5655306437500001 0.171524984375 0.55765881875 0.1807028625 0.5599245374999999 0.1897258484375 0.56536398125 0.19401931249999999 0.582992915625 0.19668035625 0.63579923125 0.1946937484375 0.6722316640625 0.187324859375 0.68183055625 0.181165165625 0.6740670703125 0.173405953125 0.6677696328125 0.1714851453125 0.662727253125 0.1668431 0.65305618125 0.168855665625 0.6486135484375 0.16660206093750002 0.6354327843750001 0.170076365625 0.62986560625 0.1691338859375 0.632964378125 0.1583163625 0.6391202218750001 0.1538837890625 0.6317010125 0.1552149765625 0.6257450859375 0.1604436953125 0.6227740500000001 0.1679102375
0 0.12956799531250002 0.5157150703125 0.1260527640625 0.513295065625 0.1144630203125 0.5173159218750001 0.1074491859375 0.524121146875 0.104475378125 0.5296468140624999 0.10732976406250001 0.533294746875 0.11415753749999999 0.5353977390625 0.140133084375 0.5365611984374999 0.1735861671875 0.53083623125 0.2008056828125 0.521514965625 0.2105378546875 0.515886034375 0.2163577328125 0.50818568125 0.21025744375 0.5051201421875 0.19554953125000002 0.5063724109375001 0.19169833593750002 0.500684621875 0.19090698281250001 0.5033226578125001 0.18792763437499999 0.5049665812499999 0.1801780015625 0.506911734375 0.1758047796875 0.5068643796875001 0.151961675 0.5141931421875 0.1379840171875 0.5164237390624999 0.12956799531250002 0.5157150703125
0 0.1149240859375 0.4689762828125 0.1108174203125 0.46999045937500006 0.0955236125 0.478558653125 0.1105730328125 0.4844559140625 0.1212409171875 0.48448320312500004 0.1295930703125 0.48686736093749994 0.1799531453125 0.48864773125000005 0.185120490625 0.487997921875 0.2030687671875 0.48228151406249997 0.220350653125 0.4739112859375 0.2192844328125 0.4696651734375 0.212392790625 0.46923767187500004 0.205034678125 0.46695249843750003 0.198798340625 0.46141532500000004 0.1946916765625 0.4624295 0.1728894328125 0.4605172484375 0.14427327343750002 0.46620636718749997 0.1414216609375 0.46449930781250004 0.1290988875 0.46560096093750003 0.1204246265625 0.4696533828125 0.1149240859375 0.4689762828125
0 0.1315035625 0.432720890625 0.1188559109375 0.43831825156250004 0.10229319375000001 0.4399033171875 0.098380903125 0.43783189218749996 0.089242940625 0.44196751562500003 0.084344921875 0.44561972499999997 0.0873325828125 0.4497984234375 0.09740903281249999 0.45325989375000003 0.12199624687499999 0.456613821875 0.13823131093750002 0.45758359375 0.153139140625 0.4571274703125 0.1941419390625 0.44866120781249996 0.195796825 0.4475322640625 0.194244703125 0.4394212609375 0.1963771765625 0.43633459218750004 0.203329915625 0.4331457296875 0.1987567765625 0.4323022328125 0.1917374 0.43522571250000003 0.18796115625 0.43562592499999997 0.1771572234375 0.433126996875 0.167416740625 0.4329333109375 0.16118594375 0.4312778828125 0.15151209999999998 0.43134957656250006 0.1481301453125 0.42946033593750005 0.1315035625 0.432720890625
0 0.17325615 0.3925035 0.168549734375 0.39112923906249997 0.160469678125 0.3936883515625 0.154247196875 0.39785554375 0.14371536093749998 0.40029989062500004 0.129412821875 0.40702619687499997 0.11457717187500001 0.41162944531249995 0.1089461265625 0.412362453125 0.10053010625 0.4116537875 0.0913893734375 0.41384853593750004 0.0858943734375 0.41705318281250003 0.07961079531250001 0.4248367359375 0.09194465 0.4314985734375 0.097445190625 0.43217567343749996 0.133813753125 0.42648227656250004 0.1429572578125 0.4262284 0.1537528796875 0.4229047078125 0.1626298296875 0.4215893015625 0.1692521453125 0.419014403125 0.1758105921875 0.418114996875 0.1841544328125 0.4146765375 0.198581934375 0.40265837812500005 0.2023526359375 0.39837641874999996 0.2008893546875 0.3944788890625 0.199695396875 0.393583759375 0.187442034375 0.39689166875000004 0.17750440625 0.397842709375 0.17325615 0.3925035
0 0.063470215625 0.397225509375 0.07606508281249999 0.40106713125000004 0.1174649453125 0.3922522859375 0.13508279843749998 0.3871498390625 0.149188190625 0.3815682625 0.161963578125 0.37261991875 0.1800451296875 0.36743427500000003 0.1958026375 0.3587828796875 0.1987847578125 0.3590798296875 0.206728765625 0.3540490796875 0.207981046875 0.349386971875 0.1479637515625 0.359323534375 0.130406996875 0.3608096140625 0.068157234375 0.38501366406250004 0.0632647578125 0.39254761875 0.063470215625 0.397225509375
0 0.09028172031250001 0.3341737703125 0.08167132656250001 0.3365507 0.06889316875 0.3435581734375 0.080299621875 0.35038640781249997 0.08580016093750001 0.3510635078125 0.102035225 0.352033278125 0.1076634984375 0.3493593953125 0.115352034375 0.3510306078125 0.1252195625 0.347388096875 0.13595755 0.3501068578125 0.145828540625 0.3488904390625 0.15470271875 0.3456341609375 0.1744308453125 0.3334969546875 0.1742253875 0.32881906562499996 0.16746148125 0.32504058125 0.163479778125 0.3207629015625 0.159173196875 0.3209809296875 0.15301458125 0.3234726296875 0.1432768671875 0.3252198140625 0.1367822890625 0.3244437328125 0.13273671874999998 0.32184154375 0.128760559375 0.3214456109375 0.098564465625 0.33435167187500003 0.09028172031250001 0.3341737703125
0 0.18910550625 0.3089542140625 0.1874561640625 0.31396490312499997 0.19349258281249998 0.31870593125 0.2005202734375 0.32160506875 0.23332359375 0.324871521875 0.2460489671875 0.32730303125 0.26493295781250004 0.32724284375 0.2779832140625 0.32517864531249996 0.3001686625 0.317037953125 0.302617671875 0.3152118484375 0.3005574109375 0.3108667515625 0.26529399531250003 0.301662915625 0.261914815625 0.3017145484375 0.2583329453125 0.2990291578125 0.2526324890625 0.2975559125 0.24230056875 0.30079640625000004 0.23329034062499998 0.301581046875 0.2281868640625 0.300555365625 0.20944169375000002 0.3050280640625 0.194003525 0.305302003125 0.18910550625 0.3089542140625
0 0.49111065 0.2572631234375 0.47024966562500004 0.2648888359375 0.46322751718750005 0.26587144375 0.4480003484375 0.2747050203125 0.43554707031250006 0.27721678125000004 0.43163755156250005 0.27708623125 0.4203115890625 0.2802277421875 0.41448894062499997 0.28598722187500003 0.418939884375 0.29406344687499997 0.42311596093750004 0.295255528125 0.4480280578125 0.294113746875 0.45789905 0.29289732812499997 0.4885671578125 0.285730684375 0.4958503171875 0.281927859375 0.501878425 0.28084626875 0.5173055109375 0.2728088390625 0.5248496859375 0.26618579375 0.5261047375000001 0.26346456093750004 0.532329990625 0.2612382421875 0.5325271359375 0.26009351718749996 0.525166253125 0.2558674671875 0.51337105 0.2552104296875 0.5076705953125 0.2537371859375 0.5022568187500001 0.25581790312499997 0.49111065 0.2572631234375
0 0.5685986656249999 0.23198898906249998 0.569270596875 0.23852455625000002 0.5671547796875 0.24167757031249998 0.5602048109375 0.246807303125 0.5622650734375 0.25115239843750004 0.5688957015625 0.2544001171875 0.5765175984375001 0.25580594687499997 0.6271386859375 0.2547661015625 0.6499932937499999 0.25122009843750004 0.6725119375 0.24440631562499998 0.6837684875 0.23905855312500002 0.688200034375 0.23354866875 0.688130625 0.2313424140625 0.6763937484375 0.225128140625 0.6679805 0.226360346875 0.64677800625 0.22683652968749998 0.6290907453125001 0.2297327203125 0.6176926046875 0.228727103125 0.5934524375 0.236404446875 0.5781364625000001 0.229445659375 0.5701202734375 0.2303292828125 0.5685986656249999 0.23198898906249998
0 0.267226115625 0.4483056859375 0.29161064375 0.44892259687499997 0.29783866875 0.44863715 0.3082372265625 0.4456620421875 0.339571721875 0.44114921718750005 0.3459247125 0.4355719171875 0.3463856421875 0.4335478453125 0.326293840625 0.423008540625 0.29270193906249997 0.42432099687499997 0.26812580625 0.42873055937500004 0.2612341640625 0.42830305781250005 0.2522850359375 0.4254713359375 0.2346644109375 0.4286329078125 0.23103807187499997 0.4412091203125 0.23627759843749999 0.44470643593750003 0.267226115625 0.4483056859375
0 0.23375377187500002 0.3941289765625 0.22958323749999998 0.39681864375 0.22528496874999998 0.40285929375 0.22529050781249998 0.4067410359375 0.2289390171875 0.40969180625 0.23311509375 0.410883884375 0.2441134015625 0.4102972109375 0.2535901015625 0.41137024375 0.255381034375 0.4127129390625 0.2591892140625 0.41147498125000004 0.269428103125 0.412688596875 0.2792990921875 0.4114721765625 0.2943402 0.41154681875000004 0.31712816718750003 0.40773543593749995 0.330639353125 0.4036471671875 0.33427954843749996 0.4007753171875 0.3347377046875 0.396810371875 0.33214710625 0.3922830953125 0.32671320625 0.391871378125 0.32425865468750004 0.3898157375 0.318691478125 0.38887325625 0.28695160625 0.38791204218750003 0.2738347109375 0.38971085781250003 0.2663460921875 0.3888357921875 0.26117874531249996 0.3894856015625 0.2503164859375 0.3925439109375 0.23375377187500002 0.3941289765625
0 0.240862090625 0.360682296875 0.23106328125000003 0.36604584375 0.22497684687500002 0.372684671875 0.227170384375 0.3775605296875 0.2379076796875 0.3797940734375 0.25009717343750004 0.3781616578125 0.25990429531250003 0.3786207265625 0.2760033109375 0.37711886093749997 0.30117642031249997 0.3731568640625 0.32104336718750004 0.36543216875 0.3312364671875 0.357779165625 0.3322916046875 0.354261784375 0.33533759218750003 0.35288324375 0.3338076703125 0.34872033281250003 0.32996478749999997 0.3488551640625 0.3234674375 0.34613820781250004 0.2923300859375 0.3495063046875 0.2864324859375 0.3491777859375 0.27835520156250004 0.353677775 0.27285743125 0.354941546875 0.2616592078125 0.354732075 0.240862090625 0.360682296875
0 0.354329784375 0.3822015296875 0.3465190546875 0.38776304375000004 0.3453334125 0.39269053593750003 0.343017678125 0.39504740312500003 0.3491179671875 0.398112940625 0.3551488453125 0.3989722234375 0.3627679734375 0.39843717968750003 0.36363150625 0.399946271875 0.3923198484375 0.3984042796875 0.4142525953125 0.3989064234375 0.423326690625 0.39644629375 0.4260450265625 0.3976225875 0.4302849703125 0.3971391765625 0.459692484375 0.3888120234375 0.4610808140625 0.386621553125 0.4558357453125 0.3792424890625 0.45311741093749996 0.37806619218750004 0.44251616406250005 0.3783042859375 0.4173319703125 0.37450279218750004 0.4081912359375 0.376697540625 0.3893100171875 0.37869860312500003 0.38487292812499996 0.380326740625 0.37599320625 0.3797012734375 0.354329784375 0.3822015296875
0 0.371564565625 0.3408364640625 0.3656641921875 0.33856707343750003 0.36142702031249996 0.3409913578125 0.3489709703125 0.34156224687500003 0.3405632625 0.3466762 0.3416988921875 0.3531285625 0.34442 0.3562457328125 0.3565456265625 0.35628880625 0.36721905312500003 0.36019784062500004 0.39399149375000003 0.362605009375 0.4094963015625 0.36259645156250003 0.42287698125000006 0.35991829218750004 0.436127153125 0.358650240625 0.445328984375 0.3528391265625 0.44558999843749997 0.350018909375 0.434488984375 0.340547375 0.43350884218749997 0.3347142359375 0.4312542078125 0.333454740625 0.42031976875000004 0.3323659234375 0.41760420312499996 0.3331305015625 0.416149234375 0.335055590625 0.41190928906249996 0.3355390015625 0.40939363906250004 0.33709972499999996 0.39084561562500003 0.340427696875 0.371564565625 0.3408364640625
0 0.50617101875 0.317239440625 0.4996792109375 0.3184042296875 0.48497129687499996 0.31965649687500003 0.47742158124999995 0.3223977953125 0.47343433749999997 0.31423836875 0.47091591718750003 0.313858221875 0.4701939734375 0.318702509375 0.472123728125 0.3244577140625 0.46603175312499995 0.32721479531250003 0.4573547203125 0.3293263453125 0.44469875468750003 0.3291010875 0.4406698109375 0.33814413593750003 0.4417360296875 0.3423902484375 0.45247332656249994 0.3446237921875 0.478512740625 0.3441117609375 0.49891833906249994 0.342391865625 0.5060709937500001 0.3399991484375 0.5160752609375 0.339313490625 0.5266070968750001 0.3368691453125 0.5613069203125 0.32260032656250004 0.5632255890625 0.3205920375 0.5621593687499999 0.3163459265625 0.5564561421875001 0.312931809375 0.5510916531250001 0.314726346875 0.547048853125 0.31406503125 0.5197543859375 0.317298296875 0.5114050015625 0.3168550109375 0.50961406875 0.3155123171875 0.50617101875 0.317239440625
0 0.6441928124999999 0.2725065640625 0.635443596875 0.2704709875 0.6334610609375 0.27415476562499996 0.6282298453124999 0.27648006718749996 0.6247840265625 0.2762663140625 0.6071744875 0.28719137968749997 0.5853139203125 0.2908363625 0.5788942921875 0.29614828125 0.5775087328125 0.300279625 0.578641590625 0.304791115625 0.5895121624999999 0.307555425 0.5936854703125001 0.30680663125 0.6031621687500001 0.307879665625 0.6443648828125 0.300209546875 0.6761575375 0.2917317765625 0.68681988125 0.28787732187500004 0.6894660359375 0.284906490625 0.6861479515625 0.28134175625 0.68660888125 0.2793176859375 0.690712778125 0.2763626375 0.6946806249999999 0.2709359515625 0.693481125 0.266159078125 0.6906961500000001 0.2647174015625 0.68234676875 0.26427411562500003 0.669363153125 0.2666036953125 0.6490297359375 0.2724707171875 0.6441928124999999 0.2725065640625
0 0.2486547046875 0.85294675625 0.27906456875 0.8505412046874999 0.2967518328125 0.8476450140624999 0.312712025 0.841730640625 0.3245627828125 0.8348895671875001 0.328200209375 0.830076846875 0.3260066703125 0.8252009875 0.31268708749999996 0.824262784375 0.306186965625 0.8196049546875 0.27597978749999996 0.8247475265625 0.224967178125 0.8300177015625 0.2152433203125 0.8414692515625 0.21399103749999998 0.8461313562500001 0.2178366921875 0.8479374 0.2332804015625 0.85154520625 0.2486547046875 0.85294675625
0 0.20570288906249998 0.79575614375 0.2044506078125 0.8004182515625 0.19929157343749998 0.806890678125 0.194723978125 0.809928928125 0.1906173109375 0.8109431015625 0.19525708749999998 0.81205198125 0.1973145796875 0.814456203125 0.20480596874999998 0.8172721421875 0.2111672703125 0.8175174609375 0.2236899578125 0.8172119546875001 0.2490602140625 0.8121052296875 0.274824759375 0.804709053125 0.285353825 0.8003238312500001 0.2923759734375 0.799341225 0.2966048328125 0.7910943234375 0.3100410671875 0.78091805 0.3052652421875 0.7773375359375 0.28631184374999996 0.77519146875 0.26710574375 0.7816882390625 0.2448591984375 0.7934452953125 0.2125278921875 0.7959182640625 0.20894602187500003 0.793232875 0.20570288906249998 0.79575614375
0 0.1962706609375 0.779421509375 0.205814 0.7807599265625 0.22098561249999998 0.779424459375 0.2479468875 0.77486428125 0.2728506703125 0.767899884375 0.281591571875 0.76411284375 0.289071878125 0.7591652921875001 0.29582747187499997 0.75712115625 0.29462243125 0.7484625375 0.29017979843749997 0.7462089296875 0.283024375 0.7466607734374999 0.2694382375 0.7446610421875001 0.21049270468749998 0.762725459375 0.20479502031250002 0.7631930859375 0.19870304375 0.76595016875 0.1949323421875 0.7702321265625 0.1962706609375 0.779421509375
0 0.20957652499999999 0.724339784375 0.18659418125 0.7312367671875 0.168584809375 0.7405695390625 0.1892652734375 0.7457337890625 0.203578896875 0.746770975 0.20914330312499999 0.7457725843749999 0.2160960421875 0.742583721875 0.248888278125 0.73808668125 0.26703646875 0.7331664203125 0.28471541718750004 0.7244476109375 0.2941199359375 0.7213735171875 0.297096515625 0.717788721875 0.2938422984375 0.712548496875 0.2874115875 0.7100969234375001 0.28323828125 0.7108457171875 0.2707794609375 0.709475734375 0.2656787546875 0.7103909265625 0.228124546875 0.7210118125 0.20957652499999999 0.724339784375
0 0.18097712500000002 0.695358575 0.1791278640625 0.6995731171874999 0.1829096484375 0.7030546515625 0.18774934375000002 0.7049596765625 0.2129974046875 0.7070856796875 0.2375790796875 0.7065578640625 0.255666175 0.7052539640625 0.2683832359375 0.70186285625 0.29082969687500004 0.6909019453125 0.2947336765625 0.687150753125 0.281936121875 0.680572115625 0.275841375 0.6813883234375 0.2627855765625 0.679570775 0.25768486875 0.6804859671875 0.2494743078125 0.684455190625 0.2417913140625 0.686665725 0.21250876562499998 0.6897010234375001 0.1953463 0.6888976515625 0.188127009375 0.6910249875 0.18097712500000002 0.695358575
0 0.18849081875 0.66738593125 0.1837927140625 0.6718342875000001 0.1829374953125 0.6761478125 0.1869858359375 0.680690875 0.1950714328125 0.6820135046875 0.2403141765625 0.67306383125 0.25501654687499997 0.6679298171875 0.282297159375 0.6549921875 0.282946921875 0.6460007703125 0.26995499375 0.64250773125 0.26068098125 0.6441717171875 0.2510126765625 0.64812515625 0.241072278125 0.6471353234375 0.2289577359375 0.654855740625 0.2122700546875 0.6617326609374999 0.2047175703125 0.6625330843749999 0.19934753593750001 0.660445875 0.19100092500000002 0.6619434625 0.18849081875 0.66738593125
0 0.1606133609375 0.6335604328125 0.1549878578125 0.6381751859375 0.1565177796875 0.6423380984375 0.16288185156249999 0.6445242906249999 0.17235578125 0.6436564515625001 0.191506325 0.6446577921875 0.200516553125 0.64387315 0.2343666984375 0.6377996031250001 0.2533034703125 0.6283004328125 0.261180840625 0.6230042984375 0.27329815156250004 0.617224753125 0.2730982359375 0.616428609375 0.26686466875 0.6128323078125 0.25056850937499997 0.6154789 0.23691850468750003 0.6151546609375 0.200225059375 0.6253437671875 0.1923421484375 0.6267581546875001 0.1888296890625 0.6262790218750001 0.181146696875 0.6284895546875 0.1671024 0.6304547703125001 0.1606133609375 0.6335604328125
0 0.1877413015625 0.606505928125 0.201918875 0.605071478125 0.2135808 0.6051977515625 0.22669769374999998 0.603398934375 0.23795424375000002 0.598051171875 0.2545141890625 0.5945252328125 0.26364938125 0.5884487375 0.254305959375 0.58790646875 0.23832913906250003 0.5821756062500001 0.22143322968749998 0.5824337625 0.199439384375 0.5855479828125 0.1788310984375 0.5845308609375001 0.14968737031249998 0.59197866875 0.14485599062500001 0.5958962609375 0.1451280875 0.600839534375 0.1527527546875 0.6041862375 0.1877413015625 0.606505928125
0 0.1165397703125 0.579621815625 0.120851896875 0.5832855312499999 0.1311254921875 0.5856022765625 0.15828667968750001 0.5818382453125001 0.1764348734375 0.5769179828125 0.191798090625 0.57055604375 0.21072932187500001 0.5571751265625 0.21687962343749997 0.548860809375 0.21938418906249998 0.5395365937500001 0.21408356562500003 0.5396556421875001 0.204681815625 0.5446706078125 0.1828240203125 0.550256465625 0.16209908281250002 0.560353815625 0.155143575 0.5616018046875 0.148124196875 0.5645252828125 0.12368411406249999 0.57140648125 0.1165397703125 0.579621815625
0 0.36469650625 0.8210324671875 0.3620475828125 0.8220624265625001 0.34945825468749997 0.8221025515625 0.3437077875 0.8320091609375 0.3449739234375 0.8370514171875 0.3508076578125 0.8390554265624999 0.3537897765625 0.8393523765625 0.399496221875 0.830319503125 0.43684496875 0.8150207249999999 0.44644386249999995 0.80886103125 0.44742404843749994 0.7992556515625 0.45291073125 0.7902283859375 0.44906785156250006 0.790363215625 0.43946895625 0.7965229109374999 0.43158604843750004 0.7979372984374999 0.425022059375 0.7949549609375001 0.42349490625 0.792732921875 0.41912168593750004 0.79268556875 0.408198328125 0.79936024375 0.36469650625 0.8210324671875
0 0.7222846281249999 0.7629738265625 0.724478165625 0.767849684375 0.7315058546875 0.770748821875 0.7712035890625 0.77638365 0.78292938125 0.7748344312500001 0.8022104328124999 0.7744256609375 0.8230103203124999 0.7704163125 0.8394342171875 0.7644187375 0.832334346875 0.757372471875 0.8299408906249999 0.7517004671875 0.825834225 0.7527146421875 0.8168212265625 0.7515584109375 0.8029074359375 0.7521135171875 0.7954188171875 0.7512384484375 0.7891269249999999 0.7531993859375 0.7764737312500001 0.754915003125 0.73863634375 0.7528291234375 0.73591800625 0.7516528296875 0.723273125 0.7591910640624999 0.7222846281249999 0.7629738265625
0 0.772791971875 0.728673759375 0.7686186671875 0.729422553125 0.7506565359375 0.725434596875 0.7402579765625 0.7284097078125 0.7340965921875 0.728960534375 0.7287459562499999 0.7404594359375001 0.73213345 0.746230421875 0.737239696875 0.7491969765625 0.7520197921875 0.7520918359375 0.7644064328125 0.7493146921875 0.77335279375 0.75020554375 0.781302340625 0.7490565359375 0.803162909375 0.7454115531250001 0.807930421875 0.74316945 0.8240266640625 0.7397267125 0.834025390625 0.7351593109375 0.8523568734375001 0.7193899578125 0.8557943796874999 0.7137810890625 0.85499194375 0.7086556328125 0.8534009250000001 0.708109084375 0.8476393734375 0.710252203125 0.8113374484375001 0.7162109828125 0.8031241140625 0.7182393328125001 0.7935890890625 0.7227235375000001 0.779281009375 0.725568096875 0.772791971875 0.728673759375
0 0.7654200046875 0.7166842203125 0.7986787125 0.7140448546875 0.8159022734375 0.7112318625 0.8294106875 0.7052027187500001 0.8466842609375 0.6910098734375001 0.8595929281249999 0.68259229375 0.8617087437500001 0.6794392796875 0.866342978125 0.6766664125 0.8648824656249999 0.6747097578125001 0.7383588390625 0.6976885421875 0.731472740625 0.701142784375 0.7258472359375 0.705757540625 0.7265163953125 0.7103522328125 0.729304140625 0.71373478125 0.7356682140624999 0.7159209734374999 0.7654200046875 0.7166842203125
0 0.7303983421875 0.644758490625 0.7147741125 0.6539406484375 0.714054940625 0.6607258125000001 0.7204884218750001 0.6651182578125 0.7530307281249999 0.6712049265625 0.784045884375 0.67506955625 0.8038572765625001 0.6748429703125 0.8096188296875001 0.6726998515625 0.8273060921875001 0.6698036625 0.8347225296874999 0.6665316015625 0.852407021875 0.6616945359375 0.8499524703124999 0.659638896875 0.8447823515625 0.658347834375 0.8400120703124999 0.6586490640625 0.8317265562499999 0.6565302859375 0.8178766328125 0.6554099 0.80992154375 0.652677159375 0.8000505531250001 0.6538935828125 0.7440538890624999 0.6489644765625 0.7303983421875 0.644758490625
0 0.7336165375 0.6247673671875 0.7254032031250001 0.6267957187500001 0.72381495625 0.62819004375 0.7220323328125 0.6326699671875 0.7230985546875 0.636916078125 0.729134975 0.64165710625 0.742854390625 0.6441876 0.7500764531249999 0.644001140625 0.764062425 0.6475931625 0.7738695484375 0.64805223125 0.780830596875 0.6506859875 0.80508185 0.650772134375 0.83396179375 0.6442036703125 0.851043765625 0.635037296875 0.859257096875 0.6330089453125 0.8693946421875 0.6328540546875 0.8696528859375 0.6280929640624999 0.846928784375 0.63022885625 0.8366538046875001 0.6269416750000001 0.8333148921875001 0.6242589171875 0.8329956 0.6171978499999999 0.8305438171875 0.617083084375 0.75932275625 0.6229284265625 0.75415818125 0.625519109375 0.7420353265624999 0.627416909375 0.7336165375 0.6247673671875
0 0.6916364578125 0.59846431875 0.690517453125 0.6036571921875 0.6942992390625 0.6071387234375 0.7140523046875 0.6124693734375 0.7229375671875 0.6169765875000001 0.7306261046875 0.6186478 0.7517647281250001 0.6198471062500001 0.7630934578125 0.61864646875 0.7754190000000001 0.6194856875 0.7965548546875 0.618744121875 0.800661521875 0.617729946875 0.815627675 0.6117165859375 0.8197288 0.606820665625 0.812770521875 0.6061277828125 0.7962633609374999 0.6002147375 0.7920845140624999 0.5970817859374999 0.790154759375 0.5913265828125 0.7855788484375 0.5885422109375 0.7707404296875 0.5912045874999999 0.7633850890625 0.5908602859375 0.751198365625 0.5944335765625001 0.7042174734375 0.592601575 0.6916364578125 0.59846431875
0 0.74101925625 0.565475378125 0.727299840625 0.5629448828125 0.72119678125 0.557938475 0.7203304765625 0.5544885078124999 0.717481634375 0.5547223234375 0.7049061625 0.5644668125 0.69437986875 0.5707929046875 0.6949185203125 0.57679770625 0.7405860359374999 0.5869081765625 0.7462837203125 0.5864405515625 0.7488660078125 0.585145209375 0.755227309375 0.585390528125 0.7591396031250001 0.5874619515624999 0.767619490625 0.5864951296875 0.7798117546875 0.586803584375 0.7882916437499999 0.5858367624999999 0.7963716984375 0.5832776468749999 0.8164385609375 0.576349096875 0.81968169375 0.5738258296875001 0.820473046875 0.57118779375 0.8141783859375 0.57120785625 0.8115905546875 0.5686214515625 0.7896522640625 0.5642375640624999 0.79368675 0.5590762609375 0.7972630781250001 0.557879903125 0.7903714359375 0.5574524000000001 0.781230703125 0.55964715 0.7693049921874999 0.5604002234375 0.74101925625 0.565475378125
0 0.68146856875 0.530954046875 0.684322953125 0.5346019796875 0.69095358125 0.5378497 0.710895478125 0.5362130015625 0.7287215578125 0.537729321875 0.745947890625 0.5368572015625 0.7825135999999999 0.5300190796875001 0.8035689609375 0.519307765625 0.8050239296875 0.5173826765625 0.804421409375 0.5130533671874999 0.7867230640625 0.5081860671875 0.7852625515625 0.506229409375 0.7810198359375 0.5047719484375001 0.7781709953125 0.5050057625 0.7511430812500001 0.50930055625 0.741474778125 0.5132539953124999 0.6926473953125 0.5175774093750001 0.6899984703125 0.51860736875 0.6818600890625001 0.526723721875 0.68146856875 0.530954046875
0 0.6965404265624999 0.4597471609375 0.69495495 0.46308235781249996 0.68615018125 0.46854489062500004 0.6824461171875 0.4730922296875 0.684772934375 0.4784988515625 0.71479405 0.4822645 0.7369905828125 0.4818872953125 0.7547444828125001 0.4792564890625 0.7772048 0.47799994218749997 0.790518840625 0.47505639843749997 0.8009118562499999 0.46819954375000006 0.798643365625 0.45723568437499995 0.7936731671875 0.4567407671875 0.788766834375 0.454570359375 0.7684917421875 0.454880146875 0.7474280703125 0.4597688390625 0.726955834375 0.46122335468750003 0.7209915953125 0.460629453125 0.7129115374999999 0.46318856718749996 0.7044872062499999 0.45665728124999994 0.6965404265624999 0.4597471609375
0 0.7257036875 0.41956989531250005 0.7166268203125 0.420089153125 0.714710921875 0.42403831406250003 0.7000751890625 0.42943771093749994 0.6903374765625 0.4311848953125 0.6801999296875 0.43133978749999996 0.670387265625 0.42699897187499997 0.6628320078125001 0.42585852500000004 0.6552878328125 0.432481565625 0.6476048390625 0.4346921015625 0.6425152171875 0.443370784375 0.64278454375 0.44637318437499995 0.6470300296875 0.44977151875 0.676451396875 0.451148728125 0.6819491640625001 0.44988495625 0.7027573671875 0.451698225 0.72892451875 0.447835209375 0.7397867765624999 0.4447768984375 0.75905674375 0.43660463906249997 0.772370784375 0.433661096875 0.7754806390625 0.430607065625 0.76845295 0.4277079265625 0.752484440625 0.42779968437499993 0.7434714437500001 0.4266434515625 0.7396896578125001 0.42316191875 0.7407447953124999 0.41964453749999997 0.7388844484375 0.4160955890625 0.7325203765625 0.4139093984375 0.7300074999999999 0.4174109921875 0.7257036875 0.41956989531250005
0 0.7047067890625 0.37840840625 0.7011915578125001 0.3759884015625 0.6969516140625001 0.37647181406249997 0.6921841015625 0.378713915625 0.68072209375 0.3793837875 0.6789394703125 0.3838637125 0.6663584578124999 0.38972645781250004 0.6378117078125001 0.3976218296875 0.633105290625 0.39624756875 0.60900394375 0.40833742187500005 0.606824259375 0.4131659265625 0.6082875421875 0.41706345625 0.613393790625 0.420030009375 0.634529646875 0.41928844375 0.6739441984375001 0.4122165046875 0.70361549375 0.40301000625 0.7119593328125 0.39957154687499996 0.729899296875 0.3880325203125 0.7339393234375 0.3867529625 0.736782625 0.382637403125 0.745989996875 0.3807080375 0.751615503125 0.37609328125 0.76115606875 0.3754908234375 0.7705578171874999 0.37047585625 0.7649906390625001 0.369533375 0.7331952125 0.37607026875 0.71206213125 0.378752709375 0.7047067890625 0.37840840625
0 0.70019751875 0.37588941875000004 0.6926478015625 0.378630715625 0.6806554546875 0.3791184046875 0.6800640171875 0.3825525875 0.677681646875 0.38464407343749996 0.6663584578124999 0.38972645781250004 0.643773178125 0.39627485625 0.6308534265625 0.3969289453125 0.60900394375 0.40833742187500005 0.606824259375 0.4131659265625 0.6082875421875 0.41706345625 0.613393790625 0.420030009375 0.622206875 0.42039009531250005 0.6349933453125 0.41920524375 0.6739441984375001 0.4122165046875 0.70447625625 0.40257822499999996 0.711098571875 0.40000332656250004 0.72235235 0.3927146890625 0.7340059625 0.38701834375 0.735658078125 0.3839485296875 0.746850759375 0.3802762546875 0.7489665750000001 0.37712324062499997 0.76115606875 0.3754908234375 0.7704911796875 0.3702104734375 0.7639965984375 0.369434390625 0.7494247359374999 0.3731582953125 0.7097436265625 0.37916870625 0.70019751875 0.37588941875000004
0 0.632491821875 0.33783920156249997 0.624936565625 0.33669875312499997 0.62175175625 0.33366478593750004 0.6181087921875 0.3345957609375 0.6140715359375 0.337816190625 0.6064551796875 0.34029210781249997 0.6001660578125 0.344193915625 0.60110454375 0.35179100625 0.60382565 0.354908175 0.609262321875 0.3572607671875 0.61549311875 0.35891619375 0.619202721875 0.3582506 0.6214573578125 0.3595100953125 0.6271550421875001 0.3590424671875 0.652658575 0.35446650625 0.6572317140624999 0.3553100046875 0.6753826765625 0.352330615625 0.6826686078125 0.3504686625 0.6935280968749999 0.3454694796875 0.7063784375 0.3426091375 0.7134644515625 0.3399510390625 0.7158468234375001 0.33785955 0.7167603687499999 0.3279887890625 0.7105989828125 0.328539615625 0.6964158671875 0.32609231875 0.6820383796875 0.326730625 0.6510370765625 0.3325703578125 0.632491821875 0.33783920156249997
0 0.5454493859375 0.3540114296875 0.5402848125 0.35660211249999996 0.52160628125 0.3613401921875 0.49974294218750004 0.363044303125 0.49609720468749996 0.36203440625 0.49563627656250003 0.364058478125 0.4903411953125 0.36805927031249996 0.476893878125 0.37047205 0.4710712265625 0.3762315296875 0.4743254453125 0.38147175624999996 0.4796288390625 0.38329358281250003 0.5222976078125 0.38146186718749997 0.5285895 0.3795009296875 0.5478011406250001 0.37688590781250003 0.550780490625 0.375241984375 0.5604543343749999 0.3751702890625 0.5766810875 0.3703174421875 0.5799908578124999 0.3680595578125 0.5862827515625 0.36609862031249996 0.58859848125 0.3637417515625 0.5781888375 0.358953371875 0.5628145375 0.357551821875 0.5591021625 0.3562765421875 0.5557174390624999 0.35244642812500004 0.5537959984375 0.3525138421875 0.5454493859375 0.3540114296875
0 0.476582309375 0.5699343812500001 0.47128445625 0.5719943 0.43743431250000003 0.578067846875 0.42583902656249994 0.5782069578125 0.4195499046875 0.5821087656249999 0.41936384374999996 0.5910169828125 0.4251309390625 0.5927556093749999 0.42937088125 0.592272196875 0.43792017968749997 0.5935116296875 0.4847622546875 0.590931121875 0.4933087828125 0.5902296812500001 0.49708225468749995 0.5878885953124999 0.521191915625 0.5816213609374999 0.5301966015625 0.5769549734375 0.535752696875 0.5701339640625 0.5295191296875 0.5665376640625001 0.5171269484375001 0.5654330625 0.5120262421875 0.5663482546874999 0.497576571875 0.56283943125 0.50008945 0.5593378375 0.49803473125000003 0.5588744859375 0.48982139687500004 0.5609028375 0.479228465625 0.5669635484375 0.476582309375 0.5699343812500001
0 0.3929802875 0.5361230484374999 0.391328171875 0.539192865625 0.3925249 0.5420288656250001 0.39809761875 0.5468530921875 0.42195735 0.5511695671875 0.44064419375 0.55225410625 0.45747346406249995 0.55173056875 0.470987421875 0.5495831734375 0.47966722656250005 0.5494124953124999 0.49516649218750003 0.5455221921875 0.50609261875 0.5407883906250001 0.515161171875 0.5344465125 0.5109156859375 0.5310481796875 0.49911771250000003 0.52845026875 0.478179003125 0.528047109375 0.4732782140625 0.5297584484375 0.45976148749999995 0.5299649718749999 0.45558263906249996 0.5268320203125 0.41504077187500005 0.5332742109375 0.4056973484375 0.532731940625 0.3929802875 0.5361230484374999
0 0.389162478125 0.5074101703125 0.3790971140625 0.5117121906250001 0.3748571703125 0.5121956015625 0.36465852656250003 0.5159668578125001 0.3632035578125 0.5178919484375 0.3642697765625 0.522138059375 0.368118203125 0.5258849734375 0.3841561203125 0.5279994718750001 0.44158835781250005 0.5174173796875 0.44834395000000005 0.51537324375 0.45013072656249997 0.5138046296875001 0.46033352812499995 0.5129446828125 0.4684108109375 0.50844469375 0.47337824062499995 0.5069987375 0.476951796875 0.50386150625 0.482774446875 0.4981020265625 0.4832298328125 0.49219620781250006 0.4699768890625 0.4915233859375 0.461294315625 0.4897531921875 0.4426130125 0.49255039843750004 0.40810756562500006 0.5037336171875 0.389162478125 0.5074101703125
0 0.37353838437500003 0.4702767625 0.3700925625 0.4700630109375 0.36273167968750003 0.46583696249999995 0.3584917359375 0.4663203734375 0.3508864640625 0.47655978125000004 0.35162226093750004 0.4814198546875 0.3566618703125 0.484121028125 0.3940355578125 0.486290103125 0.4144411578125 0.484570209375 0.4344469203125 0.4812580203125 0.4713375125 0.4699241890625 0.47643544843749996 0.46706812343750004 0.47722402812500003 0.46248921562499995 0.47277862812500004 0.458294734375 0.454955315625 0.45871928906250004 0.446403246875 0.45553898593750003 0.441699603125 0.4561055953125 0.43632956875 0.4540183875 0.4291769140625 0.45641110312500005 0.419239284375 0.45736214375 0.396717871875 0.462235053125 0.385858384375 0.4672342359375 0.37353838437500003 0.4702767625
0 0.3691763828125 0.4316773359375 0.367452084375 0.43060002343750003 0.36061133437500004 0.43487814843750006 0.35566519531249996 0.43576560625000005 0.3498425453125 0.4415250890625 0.35065052343750003 0.450532290625 0.3805383640625 0.45376717343750006 0.3907425484375 0.4538776609375 0.402932040625 0.4522452453125 0.40796888124999997 0.4530055421875 0.4425437375 0.4440285796875 0.4657870953125 0.434311378125 0.467966778125 0.42948287343749997 0.46597315625 0.42540315937499995 0.456962928125 0.4261878015625 0.44794992968749997 0.42503156875 0.4442986515625 0.4201399265625 0.4415803140625 0.41896363281250004 0.43376404375 0.42064340156249996 0.4269445828125 0.424363028125 0.41879788749999997 0.42665675781249995 0.3691763828125 0.4316773359375
0 0.501808609375 0.4175867078125 0.4890915484375 0.420977815625 0.48571790937500003 0.42491119218750006 0.48579286093749996 0.43099919218749994 0.4932203828125 0.435490621875 0.519462484375 0.4377156078125 0.557824671875 0.436101921875 0.575181509375 0.43381969531250003 0.594981815625 0.4258296171875 0.6074267796874999 0.4174952375 0.606685440625 0.4087534171875 0.5901921359375 0.4125447359375 0.5560698937499999 0.4136750125 0.5514995265625 0.4147723859375 0.5492310359375 0.403808528125 0.545590840625 0.406680375 0.546329409375 0.4134813234375 0.5406344953125 0.41588982343750003 0.5271205390625 0.41803722031249996 0.5136010421874999 0.416302871875 0.501808609375 0.4175867078125
0 0.2603925296875 0.5349520765625 0.2511129734375 0.5327343171875001 0.2436993078125 0.53794725 0.242980134375 0.5447324140625 0.2480863828125 0.5476989671875 0.2728041078125 0.5496427875000001 0.2776438 0.5515478140625001 0.28254459062500004 0.549836475 0.2893695921875 0.5499985953125 0.31911307031249997 0.5449392234375 0.3413651578125 0.5370639140625 0.3478514234375 0.5320173796875001 0.3512861609375 0.5244676390625 0.34419183124999997 0.52130311875 0.3211317671875 0.5201712281249999 0.3165614 0.5212686015625 0.313048940625 0.52078946875 0.3015924734375 0.5253410859375001 0.2867540546875 0.5280034640625 0.283771934375 0.5277065125 0.2764221328125 0.5312439578125 0.2650295359375 0.534120084375 0.2603925296875 0.5349520765625
0 0.272182325 0.485411803125 0.26476034375 0.4848021171875 0.2587322359375 0.4858837078125 0.25343438281249997 0.48794362812500003 0.24827258125 0.49247518437500004 0.229930015625 0.5004810453124999 0.2277531015625 0.507250425 0.2297467234375 0.5113301375 0.242138903125 0.5124347390625 0.2547226875 0.508512865625 0.2932126109375 0.5035482 0.319507496875 0.4963342046875 0.32380853906249996 0.4922344296875 0.3306946359375 0.4887801875 0.3369143484375 0.48267212343750004 0.34227606875 0.4789367140625 0.344661209375 0.47878610000000005 0.34525541875 0.4772927921875 0.3380999921875 0.47774463437500003 0.3284900140625 0.4761408359375 0.3061629765625 0.47792814687499996 0.289403115625 0.480657940625 0.272182325 0.485411803125
0 0.5917634875 0.4921363046875 0.5622282359375 0.503814440625 0.552357246875 0.5050308625000001 0.5488475578124999 0.5064926015625 0.5408286 0.505435353125 0.5367885718750001 0.5067149109375 0.52719245 0.514815478125 0.5307104515625001 0.51917635625 0.5368107390625 0.5222418921875 0.5495999828125 0.5229979140625 0.561789475 0.521365496875 0.5755727578125 0.5222204984375 0.58756510625 0.521732809375 0.5935265734375 0.5203858359375 0.6116747671875 0.5154655734375 0.6186275046875 0.5122767125000001 0.630742046875 0.50455629375 0.6451112234374999 0.49809537031250006 0.6478878859375 0.4937144296875 0.6448335843749999 0.48927035312499995 0.6349598234375 0.4885459015625 0.630589371875 0.49043942031250004 0.6175363453125 0.4905627453125 0.6093841078125 0.4889747328125 0.59282139375 0.4905597984375 0.5917634875 0.4921363046875
0 0.5483201249999999 0.461935728125 0.5325570749999999 0.466705375 0.5263929203125 0.4653153296875 0.525129553125 0.46221394531250004 0.5133398921875 0.465438653125 0.49632733125 0.47681128125 0.5003784437500001 0.4832952171875 0.5099245531250001 0.48657450312500006 0.5182072953125 0.4867524078125 0.528011646875 0.48527060468750005 0.54265569375 0.48569382968749997 0.5606761484375 0.4841245484375 0.581609315625 0.48064596249999997 0.6097590015625001 0.47309917031250004 0.6251139078125 0.46091461093749997 0.6314696671875 0.45727818437499995 0.637364496875 0.45566582968749997 0.6351765015625 0.4546717171875 0.6249750875 0.4565021015625 0.6120553375 0.45715619218750003 0.6085428796875 0.4566770578125 0.6033699921875 0.4534451234375 0.5968754109375001 0.452669040625 0.572629703125 0.4564646375 0.5664044484375 0.45869095625 0.5483201249999999 0.461935728125
0 0.33111859374999997 0.7857337234374999 0.3279448734375 0.79046324375 0.327686628125 0.7952243343750001 0.33577499843749997 0.7984878390625 0.35214056875 0.7980475 0.35625000625 0.7989741984375 0.3718853203125 0.79755553125 0.39420958906250003 0.7938273484375 0.4264659421875 0.78526638125 0.4405630234375 0.7738621828125 0.44240674062499996 0.765765896875 0.43908865625000004 0.7622011640624999 0.4249749515625 0.761960125 0.418285996875 0.7642696390625 0.4072876890625 0.7648563125 0.3847024078125 0.7714047140625 0.3764918453125 0.7753739375 0.35608901875 0.77903470625 0.350196959375 0.782587934375 0.340389834375 0.7821288640625 0.33111859374999997 0.7857337234374999
0 0.33543916875 0.748904490625 0.328425334375 0.755709715625 0.3296914703125 0.7607519734375 0.3338036796875 0.76361954375 0.3395041359375 0.7650927890625 0.364482871875 0.764216390625 0.38587974062499997 0.7606546078124999 0.397999821875 0.7568159343749999 0.418269371875 0.752624403125 0.4331661171875 0.744404790625 0.43620933281249996 0.7410853765625001 0.4343489890625 0.7375364281250001 0.42055462343750005 0.7289179328125 0.401281884375 0.7351493203125 0.36418860625 0.7437461359374999 0.361275896875 0.745655440625 0.3520018859375 0.7473194265624999 0.347226059375 0.743738909375 0.3431193921875 0.744753084375 0.33543916875 0.748904490625
0 0.377369503125 0.693956265625 0.35366521875 0.7056975375000001 0.3341925640625 0.7111327796875 0.3225306375 0.7110065062500001 0.32047869218749997 0.71248403125 0.313589821875 0.7139974015624999 0.3102800484375 0.7162552859375 0.306775903125 0.7215987734375 0.30598455156250004 0.7242368078125 0.307978171875 0.7283165203124999 0.3126845875 0.7296907828125 0.3309743703125 0.7311239031250001 0.345482365625 0.7290754890625 0.3887370296875 0.7199278453125 0.3995298796875 0.71466328125 0.4170727796875 0.7034728375 0.42104339687500003 0.699987025 0.42216240312500003 0.6947941531249999 0.42050474531250004 0.6939822234374999 0.41639807968750003 0.6949963984374999 0.398044428125 0.6952387703125 0.3939322203125 0.6923712 0.38995883125 0.6939161375 0.38624645625 0.692640859375 0.381079109375 0.6932906703125 0.377369503125 0.693956265625
0 0.337649603125 0.67279445625 0.33282099375 0.678652921875 0.3122904328125 0.6856646703125 0.309644278125 0.688635503125 0.3110464640625 0.696149396875 0.3155557328125 0.6986683859375 0.32105627187499997 0.6993454859375 0.3543094390625 0.692824375 0.38483595625 0.6793043484375 0.38946464999999997 0.6726497375 0.40435862343749995 0.6624892499999999 0.4066605015625 0.65042801875 0.4050667109375 0.6479405984375 0.4018208078125 0.64852299375 0.40116273125 0.6516917921875 0.3959287484375 0.6520762203125 0.3815568 0.6565962703125 0.3756591984375 0.6562677515625001 0.3645331546875 0.6602054078124999 0.3434805671875 0.6728575921875 0.337649603125 0.67279445625
0 0.29210705312499996 0.6573921296874999 0.295028078125 0.66130544375 0.30205576875 0.66420458125 0.31066893281249996 0.6637685234374999 0.334714725 0.659176778125 0.3437915921875 0.6586575203125 0.35292955625 0.6545218984375001 0.36584376406249997 0.6499860640625 0.3706140484375 0.649684834375 0.3793549484375 0.64589779375 0.3941156453125 0.6352065437500001 0.399335775 0.6251177515624999 0.39422675625000003 0.6202103250000001 0.3801185921875 0.62385103125 0.3605098890625 0.6268146375 0.34448582656250004 0.6344045031250001 0.29991501249999997 0.6498897421875001 0.29210705312499996 0.6573921296874999
0 0.29500881562500003 0.6014037703125 0.29037181093750003 0.6022357640625 0.279976021875 0.607151746875 0.278390546875 0.61048694375 0.279326259375 0.6161431625 0.2864205890625 0.6193076828125 0.3195460203125 0.616137553125 0.3487591578125 0.6108959984375 0.36876215156250003 0.605642940625 0.37564825 0.602188696875 0.38583858125 0.592594821875 0.3839782375 0.589045871875 0.37211362187499997 0.5861825796875 0.36754325625 0.58727995625 0.362042715625 0.5866028562500001 0.3511776859375 0.58772029375 0.3391242421875 0.591824346875 0.3307109921875 0.593056553125 0.315083990625 0.6002978375 0.304949215625 0.6023936046875 0.29500881562500003 0.6014037703125
0 0.26216116093749997 0.5670833531249999 0.2645490734375 0.5688736125 0.282841628125 0.5722476046875 0.293442871875 0.5720095125 0.3235861828125 0.5685424328125 0.34167050468750004 0.565297659375 0.3610765234375 0.5595970359375 0.3696813765625 0.5533383578125 0.37656193125000004 0.54600236875 0.3713196359375 0.540564178125 0.3565423125 0.5396101921875001 0.33951589531250004 0.5412784562499999 0.319512903125 0.546531515625 0.29440643125 0.55075889375 0.2891113515625 0.5547596875 0.278710021875 0.555793925 0.273603771875 0.5528273703125001 0.262022340625 0.5626708453125 0.26216116093749997 0.5670833531249999
0 0.449639890625 0.773342925 0.451103171875 0.7772404546875 0.4699288359375 0.782737503125 0.48960972031249994 0.7839210249999999 0.5158462796875 0.7822642656250001 0.52518693125 0.7808656625 0.5510847546875 0.7740002484375 0.56697276875 0.763938746875 0.569485646875 0.76043715 0.5682889203125 0.757601146875 0.5301849765625 0.75445374375 0.522635259375 0.757195040625 0.495476840625 0.76289994375 0.4891127671875 0.7607137500000001 0.4844785328125 0.7634866171875 0.47990816406250003 0.7645839921875 0.45983021874999996 0.7637490515625001 0.45195284999999996 0.7690451828125 0.449639890625 0.773342925
0 0.5237627125000001 0.711509221875 0.5083383984375 0.7214875265625 0.482901503125 0.7263288671875 0.4742855671875 0.724824053125 0.46964024843749996 0.7198334281250001 0.463220621875 0.725145346875 0.4575257046875 0.727553846875 0.4475963890625 0.7343275031250001 0.44773520937500005 0.7387400140625 0.453505075 0.7424195124999999 0.4651031328125 0.7442212765625 0.497639896875 0.7464261999999999 0.5258645375000001 0.7449674078124999 0.545473240625 0.742003803125 0.5550749046875 0.73778498125 0.5643489171875 0.736120996875 0.575538828125 0.7305078484374999 0.5769937984375 0.7285827593749999 0.57784901875 0.724269234375 0.5754583359375001 0.720538103125 0.568236271875 0.7207245640625 0.5555775359374999 0.7185584359375 0.5513986875 0.7154254843750001 0.553181309375 0.710945559375 0.545092940625 0.70768205625 0.5360827125000001 0.7084666953125 0.5237627125000001 0.711509221875
0 0.437536703125 0.6961957046875 0.43688140000000003 0.7013053765625 0.444042365625 0.704735278125 0.48380396562500005 0.708694615625 0.4904984625 0.71026684375 0.501829965625 0.7110070796875 0.5097795140625 0.7098580734375 0.5152134140625 0.7102697906250001 0.5194533578125 0.709786378125 0.5297130984375 0.7023987593750001 0.5381235765625 0.69922568125 0.55586639375 0.68883138125 0.5557275749999999 0.684418871875 0.5540032781249999 0.683341559375 0.527755634375 0.6772348265625 0.496626596875 0.68642554375 0.4856282890625 0.6870122171874999 0.47502981406250006 0.68919118125 0.46038576875 0.688767959375 0.45276387187499995 0.687362128125 0.4419043828125 0.6923613109375 0.437536703125 0.6961957046875
0 0.44835185624999996 0.6601425562500001 0.4441757796875 0.658950478125 0.4341076421875 0.661311625 0.4286848265625 0.6686634 0.42961777031250004 0.672378746875 0.43372997968749993 0.6752463171875001 0.43783941718749997 0.6761730140625 0.4467163671875 0.674857609375 0.4587781234375 0.6765761734375 0.5119037765625001 0.6662121125 0.5310376953125 0.6555682140625 0.5397064171875 0.6476340453125 0.539037259375 0.643039353125 0.536318921875 0.641863059375 0.5273781046875 0.6448539546875 0.51127631875 0.644414946875 0.504717871875 0.6453143531250001 0.4936556953125 0.64757651875 0.479616940625 0.6534234796875 0.456965021875 0.6597064984375 0.44835185624999996 0.6601425562500001
0 0.42071601562499994 0.6099107296875 0.41733960468750003 0.6119032343749999 0.41542647656250004 0.6177932671875 0.416823121875 0.621425415625 0.42729663125000006 0.6245383062500001 0.439952596875 0.6247635625 0.4703735453125 0.6301214984375 0.50807765625 0.6316766125 0.517484946875 0.6305433921875 0.5241072609375 0.62796849375 0.5297272234375 0.6194719921875 0.5258121609375 0.615459696875 0.5205754046875 0.6139032515625 0.5175016625 0.6113115859375 0.515724628125 0.6042347343750001 0.51346999375 0.6029752390625001 0.4721978671875 0.608439103125 0.4616604890625 0.607001703125 0.4582785375 0.6051124625 0.43681780156250005 0.6103497375 0.4248893234375 0.6091619359375 0.42071601562499994 0.6099107296875
0 0.634884059375 0.7603512890624999 0.630710753125 0.7611000828125001 0.625607275 0.760074403125 0.6166664578125001 0.7630652984374999 0.601231059375 0.765280109375 0.5922263734375 0.7699464953125 0.5895829890625001 0.7748582015625 0.5919070343749999 0.7783239484375 0.596813365625 0.78049435625 0.6268983515625 0.7825845140625 0.6374329578125 0.7820810390624999 0.6653244046875 0.7792953375 0.67532313125 0.774727934375 0.6890342328125 0.7714358109375 0.698433209375 0.7644799703125 0.7075073062499999 0.7620198390625 0.7059107453125 0.7575915453125 0.696825565625 0.7522881859375 0.6923218375 0.7536509437500001 0.685960534375 0.753405625 0.6789967125 0.7488309937500001 0.6742292 0.7510730953125 0.6662768796874999 0.7502812296875 0.6617065125 0.751378603125 0.634884059375 0.7603512890624999
0 0.6493255515625 0.711721928125 0.63607815 0.714930853125 0.6312384578125 0.7130258281249999 0.6280619625 0.715814478125 0.61117159375 0.7199543765625 0.58950263125 0.7185728890624999 0.581491984375 0.7233382578125 0.5778545609375 0.72815098125 0.5794538921875 0.734520146875 0.5862150265625 0.7363577578125 0.6184880078125 0.739442028125 0.625182503125 0.74101425625 0.62955295625 0.7391207343749999 0.637502503125 0.7379717296875 0.662611746875 0.7356852234375 0.6816206984375001 0.7303331796875 0.69187766875 0.7210046875 0.6927328890625 0.7166911609375 0.6894869859375 0.71727355625 0.6828563562500001 0.7140258359375 0.6747068921875 0.714378696875 0.6695340046875 0.7111467609375001 0.6601211703125001 0.7083982359375 0.6558839984375 0.7108225203125 0.651641284375 0.7093650593749999 0.6493255515625 0.711721928125
0 0.579959428125 0.6709189109375 0.5690249890625 0.6698300921875 0.5601535796875 0.6750272421875 0.56129198125 0.6834204796875001 0.566331590625 0.6861216531250001 0.5898553578125 0.6871703453125 0.604368896875 0.689003675 0.6297474640625 0.689719571875 0.63789693125 0.6893667109375 0.663797525 0.68444216875 0.6703532015625 0.6816018875000001 0.6847140656249999 0.669318346875 0.6794079015625 0.6655556484375 0.67006725 0.6669542500000001 0.6593965921875 0.6649860890625 0.6406431125000001 0.6636361671875 0.6297114406250001 0.6644882234375 0.61547 0.6675981656250001 0.603344375 0.6675550921875 0.593739940625 0.669833040625 0.5869149375 0.669670921875 0.579959428125 0.6709189109375
0 0.5545365234374999 0.63914905 0.5515043921875 0.6502319562500001 0.5582682953125 0.6540104390625 0.5822557640625 0.65497593125 0.6233335140625 0.65259766875 0.6369141093749999 0.650715653125 0.6438002093749999 0.647261409375 0.65638399375 0.6433395375 0.6651859921875001 0.6359361328124999 0.6652470875 0.6323197703125001 0.6440335125 0.6250324625 0.6148203734375 0.6302740171875 0.6049521546875 0.6334313109374999 0.5922989609375 0.635146928125 0.5842189046875 0.6377060421875 0.5736815281250001 0.63626864375 0.5676534203125 0.637350234375 0.5617558171875 0.637021715625 0.5545365234374999 0.63914905
0 0.6242361125 0.5886478484375 0.6178081718749999 0.58813715 0.608734075 0.59059728125 0.589664025 0.5995656874999999 0.58092589375 0.6052936 0.575097703125 0.6071713359375 0.568217146875 0.6145073265625001 0.5619280234375 0.618409134375 0.5565635328125 0.6202036718749999 0.55192375625 0.6190947921875 0.54742556875 0.6243392921875001 0.55008835 0.6330136984375 0.56824485625 0.633916053125 0.572482028125 0.63149176875 0.5763943203124999 0.6335631953124999 0.5810313265625 0.6327312015625 0.5905608109375 0.6243652515625 0.6122825578125 0.6163077593749999 0.6154618234375 0.6154599828125 0.6214927015625 0.6163192640624999 0.6274430875 0.6072088 0.6487594609375 0.5936772703125001 0.6559732109375 0.587668190625 0.651797134375 0.586476109375 0.646629790625 0.5871259203125 0.6420566515624999 0.5862824234375 0.6242361125 0.5886478484375
0 0.5442964515625001 0.56749165 0.5401953265625 0.572387571875 0.5420584421875 0.5778773937499999 0.5504772359375 0.580526934375 0.56544893125 0.5783953203125 0.579429359375 0.5781055984375 0.6011594203125 0.575870721875 0.613879253125 0.5744204875000001 0.6207653515625 0.5709662437499999 0.6261326140625 0.5711125796875 0.63758908125 0.5665609625 0.6540740734375 0.5569470234375 0.6654639015625 0.5521300234375001 0.668640396875 0.549341371875 0.6688347703125 0.5462557734375 0.5956284000000001 0.553844021875 0.5896030640625 0.5568664859375 0.5841052953125 0.558130259375 0.5535676921875 0.5638867921874999 0.5505855734375 0.5635898421875 0.5442964515625001 0.56749165
0 0.5484254234375 0.53568889375 0.5404841859375 0.5426605171875 0.5407562828125 0.547603790625 0.5483809515625 0.55095049375 0.581112090625 0.5500698171875 0.5949592406249999 0.54924933125 0.6433784796875 0.5375110046875 0.646882625 0.5321675203125 0.6551570546875001 0.52652280625 0.657800440625 0.5216111 0.6459358281250001 0.518747809375 0.6247361078125 0.5211648671875 0.6087675984375001 0.5212566234375 0.604794209375 0.5228015640625 0.6017454515625 0.52223923125 0.590158478125 0.528200959375 0.5770443546874999 0.531940646875 0.5519351125 0.534227153125 0.5484254234375 0.53568889375