0 0.8722775734375 0 0.869196415625 0.006455006250000001 0.8722257578124999 0.04280580625 0.8789135890625 0.05725967656249999 0.8865946859375 0.058958348437499995 0.8935446625000001 0.0491423296875 0.8940972625000001 0.0432404953125 0.887461859375 0.023932646874999998 0.887342846875 0.01232163125 0.8820870765625 0 0.8722775734375 0
0 0.8002799828124999 0 0.7963432218750001 0.00191345625 0.794454471875 0.0070564140624999995 0.7967214953124999 0.0687249609375 0.79989396875 0.06919485625 0.80044656875 0.063293021875 0.8051195578125 0.0606193484375 0.8167042500000001 0.07430260625 0.815301515625 0.0570787359375 0.818683703125 0.038132721875 0.8139441296875001 0.0243414015625 0.8133249453125 0.013778243749999999 0.8029574203125 0 0.8002799828124999 0
0 0.7242066109375 0.037994190625 0.725945153125 0.0580726515625 0.7412690734375 0.08764294218749999 0.7453753062499999 0.0695521328125 0.7404501359375 0.027684803125 0.7324261546875 0.01247205625 0.725476178125 0.022288074999999997 0.7242066109375 0.037994190625
0 0.6659394984375 0.067515671875 0.670402771875 0.0842579078125 0.687101115625 0.0884141265625 0.689147153125 0.0687092359375 0.6922601203125 0.0633736265625 0.689416378125 0.055098834375 0.6762645859374999 0.0280941546875 0.6685310624999999 0.0312494609375 0.6659394984375 0.067515671875
0 0.6061928375 0.017800065625 0.6029155046875 0.0270381234375 0.60785483125 0.090224421875 0.6107510031250001 0.0936452375 0.6143117124999999 0.092115746875 0.618201153125 0.0827813609375 0.62147140625 0.06288381875 0.6212858078125 0.034807809375 0.619054171875 0.026436690625 0.616210428125 0.018161898437499997 0.6114779328125 0.015030065625 0.6061928375 0.017800065625
0 0.5360385015625 0.0520996609375 0.5352237578125 0.0822713828125 0.5360073078125 0.08893209375 0.542299825 0.094725865625 0.548375546875 0.10927606249999999 0.55221255625 0.1047956546875 0.556556815625 0.1099268765625 0.555930553125 0.08870423281249999 0.550340846875 0.0517872078125 0.5446009296875001 0.0400916015625 0.5393158328125 0.042861603124999995 0.5360385015625 0.0520996609375
0 0.4742227234375 0.0724881359375 0.4786406453125 0.1047438359375 0.4878293359375 0.11395842187500001 0.49006097187500003 0.12232954062500001 0.493659953125 0.094627103125 0.48751764687500004 0.0636119125 0.4823374078125 0.056673956250000004 0.47694037656250005 0.058492428124999996 0.4742227234375 0.0724881359375
0 0.40707649687499997 0.1111600765625 0.42289351249999996 0.129023025 0.4258350359375 0.116930375 0.42967204687500005 0.1124499671875 0.42359632343750003 0.0978997703125 0.4212456734375 0.0779176359375 0.41228793281250004 0.081265596875 0.41074206562500004 0.0999226296875 0.40707649687499997 0.1111600765625
0 0.34645662499999996 0.0887179578125 0.345187059375 0.1044240734375 0.337736909375 0.11528794687499999 0.3424169765625 0.123273759375 0.3478281640625 0.1427742609375 0.35878659062499996 0.13523487343750001 0.3627879671875 0.12685201875000002 0.35993714374999997 0.10791774218750001 0.355414365625 0.08536999687499999 0.349569590625 0.0833823453125 0.34645662499999996 0.0887179578125
0 0.2797964140625 0.10502306875 0.2786458625 0.1323402 0.2835639546875 0.16354804375 0.2921193046875 0.14088050000000002 0.2907024125 0.10233765937499999 0.2875823703125 0.097013784375 0.2832976171875 0.097688071875 0.2797964140625 0.10502306875
0 0.2213937046875 0.120059678125 0.22069089375 0.1511829296875 0.222034121875 0.1626012921875 0.223758509375 0.1613607828125 0.23579094218750002 0.1788501609375 0.2345001421875 0.1625778203125 0.2380991265625 0.13487538125 0.2356960484375 0.11974722499999998 0.230403875 0.11185774062500001 0.224058928125 0.11091794531250002 0.2213937046875 0.120059678125
0 0.5426993296875 0.193515825 0.5486036109375 0.201308984375 0.5565751640625 0.2213757078125 0.565480475 0.2228817265625 0.566540325 0.22659151875 0.5666905343749999 0.20137010156250001 0.5620487421875 0.167211340625 0.5585928906250001 0.1590328765625 0.5495232140625 0.1614293046875 0.5426993296875 0.193515825
0 0.48900706562499996 0.2140641578125 0.4953590890625 0.2256634390625 0.5024280796875 0.22745843593749998 0.4996367640625 0.214329665625 0.5003395734375 0.1832064125 0.4940994859375 0.172558665625 0.487642603125 0.170667340625 0.48564191718750005 0.17485876718749999 0.48900706562499996 0.2140641578125
0 0.42304616250000004 0.1886169140625 0.418163459375 0.2107064984375 0.4220075453125 0.21688557656250002 0.42106670937499996 0.2247867984375 0.42609673593749997 0.256946171875 0.430493425 0.257223415625 0.43165813281250004 0.2512252546875 0.43533077656249997 0.25064729531249996 0.43845082187499995 0.25597116875000003 0.4438407765625 0.2434932140625 0.44332645 0.2232221 0.42877900156250004 0.1896530359375 0.42588282812499995 0.186232221875 0.42304616250000004 0.1886169140625
0 0.352319746875 0.202154440625 0.3502142015625 0.21605382187500002 0.35140014218750004 0.2420341171875 0.3584237796875 0.259342578125 0.3639851765625 0.2536216609375 0.3705398390625 0.23514554375 0.3652859390625 0.20108311093750003 0.3618300875 0.1929046453125 0.35804550625 0.192531075 0.352319746875 0.202154440625
0 0.2834420546875 0.23140740312500002 0.290472771875 0.25937535 0.294869459375 0.25965259375 0.3003713484375 0.2481261671875 0.29767781718749997 0.2146299578125 0.2943339 0.20740302187499998 0.288712996875 0.2073184328125 0.2834420546875 0.23140740312500002
0 0.2270739859375 0.23980887968750003 0.2377915015625 0.28851783750000004 0.2432792375 0.255672440625 0.2394734234375 0.22332041406249997 0.2342931859375 0.21638246093750002 0.2307324765625 0.21791195000000002 0.2270739859375 0.23980887968750003
0 0.1711841671875 0.1356832859375 0.167466171875 0.15177470937499998 0.17471368125 0.17098623125 0.179057940625 0.176117453125 0.183118821875 0.1735401046875 0.18806103125 0.15725602968750002 0.1834192390625 0.12309726875 0.1782390015625 0.1161593125 0.1716177546875 0.1181704375 0.1711841671875 0.1356832859375
0 0.1823706578125 0.22017682187499998 0.17536117499999998 0.22418733125 0.17297932968750002 0.24103763125 0.1663127328125 0.2585622171875 0.1828084375 0.29279383124999997 0.187250478125 0.2775576125 0.1948862234375 0.2947697453125 0.1921997671875 0.271933021875 0.1940290109375 0.26098455625 0.19146156718750001 0.249758846875 0.1852739078125 0.23425712031249998 0.184654725 0.2236939609375 0.1823706578125 0.22017682187499998
0 0.4328670578125 0.3144985578125 0.4349938375 0.33257763125 0.43372427187499996 0.348283746875 0.44798126250000003 0.3634847578125 0.4511537375 0.3639546546875 0.45364751718749996 0.348055884375 0.4520209109375 0.3289289546875 0.446445359375 0.3133309015625 0.44065301406249996 0.3064892734375 0.4328670578125 0.3144985578125
0 0.3612434046875 0.3151092890625 0.365608896875 0.352218965625 0.376140815625 0.372851915625 0.37835121875 0.34924457656249996 0.3729329546875 0.319084590625 0.37070131875 0.310713471875 0.3680290171875 0.30919571874999996 0.3612434046875 0.3151092890625
0 0.296202725 0.3398818453125 0.300837440625 0.36338112031250003 0.3094806046875 0.389157025 0.3152517203125 0.3640201984375 0.311669778125 0.3335712328125 0.305817925 0.3209240953125 0.3018094734375 0.3186474640625 0.296202725 0.3398818453125
0 0.2376118484375 0.35588624062499996 0.2423131484375 0.395850509375 0.242977684375 0.39090020625 0.24909875937499998 0.3899369390625 0.2507707171875 0.39355040625000004 0.25460065 0.3784105140625 0.2598262375 0.36983500468749997 0.255191521875 0.3463357296875 0.247832078125 0.3261726796875 0.24076308906250002 0.32437768125 0.2376118484375 0.35588624062499996
0 0.180454903125 0.3522820734375 0.1820885859375 0.3820684890625 0.1871710453125 0.409373884375 0.1916201625 0.4047971515625 0.19700303749999998 0.381659709375 0.19497404062499998 0.3432131953125 0.19129431875 0.3331316703125 0.1860616515625 0.33104769218749996 0.180454903125 0.3522820734375
0 0.1051814171875 0.1363786078125 0.10285200000000001 0.14837493125 0.10520972656250001 0.17901655156250001 0.113510009375 0.1912783796875 0.1247971671875 0.17593409843750002 0.11860242812499999 0.149772884375 0.1115787921875 0.132464425 0.1077942109375 0.13209085468749998 0.1051814171875 0.1363786078125
0 0.7570674687500001 0.4127279046875 0.749505384375 0.42264025 0.75847728125 0.44061126249999993 0.7617758453125 0.46335165937499995 0.7713003421875 0.4754208359375 0.7725174796875 0.4645686984375 0.7778550046875 0.45694471875 0.779796184375 0.446947784375 0.7746088703125 0.42935034375000003 0.7759379421875 0.4194497359375 0.7650177874999999 0.400816175 0.758508475 0.4037788265625 0.7570674687500001 0.4127279046875
0 0.6891104546875 0.4311753859375 0.6881766921875 0.4497360921875 0.6958053609375 0.45628874062499997 0.7041127203124999 0.47921005625 0.7104435125 0.458830878125 0.711825015625 0.4440762921875 0.71031034375 0.4259008921875 0.7014503828125 0.40888141093749997 0.6964415890625 0.40870049531249997 0.6939407281250001 0.41393977812499994 0.6891104546875 0.4311753859375
0 0.6222543546875 0.435381534375 0.6250073953124999 0.474683253125 0.6325170499999999 0.46962488437500005 0.638704709375 0.4851266109375 0.6443185359375 0.4745517171875 0.64285629375 0.45152233906249994 0.6473578390625 0.442091628125 0.64662671875 0.4305769375 0.6486274062499999 0.4263855109375 0.6474556203125 0.4217241859375 0.6402746953125 0.41897765937500003 0.637931121875 0.40965500937500005 0.6328103921875 0.40852256249999996 0.62897338125 0.41300297031250005 0.6222543546875 0.435381534375
0 0.56155406875 0.42798929531249996 0.566360225 0.45824560937500003 0.5722645078124999 0.466038765625 0.5791237812500001 0.487249675 0.5813483390624999 0.4849613078125 0.5829990640625 0.45659631875000006 0.5797005015625001 0.43385592031250003 0.572729290625 0.4116934828125 0.5644360875000001 0.4100911390625 0.56155406875 0.42798929531249996
0 0.49929661718749996 0.4261569328125 0.49919175937500004 0.4358648875 0.507782496875 0.466494771875 0.5102309265625 0.46610946562500005 0.514889759375 0.4421168203125 0.520951328125 0.435348046875 0.5163095359375001 0.4011892875 0.5099050828125 0.394443984375 0.5047319234375001 0.398165515625 0.49929661718749996 0.4261569328125
0 0.44112618125 0.4324037109375 0.43876556874999995 0.48123246562500005 0.441049634375 0.48474960781250004 0.440990128125 0.4789441 0.4452153734375 0.47246430625 0.45223193281249996 0.4791132796875 0.4556736296875 0.465972775 0.45649545312499995 0.44646053906249994 0.4527491453125 0.4199140203125 0.44350802656250005 0.4155534109375 0.43928278125000003 0.42203320624999996 0.44112618125 0.4324037109375
0 0.37283228749999997 0.41892240625 0.3677852203125 0.44491443750000004 0.368852146875 0.4592837171875 0.37448720468749996 0.4806872796875 0.388960990625 0.4871318640625 0.3930218734375 0.4845545171875 0.3896113734375 0.46086258906250005 0.3817971078125 0.4262339328125 0.3772289765625 0.41919965000000003 0.37283228749999997 0.41892240625
0 0.3065603140625 0.43322813125000004 0.308403715625 0.44359863749999995 0.3073650984375 0.47186729843749997 0.31343374375 0.47575800937499996 0.3172254015625 0.486791065625 0.325406671875 0.4874418796875 0.3284006234375 0.470495253125 0.3264452890625 0.4591732171875 0.3184666578125 0.42844700781249995 0.3089492390625 0.42703731562499997 0.3065603140625 0.43322813125000004
0 0.24080974687499998 0.4784644546875 0.257574675 0.4990856671875 0.2622476640625 0.49641199374999995 0.2655179171875 0.47651445 0.2585991390625 0.449498034375 0.253583265625 0.43865763125 0.24735025312499997 0.43866936875 0.24080974687499998 0.4784644546875
0 0.1826000296875 0.481809978125 0.18763005625 0.5139693515625 0.19398208125 0.5255686296875 0.1951467890625 0.51957046875 0.20254450937500001 0.5135605734375 0.20582891874999998 0.514982 0.2067626765625 0.49642129218750003 0.20000118281249998 0.4548429453125 0.19426126875 0.44314733906250003 0.187528084375 0.44420693125 0.1826000296875 0.481809978125
0 0.44877319687500006 0.550405190625 0.447556059375 0.5612573296875001 0.4433308125 0.5677371234375 0.44561487812499995 0.5712542640625 0.44680082031249996 0.597234559375 0.4575041796875 0.624624546875 0.4617889328125 0.623950259375 0.4664024140625 0.615471078125 0.462029846875 0.567701915625 0.4570664015625 0.552007534375 0.45261020781249994 0.5459247828125 0.44877319687500006 0.550405190625
0 0.38040983437500003 0.59992926875 0.38381325624999996 0.6129617109375001 0.39306145312499996 0.62798180625 0.398049015625 0.596184265625 0.4053347984375 0.5892228390625001 0.40588739843750005 0.583321003125 0.38939877031250003 0.559748875 0.3821654171875 0.561856325 0.38040983437500003 0.59992926875
0 0.31872303125 0.5631178703125 0.3162887578125 0.5848221484375 0.32131170781249996 0.6063220375 0.33250816250000004 0.6220046796875 0.3354114140625 0.636084978125 0.3381290671875 0.6220892703125 0.3413015390625 0.6225591671874999 0.3418541390625 0.6166573328125 0.3385555765625 0.5939169343749999 0.328128515625 0.56357603125 0.3227839125 0.5605405234374999 0.31872303125 0.5631178703125
0 0.26475271562499997 0.5813025703125 0.2652146125 0.6064276625 0.2707448125 0.637539178125 0.27685173281250003 0.6152569406249999 0.2750466078125 0.5787134875 0.2721504359375 0.575292671875 0.267253575 0.5760632859375 0.26475271562499997 0.5813025703125
0 0.20448988125 0.5936934984375 0.20015977812500002 0.609881246875 0.198449546875 0.6324407296875 0.2004643875 0.6495682734375 0.22092608125000002 0.62211960625 0.214388459375 0.5824443171875 0.2098203296875 0.575410034375 0.2030347171875 0.58132360625 0.20448988125 0.5936934984375
0 0.463426809375 0.7438665375 0.463381459375 0.7593799999999999 0.4703526671875 0.7815424375 0.4812133140625 0.7943704921875 0.487813328125 0.7603809109374999 0.4784390421875 0.723090315625 0.47348267499999996 0.718055421875 0.46808564218750004 0.7198738921875 0.463426809375 0.7438665375
0 0.394073065625 0.7266754375 0.3959759734375 0.7428514515625 0.39287008437500004 0.758846546875 0.3941013765625 0.769313378125 0.406424265625 0.8051708109375 0.40891097031249996 0.7786125546875 0.41452479531249997 0.7680376609375 0.40798717343749996 0.7283623718750001 0.40391921562500005 0.7202802328125 0.3959618171875 0.7215324796875 0.394073065625 0.7266754375
0 0.3336458671875 0.7429688125 0.3349890953125 0.754387175 0.331830778125 0.7752362500000001 0.3351364203125 0.8086361328124999 0.338025515625 0.8013974609375 0.3466545265625 0.8058543968749999 0.3507154078125 0.8032770499999999 0.354373896875 0.78138011875 0.3474480390625 0.7437042171875 0.341431821875 0.734959528125 0.3371470703125 0.735633815625 0.3336458671875 0.7429688125
0 0.2662162625 0.773932184375 0.2696196859375 0.786964628125 0.2709175625 0.813896453125 0.277381521875 0.8264472625 0.28605588437499996 0.8153907328125 0.287549321875 0.801587678125 0.2948351046875 0.7946262515625 0.28608000312500004 0.7678988140625 0.28178817343749996 0.7579136156249999 0.27644356875 0.7548781078125 0.2662162625 0.773932184375
0 0.2113051109375 0.8000181046874999 0.2134318875 0.8180971781249999 0.2234112046875 0.8446319624999999 0.22789151875 0.80322279375 0.22436200624999997 0.76791985 0.2181289953125 0.7679315875 0.21501602812499998 0.773267196875 0.2113051109375 0.8000181046874999
0 0.796143253125 0.8426940171874999 0.793530459375 0.8469817718750001 0.7927681421874999 0.8722995156250001 0.794894921875 0.890378590625 0.8029259796874999 0.9162508218750001 0.8066581312500001 0.9214783703125 0.8099949687500001 0.9180458203124999 0.8112645359374999 0.9023397031249999 0.8150420374999999 0.8920537875000001 0.8128557531249999 0.8681692062499999 0.806108415625 0.8479098296875 0.80176415625 0.8427786078124999 0.796143253125 0.8426940171874999
0 0.7106660406249999 0.8503305953125 0.7100610109375001 0.8610864062499999 0.7145908671875 0.8942936375 0.722002740625 0.9096027093749999 0.7291312375000001 0.917203215625 0.73508086875 0.9094829109375 0.7358502640625 0.8948246515625 0.7296030984375 0.8735174171875 0.7287600421875 0.861051196875 0.7190116734374999 0.8470789609375 0.713278834375 0.8460428390624999 0.7106660406249999 0.8503305953125
0 0.6436569390625 0.8715363375 0.6402747515625 0.8904823515625001 0.6523142625 0.9186312140625 0.6611147171875 0.9298451875 0.664168175 0.9187040671875 0.6642135265625 0.9031906046874999 0.6586308984375 0.8769330656250001 0.65744495625 0.8509527703125 0.6479275375 0.8495430796875001 0.641089496875 0.8603106281249999 0.6436569390625 0.8715363375
0 0.5895605328125 0.8674505359375001 0.5876788578125 0.883252978125 0.5885289921875 0.9063786828125 0.5967768453125 0.923494490625 0.5980676453125 0.93976683125 0.6049510359375 0.9134858187500001 0.6117366468750001 0.90757225 0.6044891375 0.8883607281250001 0.6042581890625 0.8757981828125001 0.5977942296875 0.8632473718749999 0.5927854359375 0.86306645625 0.5895605328125 0.8674505359375001
0 0.5946500671875 0.9054154171875 0.598210775 0.903885928125 0.6004877640624999 0.8967435828125 0.5983680625 0.8893239953125001 0.5925232874999999 0.88733634375 0.5911417875 0.9020909296875 0.5946500671875 0.9054154171875
0 0.5339111796875 0.8713622828125 0.5354782796875 0.88468370625 0.5334917484374999 0.9101941046875 0.545083515625 0.9345368453124999 0.55486308125 0.9116766484375001 0.552229053125 0.883985946875 0.5443694359375 0.8648707531250001 0.53780061875 0.862027896875 0.5339111796875 0.8713622828125
0 0.47430580468750005 0.8681434203125 0.4725360671875 0.8848973953125 0.47974530312499997 0.9302818625 0.48648556249999997 0.9398817562499999 0.4915850609375 0.909035746875 0.48610021249999996 0.8624107671875001 0.4832040390625 0.8589899546875 0.47769507187500004 0.85985689375 0.47430580468750005 0.8681434203125
0 0.40332256875 0.9112957671874999 0.4057780765625 0.9215699468749999 0.42098298281249996 0.9395292203125001 0.4259776234375 0.91839116875 0.4210141796875 0.9026967875 0.421619209375 0.891940975 0.415207678125 0.8745361875000001 0.4096987109375 0.8754031281250001 0.40332256875 0.9112957671874999
0 0.3432170234375 0.9091247625 0.34389571406249997 0.9254934296874999 0.350643053125 0.9457528078124999 0.356040084375 0.9439343359375 0.3594959359375 0.9521128015625001 0.364871734375 0.9183158765625 0.3630283328125 0.9079453718750001 0.3541612953125 0.8802664046875 0.34659213437499997 0.8795192640625 0.3432170234375 0.9091247625
0 0.277564234375 0.9339936468750001 0.2852070578125 0.961865265625 0.28882727343750003 0.9661412828125 0.2928881546875 0.9635639375 0.2971587515625 0.9415706796875 0.3028320828125 0.9368012921875 0.297756703125 0.9201553812500001 0.2880607625 0.9013291671875001 0.28143951718750004 0.903340290625 0.277564234375 0.9339936468750001
0 0.220347784375 0.9245839703125001 0.21992127187500002 0.9527563062500001 0.23045319062499997 0.9733892546874999 0.2381867171875 0.9702339468750001 0.2411282421875 0.9581412984375 0.23603870625 0.9201764171875 0.230910896875 0.9083844843750001 0.2259021015625 0.9082035671875 0.220347784375 0.9245839703125001
0 0.878055834375 0.8608161828125 0.8949539312500001 0.9143673812499999 0.902575521875 0.91026054375 0.9055765515624999 0.903973403125 0.906950975 0.87855933125 0.9058316171874999 0.869044028125 0.89763619375 0.8470742453125 0.8902838281250001 0.8375706781250001 0.8841627515624999 0.8385339453125 0.878055834375 0.8608161828125
0 0.95550279375 0.6896886015625 0.9563529265625 0.7128143062500001 0.96009215625 0.728701340625 0.9690640515625001 0.74667235 0.9695684437500001 0.7468438796875 0.9715383703124999 0.6984984140625 0.96657315625 0.6831007453125 0.9630648765625001 0.67977625625 0.9576678453125 0.681594728125 0.95550279375 0.6896886015625
0 0.9459517999999999 0.526436915625 0.9379944015625 0.5276891625 0.9351648125 0.540733340625 0.935784 0.5512965000000001 0.9457703953125 0.5884907687500001 0.95934869375 0.5873231125 0.9610064953125 0.5696176078125 0.959163096875 0.5592471031249999 0.9541472234375 0.5484067015625 0.9520799515625 0.536133134375 0.9459517999999999 0.526436915625
0 0.917005 0.40209590312500004 0.9181838640625 0.4174167125 0.9156830046875 0.422655996875 0.9263863656250001 0.450045984375 0.9359108624999999 0.462115159375 0.942196303125 0.45724944531249995 0.9448544484375001 0.43744822968749997 0.9342105937499999 0.4158637515625 0.9333675390625 0.40339753125 0.92440271875 0.39608600781250003 0.920229903125 0.3977118234375 0.917005 0.40209590312500004
0 0.9059807937500001 0.2555515265625 0.8986950109375 0.2625129546875 0.899314196875 0.2730761140625 0.896760909375 0.283169375 0.9056279453125 0.310848340625 0.9137638625 0.32701261875 0.9204375390624999 0.3201475171875 0.9237673 0.30605548125 0.9221931218750001 0.2820745734375 0.91339266875 0.2708606015625 0.9129973546875 0.2622005015625 0.9059807937500001 0.2555515265625
0 0.8360162499999999 0.408056990625 0.8346276703125 0.4121520921875 0.8383810546875001 0.449358096875 0.8494060671874999 0.45828370312500005 0.8591997859375 0.4567424765625 0.8568491359375001 0.4367603421875 0.8475343546874999 0.40527525625000005 0.8423016890625 0.403191278125 0.8360162499999999 0.408056990625
0 0.8203452531250001 0.2748427640625 0.819359065625 0.2982574484375 0.820926165625 0.3115788703125 0.828226103125 0.32593641562500003 0.83902724375 0.3329589609375 0.8406850453124999 0.3152534578125 0.84530560625 0.31743376093750003 0.84446255 0.304967540625 0.837827146875 0.2856596953125 0.8394920265625 0.27861367656249997 0.8373723265624999 0.27119408906250003 0.82618295 0.2661709296875 0.8203452531250001 0.2748427640625
0 0.8489685843749999 0.5261927234375 0.8427426515625 0.5368639468749999 0.850392553125 0.5753950515625 0.863103678125 0.6092530953125 0.8680005375000001 0.60848248125 0.8670455453124999 0.5950647328125 0.8722640578125 0.5758297406249999 0.870308721875 0.5645077046875 0.8619489328125001 0.546440365625 0.8570379171875 0.5258920093749999 0.8489685843749999 0.5261927234375
0 0.8634163765625 0.6886738078125 0.8672292671875 0.7316853203125 0.879873809375 0.7490783703125 0.89389985 0.7517168359374999 0.8898318921874999 0.743634696875 0.8943858671875 0.7293500093749999 0.8934903828125 0.7217377671875 0.8774948468750001 0.6864582953125 0.8758228906250001 0.682844828125 0.8666412781249999 0.684289728125 0.8634163765625 0.6886738078125
0 0.7804531359375 0.7094828 0.7751156109374999 0.7171067765625 0.78932725 0.74782125 0.7899535140625 0.7690438937499999 0.8004046921875 0.7518928781249999 0.800166665625 0.728670846875 0.793964853125 0.6918501499999999 0.780491409375 0.6833098515625 0.7763851765625 0.7014006609375001 0.7804531359375 0.7094828
0 0.7020367937499999 0.705347615625 0.7012673984375 0.720005875 0.7113133 0.7630056515625 0.726735 0.7722085 0.7243843515624999 0.7522263671875 0.7261540906249999 0.7354723937500001 0.7194067515625 0.7152130156250001 0.7215718046874999 0.7071191406249999 0.71304765 0.6929542515625 0.7073148109375 0.69191813125 0.7020367937499999 0.705347615625
0 0.634395359375 0.7237454328124999 0.64403179375 0.7367661390625 0.6476590875 0.7517016421875 0.64856165 0.76997336875 0.6526749609375 0.7625420453125 0.658110265625 0.7345506265624999 0.6647839421875 0.7276855265625 0.6580366046874999 0.7074261484375 0.650736665625 0.693068603125 0.6443917203125 0.6921288109375 0.634395359375 0.7237454328124999
0 0.5860268265624999 0.74201773125 0.600581353125 0.78624628125 0.6093251859375 0.712184371875 0.6064290125 0.70876355625 0.5934557421875 0.6991754 0.5856173578125 0.7120386625 0.5860268265624999 0.74201773125
0 0.5262865031249999 0.7267213109374999 0.520165428125 0.7276845765625 0.5220683359375 0.743860590625 0.531204596875 0.7579291546875 0.5409076140625 0.787414853125 0.54979169375 0.756942415625 0.54453779375 0.72287998125 0.53963385625 0.712991109375 0.5351252343749999 0.7117623359375 0.5262865031249999 0.7267213109374999
0 0.751558265625 0.27306880312500004 0.7451084609375 0.2818369625 0.74250274375 0.296784203125 0.7455250078125 0.3224755171875 0.7568858281249999 0.334255715625 0.76101329375 0.3481433609375 0.7650217453125 0.35041999218750003 0.7688516765625 0.33528009999999997 0.76644151875 0.3094924578125 0.7617543765625 0.290847159375 0.757186246875 0.283812878125 0.7553428453125 0.273442371875 0.751558265625 0.27306880312500004
0 0.68105396875 0.28319483437500004 0.6829710296875 0.32068982031250004 0.6870984953125 0.334577465625 0.69377925 0.3383718515625 0.6965110578125 0.3456951109375 0.703835115625 0.3125607375 0.70020074375 0.2869657484375 0.6887804171874999 0.26938004375 0.683107084375 0.2741494296875 0.68105396875 0.28319483437500004
0 0.619073825 0.307485759375 0.61736359375 0.33004524062499996 0.6290077921874999 0.3495340046875 0.632732865625 0.3441020671875 0.635614884375 0.3262039109375 0.6331381421875 0.283951275 0.622672809375 0.27978332031250003 0.6131624671875 0.289033115625 0.619073825 0.307485759375
0 0.5551241921875001 0.2991356765625 0.55575753125 0.33101780625 0.5584893390625 0.33834106875000003 0.578090934375 0.3565775859375 0.582368609375 0.3452438140625 0.5753903234375 0.312421890625 0.57249415 0.30900107499999996 0.5725990078125001 0.2992931203125 0.5650227703125 0.2878864953125 0.558401521875 0.28989761718749996 0.5551241921875001 0.2991356765625
0 0.49864593749999997 0.3119001734375 0.498883965625 0.3351222046875 0.5023468921875 0.35396015625 0.5064148515625 0.3620422953125 0.5166945890625 0.33813424062499997 0.5137842609375001 0.31339445625 0.5079848375 0.29589334375 0.50286410625 0.2947608953125 0.49864593749999997 0.3119001734375
0 0.7660988015625 0.5503634953125001 0.7635525921874999 0.5711162421875 0.7709049609374999 0.580619809375 0.783668515625 0.609623875 0.7875367203125 0.5683110328125001 0.786641234375 0.56069879375 0.780401146875 0.55005104375 0.7787221109375 0.535778090625 0.7734299375 0.5278886046875 0.7621357015625 0.5325734015625 0.7660988015625 0.5503634953125001
0 0.6851476515625 0.553911325 0.6903873953125 0.5666547875 0.6913423859375001 0.5800725375 0.6977014875 0.6023313015625 0.706890178125 0.6115458874999999 0.707935871875 0.5939367109375 0.7160576375 0.5887820171875 0.7146478234375 0.5608986609375 0.7055115625 0.5468300984375001 0.70600465625 0.53512275625 0.697263709375 0.5297142921875 0.691866678125 0.5315327609375 0.6851476515625 0.553911325
0 0.6319718546875001 0.5390200484375 0.638554828125 0.5631818734375 0.6398456265625 0.5794542125000001 0.6501012453125 0.6030380796875 0.659170921875 0.60064165 0.65810399375 0.5862723703125 0.6600451734375 0.5762754343750001 0.6549102875 0.5538240171875 0.6430946468750001 0.5275782140625 0.6360851640625 0.5315887234375001 0.6319718546875001 0.5390200484375
0 0.5702952515625 0.5739238046875 0.5857906140625 0.61025113125 0.589680053125 0.6009167468750001 0.5918380265625001 0.5821633875 0.5900329 0.5456199328125 0.581956490625 0.5352611625 0.5746112 0.5364170828125 0.570333525 0.5477508546875 0.5702952515625 0.5739238046875
0 0.50310763125 0.577713025 0.5042794171875 0.582374346875 0.5149686234375 0.5884453640625 0.51954383125 0.6061391296875 0.5237166484375 0.6045133140625001 0.526598665625 0.5866151578125 0.5239646375 0.5589244546875001 0.5199491078125 0.5459883390625 0.51582871875 0.5427601765625 0.50310763125 0.577713025
0 0.8829857390625 0.155471675 0.8899045203125 0.1824880921875 0.8938605421875 0.1896187 0.9108946937500001 0.1966295078125 0.908372603125 0.1698903359375 0.9022444515625001 0.16019411875 0.8987290921875 0.1462101453125 0.8878160156250001 0.13823606875 0.8829786609375001 0.14481218906249999 0.8829857390625 0.155471675
0 0.8198125781250001 0.1431228171875 0.8161923625 0.1388468015625 0.8107953296874999 0.1406652703125 0.8078538078124999 0.15275791875 0.8142794921875 0.191481678125 0.8131218609375 0.20813932343750002 0.8165182062499999 0.21051228125 0.8280292359375 0.197071059375 0.8355983968749999 0.1978182 0.8330763046874999 0.1710790296875 0.8295609453124999 0.15709505625 0.8233803640625 0.1522528140625 0.8198125781250001 0.1431228171875
0 0.7346701312499999 0.1507067140625 0.73764704375 0.1919114921875 0.745901975 0.21968678437500003 0.748738640625 0.21730209218750002 0.7534711359374999 0.22043392499999998 0.7560244234375 0.2103406640625 0.7608688531250001 0.214424028125 0.7618691984375 0.2123283140625 0.7551077046875 0.170749965625 0.7465764734375 0.145925590625 0.7372829265624999 0.146418959375 0.7346701312499999 0.1507067140625
0 0.6732425875 0.16909580156249998 0.6823334984375 0.1986778296875 0.6980980828125001 0.2213947546875 0.6910532140625001 0.1721078375 0.6923298578125 0.1670612078125 0.686649446875 0.1611711078125 0.68263391875 0.14823499375 0.6765128421875 0.149198259375 0.6740119828125 0.15443754375000002 0.6732425875 0.16909580156249998
0 0.613367990625 0.17948734375 0.614658790625 0.1957596828125 0.6295349671875 0.22152385312499998 0.6355228734375 0.1876306015625 0.6288874718749999 0.168322753125 0.63060478125 0.15642275781249998 0.6242003281249999 0.1496774546875 0.6186913609375 0.1505443953125 0.613367990625 0.17948734375
0 0.04659761875 0.16304248906250002 0.0417078375 0.17447258906250002 0.0415505484375 0.189034521875 0.04852175625 0.2111969578125 0.059577967187500004 0.18329013125 0.058108646875 0.1496012671875 0.052480667187499996 0.13885719218749998 0.048808021875 0.1394351515625 0.04659761875 0.16304248906250002
0 0 0.3099914828125 0.0043422750000000005 0.30731080781250003 0.0097846578125 0.28997887499999997 0.0065456015625 0.273043984375 0 0.25781525156249996 0 0.3099914828125
0 0 0.41416728437500006 0.0146403609375 0.3948515859375 0.0087219234375 0.3657394578125 0.0054899421875 0.3594640515625 0.0005930828125 0.3602346640625 0 0.36213091875000003 0 0.41416728437500006
0 0 0.5136279703125 0.0011994187499999999 0.5190790890625 0.013822728125 0.5044936843750001 0.009845471875000001 0.46538461875000003 0.0019405046875 0.4617828890625 0 0.46584823281250004 0 0.5136279703125
0 0.0116094375 0.607571396875 0.0143100515625 0.65172709375 0.012869042187499999 0.6606761703124999 0.0156079296875 0.67865891875 0.01804928125 0.667614125 0.0259471703125 0.660556371875 0.03289006875 0.6400808687499999 0.024187395312500002 0.6084994546875 0.0190071578125 0.6015615000000001 0.0147224046875 0.6022357859375 0.0116094375 0.607571396875
0 0.028921196875 0.781231525 0.0319717734375 0.8495607812499999 0.046753054687500004 0.8162220171874999 0.041387218749999996 0.7812080531250001 0.035706809374999995 0.7753179546875 0.030809950000000003 0.7760885671875 0.028921196875 0.781231525
0 0.053903754687500006 1 0.0641172421875 0.9850281671875001 0.06204289375000001 0.9620951156249999 0.0503986953125 0.9426063515624999 0.043665512499999996 0.9436659453124999 0.039163967187499996 0.95309665625 0.0423359125 1 0.053903754687500006 1
0 0.121173121875 1 0.12655220625000002 0.97520285 0.12392525624999999 0.9581716328125 0.11784245468750001 0.9329619515625 0.1137220671875 0.9297337906250001 0.10599561875 0.9435485828125 0.10256099999999999 0.9673485734374999 0.1133808515625 1 0.121173121875 1
0 0.178605459375 0.9195231671874999 0.17387296562500001 0.91639133125 0.1679757609375 0.9192576593749999 0.1642053359375 0.940203059375 0.16589145 0.9651354984375 0.1688542078125 0.9850213046875 0.173257971875 0.995958034375 0.181813321875 0.9732904906250001 0.1881058390625 0.9790842609375 0.189935084375 0.968135796875 0.1879797484375 0.9568137609375 0.182740003125 0.9440702984374999 0.1823971171875 0.9305562234375 0.178605459375 0.9195231671874999
0 0.15830682499999998 0.77346915 0.1561035 0.8077359734374999 0.16419406718750001 0.8394137140625 0.1639772734375 0.8481701390625 0.1677618546875 0.8485437078125001 0.175593159375 0.8250209625 0.17691515468750002 0.8044608671875 0.1730639890625 0.7876223046875 0.167876675 0.7700248640625 0.1627559421875 0.768892415625 0.15830682499999998 0.77346915
0 0.1406663375 0.607613915625 0.135769478125 0.6083845296875 0.1379557625 0.6322691109374999 0.14330744374999999 0.6459641031250001 0.1422617484375 0.6635732796875 0.149047359375 0.6576597109375 0.1588269234375 0.6347995125 0.1549091734375 0.60149595625 0.151229453125 0.5914144296875 0.144660634375 0.5885715765625 0.1406663375 0.607613915625
0 0.1284189875 0.4903363859375 0.1335609515625 0.5234472890624999 0.13673342500000002 0.5239171859375 0.14628911875 0.499153928125 0.1425881625 0.457093946875 0.1345117515625 0.44673517812499997 0.1275093453125 0.4614051734375 0.1284189875 0.4903363859375
0 0.12252856406249998 0.3633361640625 0.1226546546875 0.3856066640625 0.1310144453125 0.403674003125 0.1379049125 0.3880524765625 0.1394507796875 0.36939544375 0.137271571875 0.35617034687500004 0.1329797421875 0.3461851484375 0.127970946875 0.34600423125 0.12252856406249998 0.3633361640625
0 0.11456697499999999 0.2744585484375 0.12220271875 0.291670684375 0.13354230625000002 0.2714724234375 0.12606384843750001 0.23969835625 0.11977133124999999 0.23390458593750002 0.11376927031249999 0.2464788671875 0.11456697499999999 0.2744585484375
0 0.051058004687500005 0.2592551015625 0.045734635937500004 0.28819805 0.051474551562500005 0.2998936578125 0.055147196875000006 0.29931569687500004 0.06320945156249999 0.2883554953125 0.06815166406249999 0.27207141875 0.0669203703125 0.26160458593749997 0.056500387500000006 0.24192316875 0.0492146046875 0.24888459687500003 0.051058004687500005 0.2592551015625
0 0.04940439375 0.367090465625 0.0548609328125 0.3710775046875 0.05681627031249999 0.382399540625 0.05493459375 0.39820198281249997 0.0655784484375 0.41978646093750005 0.06651928593749999 0.4118852390625 0.0789187234375 0.3953967734375 0.07429108437500001 0.38255698437499996 0.0721048 0.35867240312500004 0.0671484328125 0.353637509375 0.0573547140625 0.355178734375 0.04940439375 0.367090465625
0 0.0646064171875 0.46452011562499995 0.060395325 0.49231888125 0.069486234375 0.521900909375 0.07315888125 0.5213229484374999 0.074211653125 0.5143732562500001 0.083774425 0.500269484375 0.0801924828125 0.46982051875 0.07384045781250001 0.4582212390625 0.068331490625 0.459088178125 0.0646064171875 0.46452011562499995
0 0.081477509375 0.645033609375 0.0871720734375 0.672242678125 0.09566791718749999 0.6437696265625 0.09141436093750001 0.6076114796875001 0.08512184375000001 0.6018177078125 0.0801201265625 0.6122962765625 0.081477509375 0.645033609375
0 0.093227871875 0.8244146546875 0.09569045781249999 0.8453483187499999 0.0978625875 0.8479139296874999 0.10353591718749999 0.84314454375 0.1100381515625 0.8295224046874999 0.10772577812499999 0.7833673218749999 0.10015661406250001 0.7826201796875 0.0930947046875 0.79148466875 0.093227871875 0.8244146546875