0 0.8553258375 0 0.8607105921875 0.016302984375 0.884951265625 0.0270132359375 0.882984240625 0.0187343546875 0.8782349828125 0.01433583125 0.8704067312499999 0 0.8553258375 0
0 0.7827532921875 0 0.787362709375 0.019400278125 0.8012212859375 0.039866535937499996 0.8052184453125 0.038872410937500004 0.8047503578124999 0.030220729687499996 0.8114245625000001 0.029357903125 0.8094575374999999 0.021079021875 0.8051027375 0.0205678953125 0.8001378421875 0.01303460625 0.799838190625 0 0.7827532921875 0
0 0.69953344375 0 0.701197615625 0.015323015625 0.70930764375 0.03163928125 0.71473536875 0.0366661640625 0.7201578296875 0.030534954687499997 0.7206522140625 0.019252603125 0.726469134375 0.017008789062499998 0.7174039249999999 0 0.69953344375 0
0 0.8736330015625 0.0951903546875 0.8786084171875 0.1250398203125 0.887612546875 0.14511921562500002 0.90049813125 0.1458999703125 0.9032803625 0.142019609375 0.893944884375 0.10050092968749999 0.8873706078125 0.08619400625 0.8773777078125 0.08867931875 0.8736330015625 0.0951903546875
0 0.8135230796874999 0.0894155671875 0.8080585390625 0.0820065421875 0.8009583203125 0.08775791875 0.7983917265625 0.0947730515625 0.797686965625 0.11407872187500001 0.8030883937500001 0.13903963749999998 0.815269215625 0.15912606406250002 0.817446615625 0.1593816265625 0.818372275 0.1543688109375 0.8155479625 0.14470894375 0.816541990625 0.133302325 0.814822159375 0.11938226406250001 0.8184248625 0.11450074531250001 0.8243154125000001 0.11702121875 0.8230636703125 0.1117528390625 0.8193505203125 0.109487928125 0.8155637359375 0.102458734375 0.8135230796874999 0.0894155671875
0 0.7248796953125 0.10922089531250001 0.725957878125 0.1248947359375 0.731033221875 0.13957445468750002 0.7339679796875 0.15638075 0.7434349390625 0.1739537375 0.7451126968749999 0.17433356718749998 0.7481421218750001 0.164812028125 0.7461330187499999 0.1429929140625 0.7527335921875 0.137365803125 0.748909990625 0.12795446562499999 0.7365135328125 0.10473326875 0.728303578125 0.10358674999999999 0.7248796953125 0.10922089531250001
0 0.9016709890625 0.21097044843749999 0.9092182624999999 0.24496287187500002 0.9170390218750001 0.2533800828125 0.9241024250000001 0.24524656406249998 0.9289568703125 0.2456334234375 0.9197633968750001 0.20248522656249998 0.9146196812499999 0.1941993140625 0.9120846406249999 0.1924384984375 0.9044479609374999 0.1959319984375 0.9016709890625 0.21097044843749999
0 0.8217120093749999 0.1973786796875 0.8285124484375 0.23713654375 0.8357967468749999 0.243295878125 0.8454057109375 0.2592393484375 0.848256315625 0.24896518437499998 0.8482773484375 0.2178730640625 0.8389839484375001 0.189894615625 0.8285597750000001 0.1861103890625 0.823563325 0.187353046875 0.8217120093749999 0.1973786796875
0 0.744230225 0.21425770000000002 0.7418108937500001 0.2308014015625 0.7451716640625 0.24271914843750003 0.7460710265625 0.25764036562500003 0.7531396906250001 0.2606649328125 0.7584990421875 0.2720856140625 0.7636374953125 0.2692134421875 0.7641213578125 0.2356149125 0.7582991781249999 0.22670063749999997 0.756437340625 0.21441009531250002 0.7523297328125 0.2082577921875 0.7473332828125 0.2095004484375 0.744230225 0.21425770000000002
0 0.62325878125 0 0.6239209453125001 0.013020629687499998 0.6355390109375 0.050783212499999994 0.6426444890624999 0.0561899234375 0.6487191218749999 0.070621109375 0.650496803125 0.0558311921875 0.6457422859374999 0.0402745828125 0.64719914375 0.02636155625 0.643301909375 0.0121859328125 0.637979375 0.0031473921874999996 0.637785015625 0 0.62325878125 0
0 0.647851325 0.1226484203125 0.64739375625 0.1363129171875 0.655798315625 0.171686325 0.6672954109375 0.17998630468750001 0.673727684375 0.1959227421875 0.673611975 0.17761822656249998 0.6773934984375 0.173489334375 0.676962225 0.1672197953125 0.6713504218749999 0.150282203125 0.6677792734375 0.146387775 0.665096965625 0.1350983890625 0.6676267484375 0.12570111718750002 0.665480903125 0.11666960781249999 0.657980965625 0.107375503125 0.6536629828125 0.1092465203125 0.647851325 0.1226484203125
0 0.6674584593749999 0.2229891375 0.6677477281249999 0.23088819374999997 0.6732227890625 0.2606133921875 0.684903965625 0.280824084375 0.6904736921875 0.28422145 0.6924039 0.29011818906250003 0.693113921875 0.2819706046875 0.6887538609375 0.2703013875 0.6918200999999999 0.26316199375 0.6857454671875 0.24873080781249998 0.687165509375 0.2324356375 0.6846988406250001 0.2242810203125 0.680948871875 0.21963396875000002 0.670882340625 0.21735499374999998 0.6674584593749999 0.2229891375
0 0.6137508640625 0.25707122656250003 0.6246589078125 0.30298139687500003 0.6264050359375 0.29696742343750004 0.6336157015625 0.2983624734375 0.638975053125 0.30978315625 0.6417572875 0.30590279374999996 0.6416836531250001 0.301138509375 0.6344677265625001 0.288585371875 0.63232188125 0.27955386249999997 0.6343835734375001 0.26150490937500004 0.6320273515625 0.260496721875 0.6300603265625 0.25221783750000004 0.6320220921875 0.24933863281250002 0.6296290531250001 0.2459483015625 0.61745349375 0.23701996093750002 0.6143872515625 0.2441593578125 0.6137508640625 0.25707122656250003
0 0.5865738125 0.1386857125 0.5923328828125001 0.165151878125 0.5995488109375 0.1777050171875 0.6025834953125 0.1793415671875 0.6054025453125 0.17784334531249998 0.6082847046875 0.15879323750000002 0.60456629375 0.1453702390625 0.6043822109375 0.133459525 0.5979499374999999 0.1175230890625 0.5924170281250001 0.11650786875000001 0.5894559734375 0.11963560468750001 0.5865738125 0.1386857125
0 0.565210675 0 0.562990553125 0.008247 0.5639635484375 0.0279325 0.5668983062499999 0.0447387984375 0.571616009375 0.05791326249999999 0.5860057875 0.06947930937499999 0.5878255453125 0.06822962187500001 0.58414395 0.057188765625000006 0.5855324375000001 0.049669540625 0.5819875828125001 0.0258410828125 0.578558440625 0.0203171390625 0.5750872203124999 0.001252965625 0.573977496875 0 0.565210675 0
0 0.5723944000000001 0.0433718765625 0.576212740625 0.041625125 0.5774960390625 0.038117559375 0.5754238265625 0.0338503375 0.5689284421874999 0.0354657890625 0.5690020734375001 0.040230075 0.5723944000000001 0.0433718765625
0 0.5005828078125 0.050707975 0.506447065625 0.07316248125 0.520452909375 0.103157309375 0.518806709375 0.0940015328125 0.5196902890625 0.0754484890625 0.5219728765625 0.071692390625 0.5111384640625001 0.030546507812500002 0.5056371078125 0.0207553421875 0.499252171875 0.0295172234375 0.5005828078125 0.050707975
0 0.5286044750000001 0.13078434375 0.528614996875 0.15310052031250002 0.534589703125 0.18270145468750001 0.534631778125 0.1962416859375 0.538807759375 0.1960001859375 0.542084378125 0.1808374703125 0.5466863703125 0.1757074203125 0.5454661828125 0.161663096875 0.5474226859375 0.147625803125 0.544956015625 0.13947118593750002 0.535525871875 0.124280340625 0.5307082421875 0.12627562187500002 0.5286044750000001 0.13078434375
0 0.5505362734375 0.24090919843749997 0.5532922140625 0.25696286874999996 0.5742983453125 0.2963760640625 0.5878992078125 0.3001673234375 0.5874626734375 0.2827396984375 0.57935790625 0.2775815203125 0.5642055109374999 0.238306653125 0.5548858140624999 0.2302622375 0.5519247609375 0.2333899734375 0.5505362734375 0.24090919843749997
0 0.5624015421874999 0.348755075 0.571410934375 0.379992559375 0.5823768296875 0.3971927484375 0.5845542296875 0.3974483109375 0.5873732781250001 0.3959500921875 0.5864739171875 0.3810288765625 0.5899346140625 0.3777768765625 0.59778693125 0.37741814375 0.5937161375 0.3736479828125 0.587541578125 0.37438654531250004 0.5805412859375 0.3649681734375 0.5737829265625 0.33875053906249997 0.5669982734375 0.3324669390625 0.5630011125000001 0.3334610640625 0.5624015421874999 0.348755075
0 0.502828071875 0.26951369375 0.507840303125 0.3017453 0.5142357609375 0.3152995953125 0.517270446875 0.31693614531250003 0.5190481296875 0.3021462265625 0.5154717203125 0.28709371250000004 0.5170022109375 0.2779449703125 0.5158188406249999 0.2662827875 0.5133889875000001 0.2605103125 0.50778244375 0.25473080625 0.5047845718749999 0.2554764 0.502828071875 0.26951369375
0 0.47583671250000004 0.1781833859375 0.4836311765625 0.2065346328125 0.48780715625 0.206293134375 0.4937976359375 0.193643859375 0.49135725937499997 0.1655552078125 0.48567182343750004 0.143853328125 0.47664139843750003 0.1437079640625 0.474758528125 0.16250954374999999 0.47583671250000004 0.1781833859375
0 0.4466153515625 0.0507411109375 0.45051784375 0.076074821875 0.456808115625 0.093640775 0.46080527499999996 0.09264665 0.46733221562500005 0.08225525312500001 0.46146795625000003 0.059800748437499995 0.46071059999999997 0.043250014062499995 0.45674499375 0.03546819375 0.45089125937499996 0.035329862499999996 0.44892949531250004 0.038209068750000005 0.4466153515625 0.0507411109375
0 0.3940369203125 0.04548448125 0.402657115625 0.08399265624999999 0.41455392968749993 0.10733811874999999 0.41697852031249993 0.10195250625 0.41329692656250006 0.0909116515625 0.4132180328125 0.0749892765625 0.4161422671875 0.0694794 0.407532596875 0.0532873984375 0.4048134734375 0.0396158703125 0.4014211453125 0.03647406875 0.39374765156249997 0.037585428125 0.3940369203125 0.04548448125
0 0.352782025 0.0589332921875 0.3545754890625 0.0776176375 0.3630484203125 0.10659724374999999 0.3664775640625 0.1121211859375 0.36972262499999997 0.105734415625 0.3689337109375 0.09795962968750001 0.37246278125 0.08831382343750001 0.3682394625 0.0638570046875 0.36234365 0.05017844375 0.3589513234375 0.04703664375 0.3551329828125 0.0487833953125 0.352782025 0.0589332921875
0 0.29435511875000003 0.064696421875 0.29164651875000003 0.0733410671875 0.2933663515625 0.087261128125 0.2988729671875 0.10821038125 0.3070881828125 0.1205149875 0.314509225 0.1138867203125 0.309533809375 0.0840372546875 0.301886609375 0.0652145796875 0.2979946375 0.0621970453125 0.29435511875000003 0.064696421875
0 0.41829810624999997 0.1743220953125 0.4196340015625 0.206670934375 0.42363642500000004 0.2168349 0.42942178750000004 0.22336703125000001 0.43338213124999997 0.2199907640625 0.432198759375 0.20832858124999998 0.43822605625 0.19806145 0.4353649296875 0.1860194375 0.43775270624999996 0.17825168125 0.4338922890625 0.16645820312499998 0.4268919984375 0.1570398328125 0.422037553125 0.1566529703125 0.41829810624999997 0.1743220953125
0 0.4313016171875 0.286505778125 0.44038464218750006 0.322507546875 0.4519553671875 0.3355718109375 0.45531087968749995 0.3363314703125 0.4578774765625 0.32931634062500004 0.4556159203125 0.3019803125 0.4585401578125 0.296470434375 0.445360046875 0.2766325390625 0.4431773859375 0.2652188875 0.4382493078125 0.2600677421875 0.4334684953125 0.264445165625 0.4313016171875 0.286505778125
0 0.3884461890625 0.3003526546875 0.3952729203125 0.3201764859375 0.405234265625 0.32646712031249997 0.4056602765625 0.32157856875 0.4006217515625 0.30928099375 0.397076896875 0.285452534375 0.39721363906249996 0.2726649296875 0.39496260781250003 0.26764508125 0.38675265 0.2664985609375 0.3854693515625 0.2700061265625 0.3884461890625 0.3003526546875
0 0.36158104999999996 0.17391856875 0.3719841890625 0.2087949125 0.3769859 0.21871034531250003 0.3842333828125 0.2224875390625 0.3847277671875 0.21120518437500002 0.3787898765625 0.18398639375 0.37428781093749997 0.173946696875 0.3685024484375 0.1674145625 0.3629695359375 0.16639934218750002 0.36158104999999996 0.17391856875
0 0.310475259375 0.1882231734375 0.3181645375 0.22058607968750002 0.3299140859375 0.2344029703125 0.3286518203125 0.2068184140625 0.32239310625 0.1804765140625 0.31525081250000003 0.17268766093750001 0.3107171890625 0.17142390937500002 0.310475259375 0.1882231734375
0 0.325685515625 0.274512534375 0.336020284375 0.315782684375 0.339128603125 0.3221835171875 0.3433413984375 0.3243241609375 0.348979496875 0.3213277234375 0.33646206875 0.2686439234375 0.33289092187499997 0.2647494984375 0.32907258281249996 0.266496246875 0.325685515625 0.274512534375
0 0.270051365625 0.298711478125 0.2718448296875 0.31739582187500004 0.2753844203125 0.33006619375 0.2863135015625 0.344884240625 0.2856192515625 0.3107816171875 0.280144190625 0.28105641718749996 0.2741116359375 0.28016546249999996 0.27150822343750003 0.2847984484375 0.270051365625 0.298711478125
0 0.2531686140625 0.22320037343750002 0.2593168796875 0.2423958453125 0.2705983390625 0.24756105781249998 0.2725601 0.2446818515625 0.268331521875 0.20906694531249997 0.26597004062499996 0.19690066875 0.26289853750000003 0.19288197499999998 0.254972590625 0.18847642343749998 0.250691421875 0.19272958125 0.2531686140625 0.22320037343750002
0 0.23382444375000003 0.0749682703125 0.23329850468750002 0.09502656875 0.2346975125 0.109823521875 0.2386999328125 0.1199874828125 0.24780925312500002 0.13605521874999998 0.252879334375 0.1395768484375 0.2554774859375 0.1237857734375 0.2502601390625 0.1107355734375 0.2498919765625 0.086914146875 0.2514961 0.0825296890625 0.2501023515625 0.0788908265625 0.2407090234375 0.066082125 0.2363910390625 0.06795314062499999 0.23382444375000003 0.0749682703125
0 0.1655887203125 0.095127425 0.1738144578125 0.12974820625 0.1896348 0.147335259375 0.1864738828125 0.10507801718750001 0.1817561796875 0.09190355156249999 0.170043446875 0.080468803125 0.166261925 0.08459769687499999 0.1655887203125 0.095127425
0 0.1922697765625 0.20965079687500002 0.191738578125 0.2185510078125 0.197892103125 0.24890456875 0.2046083859375 0.261581971875 0.2096048359375 0.2603393140625 0.21042004374999998 0.24818007187500002 0.20479771875 0.20892629999999998 0.2022258609375 0.2047833421875 0.1951940140625 0.20414091875 0.1922697765625 0.20965079687500002
0 0.2133246359375 0.30405175624999997 0.2125094296875 0.316211003125 0.2144817140625 0.335647971875 0.22055634687499998 0.3500791578125 0.22634171093750002 0.3566112921875 0.23347874375000002 0.35324205468750003 0.2290029734375 0.323268325 0.22317553281250002 0.30319596249999997 0.2211033203125 0.2989287390625 0.21592804999999998 0.2994187703125 0.2133246359375 0.30405175624999997
0 0.16280651562499998 0.3261812046875 0.16274340625 0.34373309375 0.1651469640625 0.3694396 0.176791325 0.3872681515625 0.1798470453125 0.3578125796875 0.1748348125 0.325580971875 0.1699067328125 0.3204298234375 0.164910284375 0.32167248125 0.16280651562499998 0.3261812046875
0 0.1414690375 0.265328721875 0.15443351249999998 0.28203185 0.1604660703125 0.2829228046875 0.1635323109375 0.27578341093750003 0.1623016 0.2394229078125 0.160513396875 0.2318966515625 0.156763428125 0.2272496015625 0.145981615625 0.22196012187499997 0.14113243125 0.23273134999999998 0.1414690375 0.265328721875
0 0.1223036890625 0.11784924375000001 0.13284883125 0.15109607187500002 0.142883809375 0.162150990625 0.146628515625 0.15563995625 0.1362937484375 0.11436980781249999 0.1339007109375 0.11097947500000001 0.12297689375000001 0.107319515625 0.1223036890625 0.11784924375000001
0 0.061268109375000004 0.11708727187500001 0.0599532546875 0.1293707828125 0.06228318125 0.1503130046875 0.07918170468749999 0.183573896875 0.084746171875 0.1758131734375 0.0838152546875 0.169667903125 0.0857402 0.16440655625 0.0952334546875 0.162045509375 0.09348206718749999 0.15690139375 0.0854141140625 0.1541253578125 0.08087523437500001 0.14170351875 0.0786925734375 0.1302898671875 0.0803650671875 0.1195116078125 0.0758998171875 0.11185405156249999 0.06601210625000001 0.1103277046875 0.061268109375000004 0.11708727187500001
0 0.0099519421875 0.1394151984375 0.0162527328125 0.17929732812500002 0.025256864062500002 0.1993767234375 0.027002990625 0.19336275 0.0342820296875 0.1883639984375 0.0350656828125 0.1849806984375 0.0291277921875 0.1577619078125 0.029264535937500002 0.1449743015625 0.026298221875 0.13694394999999998 0.0180830046875 0.12463934375 0.01212408125 0.1285126734375 0.0099519421875 0.1394151984375
0 0.083178875 0.2583042453125 0.0932980046875 0.296439625 0.09890455000000001 0.3022191328125 0.1038273671875 0.29621219062500004 0.1060310609375 0.2765337203125 0.10162892187499999 0.251324275 0.0943078078125 0.24278279687499998 0.08745478281249999 0.24289299999999997 0.083178875 0.2583042453125
0 0.0374219140625 0.261713359375 0.0457212859375 0.30109842656249997 0.056292723437500004 0.3144112234375 0.061183984375 0.3171802265625 0.0628249234375 0.3151779140625 0.06278284687499999 0.3016376828125 0.055982410937500005 0.2618798171875 0.0532317328125 0.25698423593749997 0.0401305140625 0.2530687140625 0.03734828125 0.25694907499999997 0.0374219140625 0.261713359375
0 0.10435331562500001 0.3518783640625 0.1100703078125 0.36480429999999997 0.1152561 0.38663044375 0.12407615000000001 0.3947991265625 0.1263271828125 0.39981897499999997 0.121840890625 0.34752906875 0.11651835625 0.338490528125 0.1121267390625 0.3355972578125 0.10698828281249999 0.3384694296875 0.10435331562500001 0.3518783640625
0 0.05299675625 0.365127525 0.0606176609375 0.40388423125 0.0626898734375 0.40815145468749997 0.06758113593750001 0.41092045625000007 0.06881709531249999 0.382714575 0.061879915625000004 0.3557443140625 0.056951837500000005 0.35059316875 0.0546324328125 0.351967121875 0.05299675625 0.365127525
0 0.9297020484375 0.30044797343749996 0.9262045328124999 0.3013178328125 0.9239955765625 0.3098382140625 0.9248213062499999 0.319995146875 0.932331765625 0.3516054265625 0.9378699359375 0.3637787359375 0.9547631984375 0.385881540625 0.9596807546875 0.3687165109375 0.9493933265625 0.35214468125 0.9471685875 0.3271908 0.9428821578125 0.3202858703125 0.9403418562500001 0.30736696874999997 0.9297020484375 0.30044797343749996
0 0.8366487812500001 0.3092432484375 0.845984259375 0.35076192968750003 0.8576706953125001 0.38213070781249997 0.8618098609375 0.37950706562500003 0.8619150484375 0.37549540625 0.8573656453125 0.3407573921875 0.8590013234375 0.3275969890625 0.851138484375 0.305639546875 0.8454583093749999 0.2950957546875 0.8382160875 0.30247665 0.8366487812500001 0.3092432484375
0 0.7640161796875 0.3153510453125 0.7643422640625 0.32563224062499996 0.7733516578125 0.356869725 0.7863529484375 0.3759549953125 0.78817270625 0.37470530625 0.7852379484374999 0.3578990109375 0.7901239484375 0.3495099265625 0.7822891640625 0.3365793015625 0.779505171875 0.3114988125 0.7722208734375 0.3053394765625 0.7674032453125 0.30733475781249997 0.7640161796875 0.3153510453125
0 0.6913204671875001 0.33901073125000003 0.7008663187499999 0.37250609218749997 0.7186905 0.40075416875 0.7231136734375 0.39487149375 0.722324759375 0.3870967046875 0.7103490531250001 0.3478288703125 0.7092708703125 0.3321550265625 0.7058785421875 0.3290132265625 0.6998091703125 0.3257401296875 0.692814140625 0.327479846875 0.6913204671875001 0.33901073125000003
0 0.6355706062500001 0.34490515781250003 0.6338612953125 0.3533012734375 0.634119009375 0.36997627187500004 0.636801315625 0.3812656578125 0.63994645 0.3900486359375 0.6491609578124999 0.4021047109375 0.6518011859375 0.399853865625 0.6484035984375 0.38555397812500003 0.6483983359375001 0.374395890625 0.6527478765625 0.3637489296875 0.6524217906249999 0.35346773125 0.6552040234375001 0.3495873703125 0.6514856109375 0.3361643734375 0.6489137546875 0.3320214140625 0.641277075 0.3355149171875 0.6355706062500001 0.34490515781250003
0 0.5130471390625 0.368203796875 0.52195134375 0.4034529390625 0.534237353125 0.4195277078125 0.5286202875 0.39143202499999996 0.5288937734375 0.365856815625 0.5252489953125 0.3571981046875 0.5185011562499999 0.3532966453125 0.5151824609375 0.3549191296875 0.5130471390625 0.368203796875
0 0.46622777656250003 0.3894133328125 0.4660542171875 0.3998187953125 0.47342267031249996 0.4330585921875 0.48317363750000003 0.4473725453125 0.490631496875 0.4431264171875 0.48677107968750005 0.43133293906250003 0.487801925 0.4223084609375 0.477645978125 0.381790940625 0.4733963671875 0.37726815468749997 0.470398496875 0.378013746875 0.46622777656250003 0.3894133328125
0 0.4072012984375 0.4104704734375 0.4201026625 0.44472549375000003 0.4269241328125 0.4533912375 0.43074247187500003 0.45164448593750006 0.43098966406250006 0.4460033109375 0.42555141875 0.418660253125 0.42590379843750004 0.409007415625 0.4246520578125 0.40373903593750005 0.421080909375 0.3998446109375 0.409336621875 0.3971858078125 0.40737485781249994 0.4000650125 0.4072012984375 0.4104704734375
0 0.3665512359375 0.4197833609375 0.3753134375 0.45666202031249997 0.3802415125 0.4618131671875 0.386878903125 0.4585681984375 0.384806690625 0.45430097500000005 0.38343923593749996 0.43072807968750004 0.3799364609375 0.42043985 0.3724733421875 0.4135278875 0.3681553578125 0.4153989046875 0.3665512359375 0.4197833609375
0 0.31747558124999997 0.4248149609375 0.315624265625 0.43484059375 0.32627985625 0.47523384999999996 0.33196003281249997 0.4857776421875 0.33738775625 0.4908045234375 0.338413340625 0.470621959375 0.3283993984375 0.4284749203125 0.325149075 0.4237036015625 0.320294628125 0.4233167421875 0.31747558124999997 0.4248149609375
0 0.2426708390625 0.44182528125 0.2505810140625 0.4884810421875 0.2606159890625 0.49953596093749997 0.2662540890625 0.49653952187500006 0.26323517500000004 0.4526527640625 0.26041086562500004 0.44299289531249997 0.2497342390625 0.4336917609375 0.24591590000000002 0.4354385109375 0.2426708390625 0.44182528125
0 0.19131785625 0.4617710625 0.19210676875 0.4695458515625 0.1978290234375 0.493629875 0.2042244796875 0.5071841703125 0.2119032359375 0.5172308984375 0.2154638609375 0.49880915156250005 0.203630159375 0.4579117984375 0.2015947625 0.45602671875 0.1937792625 0.45876759375000004 0.19131785625 0.4617710625
0 0.13456870468749998 0.467914021875 0.132822578125 0.47392799375 0.13407958125 0.49035446250000003 0.14373062187500002 0.5198381640624999 0.1572631140625 0.530023221875 0.158719971875 0.5161101953125 0.150567865625 0.4862536984375 0.1432414890625 0.4665541328125 0.1385290484375 0.4645377546875 0.13456870468749998 0.467914021875
0 0.08093839375 0.502773990625 0.0851248953125 0.524848665625 0.0924460109375 0.5333901453125 0.09712163593749999 0.533024378125 0.0999038703125 0.5291440171875 0.09885197968750001 0.493536140625 0.0956700296875 0.482371021875 0.083531284375 0.475824825 0.080107403125 0.48145897031249996 0.08093839375 0.502773990625
0 0.9573682921875 0.47211750468749997 0.95812565 0.4886682390625 0.9664565765625 0.5192773609375 0.9762390999999999 0.52481536875 0.9797050593750001 0.5327214546875 0.9781640484375 0.519554021875 0.97419844375 0.5117722015624999 0.97839545625 0.4804385796875 0.9738933921875 0.47039888281250003 0.9734621171875 0.46412934687499996 0.9657833609375001 0.45408261562499996 0.9599664421874999 0.45632642968750003 0.9573682921875 0.47211750468749997
0 0.873385859375 0.47945389218749995 0.8834681734375 0.5152071296875 0.8885067 0.527504703125 0.8939344218749999 0.5325315859375 0.8972531171875 0.5309091015625 0.8960592234375 0.49693074218750005 0.8917359796875 0.4876436703125 0.8930508328125001 0.4753601609375 0.8891167828125001 0.4588023953125 0.88094364375 0.46003801875 0.8756947421874999 0.4557637625 0.873385859375 0.47945389218749995
0 0.7960881546875 0.5082436296874999 0.803977284375 0.5102670390624999 0.8094786421875 0.52005820625 0.8160476578125 0.5232070390625 0.8181093484374999 0.5051580859375 0.810067690625 0.48244801718749997 0.8166314484375 0.4744387625 0.8072433796875 0.472788146875 0.7928851578125 0.45244615781249997 0.7897873625 0.46836149843749997 0.7970821828125 0.49683700937499997 0.7960881546875 0.5082436296874999
0 0.720583903125 0.4799932375 0.7292040984375 0.5185014156250001 0.737387759375 0.5395819656249999 0.739780796875 0.5429723 0.748169575 0.54487144375 0.7497421421875 0.54926293125 0.749668509375 0.5444986468749999 0.7537708578125 0.5394928625000001 0.74527163125 0.5304472890625 0.7419055984375 0.50737145625 0.7423684265625 0.5048650484375 0.74904263125 0.5040022203125 0.7412534281250001 0.4868090625 0.73353785625 0.4743801890625 0.72365014375 0.47285384218750004 0.720583903125 0.4799932375
0 0.6567397953125 0.5030456609375 0.659253803125 0.535898596875 0.6660805328125 0.555722428125 0.677609184375 0.5552464625 0.6745219 0.5177535078125 0.6771253109375001 0.5131205203125 0.6724444265625 0.5023281953125001 0.6627670921875 0.492778528125 0.657986278125 0.4971559515625 0.6567397953125 0.5030456609375
0 0.6034197875 0.5147125609375001 0.6108303171875 0.5614925890625 0.6137230015624999 0.5647586546875 0.6251780171875 0.559518403125 0.62377375 0.5335633640624999 0.6192664234375 0.512365578125 0.616194921875 0.5083468875 0.6034145265624999 0.503554475 0.6034197875 0.5147125609375001
0 0.5461636328125 0.509359996875 0.5541053640625 0.547239815625 0.5639299656250001 0.566318053125 0.568500403125 0.5699639484375 0.5728867578125 0.5616991296875 0.561731521875 0.5214301390625 0.554657596875 0.5072474828125 0.5492666921875 0.50460274375 0.5461636328125 0.509359996875
0 0.4979894390625 0.5297745109374999 0.5009978296875001 0.55134509375 0.5092183078125 0.574807790625 0.514467209375 0.5790820437499999 0.518427553125 0.5757057765625 0.515061521875 0.55262994375 0.5170548390625 0.5409747921875 0.5141937125 0.52893278125 0.5060889453125 0.5237746046875 0.5005928515625 0.525141525 0.4979894390625 0.5297745109374999
0 0.43178384843749995 0.54066065625 0.4319363734375 0.5613473156250001 0.4358704234375 0.5779050812500001 0.4513752015625 0.6075271109375 0.449371359375 0.5968660859375 0.453073990625 0.57681481875 0.4479250140625 0.5573708171875 0.4384580546875 0.53979783125 0.43456608281250003 0.5367802953125 0.43178384843749995 0.54066065625
0 0.380909478125 0.591574296875 0.3894192234375 0.62293604375 0.3948837640625 0.63034506875 0.4011582515625 0.614436759375 0.3949731671875 0.5928591453125 0.393358525 0.574927425 0.3906446625 0.572413984375 0.38525375624999997 0.569769246875 0.3816142375 0.5722686218749999 0.380909478125 0.591574296875
0 0.3295301984375 0.6314541124999999 0.33548912343750004 0.6275807828125 0.33673560625 0.621691075 0.335688978125 0.5972412874999999 0.3287517984375 0.570271028125 0.319079721875 0.5718794484374999 0.317191590625 0.5795229390625 0.3295301984375 0.6314541124999999
0 0.2696478140625 0.6056952390625 0.2758381578125 0.63843094375 0.2828016328125 0.6454671703125 0.2886501078125 0.6344474124999999 0.2852104421875 0.6066072921875 0.2805611109375 0.5870390234375 0.272708796875 0.58739775625 0.2701053828125 0.59203074375 0.2696478140625 0.6056952390625
0 0.21865108281249998 0.59685683125 0.2233109359375 0.6387412734375 0.23116851249999998 0.6495406296875 0.2378059 0.6462956609375 0.2387578515625 0.6213488125 0.23439253125 0.5985215078125 0.22757106093749999 0.5898557640625001 0.221254496875 0.5922238421875 0.21865108281249998 0.59685683125
0 0.16030833125 0.6297004187499999 0.168928528125 0.668208596875 0.1744614375 0.66922381875 0.1805255484375 0.6613388296875 0.1806938484375 0.6397752796875 0.1827976171875 0.6352665578125001 0.1785059265625 0.6172035390625 0.17343584375 0.6136819109375 0.165799165625 0.6171754093749999 0.16030833125 0.6297004187499999
0 0.10944447187499999 0.6272057609374999 0.10902898125 0.6544104890625 0.11128527656250001 0.670588425 0.1153928828125 0.6767407296875 0.1225667328125 0.6757536375 0.126842640625 0.660342390625 0.1262588421875 0.63338619375 0.1239709921875 0.625984203125 0.11922173437500001 0.6215856828125 0.11022812343749999 0.6238224625 0.10944447187499999 0.6272057609374999
0 0.195236171875 0.8234769265624999 0.200201065625 0.8310102171875 0.20423504218750002 0.832398234375 0.2078640390625 0.8075826828125001 0.20142650468749998 0.7804881578125 0.19221725625 0.77959016875 0.18908264375 0.7931233671875 0.195236171875 0.8234769265624999
0 0.145445234375 0.8254980234374999 0.1521247 0.8357932828125 0.1591512859375 0.825277621875 0.15103073281249998 0.786645178125 0.15181438593750002 0.783261878125 0.147065128125 0.7788633578125 0.13871316875 0.77934635625 0.1365778453125 0.792631021875 0.145445234375 0.8254980234374999
0 0.9431100359375 0.7395036562499999 0.9540180812499999 0.7854138234375 0.9700961359375 0.819675875 0.9702328781249999 0.8068882703125 0.9672297484374999 0.796475775 0.968192221875 0.7938451015625 0.973367490625 0.793355071875 0.9675453109375001 0.7844407953125 0.9679923578125 0.7484601234375 0.9635639250000001 0.7431847125 0.964131940625 0.73666664375 0.9532028625000001 0.7218485968749999 0.9442460687500001 0.7264675203125 0.9431100359375 0.7395036562499999
0 0.9137782281250001 0.6049149515625001 0.913247028125 0.6138151609375 0.9285466890625 0.6626186 0.93729310625 0.6660229953125001 0.938749965625 0.6521099687499999 0.9412113734374999 0.6491064984375 0.93692494375 0.64220156875 0.9375245156249999 0.6269075546875 0.9323755406249999 0.607463553125 0.928625571875 0.6028165015625 0.917344115625 0.5976512890625 0.9137782281250001 0.6049149515625001
0 0.8762627984375 0.752143584375 0.8729809187500001 0.7561482109375001 0.8717712546874999 0.7644200624999999 0.8742379218749999 0.7725746796874999 0.8733490828124999 0.7799696375 0.878492796875 0.7882555531250001 0.8812855515625 0.8066913671875 0.8994305562499999 0.834062553125 0.9050686562499999 0.8310661140625 0.9038484703125 0.8170217890625 0.9055577796875 0.808625671875 0.8978369468749999 0.7850387140625 0.9037222375 0.776401096875 0.898899346875 0.767238290625 0.89817880625 0.7530697 0.8891851953125001 0.75530648125 0.8836154687500001 0.7519091171875 0.8762627984375 0.752143584375
0 0.8364805234375 0.6337046875000001 0.832520178125 0.6370809546875 0.8307740515625 0.643094928125 0.8324570687499999 0.6546328453125 0.8300324765625 0.6600184578125 0.8390681609374999 0.671321909375 0.843465040625 0.685373265625 0.8488927625 0.690400146875 0.8622885109375 0.7133728109375 0.8633929890625 0.7091126203125 0.8575918437500001 0.6691062265625 0.850375915625 0.6565530875000001 0.8473359671875 0.64375845 0.8364805234375 0.6337046875000001
0 0.7643580859375 0.66200439375 0.7710428140625 0.6834577421875 0.7710480734375 0.6946158312499999 0.7772962671875 0.6986415546875 0.7855851171875 0.715710446875 0.795762096875 0.72513585 0.7893981937500001 0.7028056078125 0.792606440625 0.694036696875 0.7906394171875 0.6857578140625 0.7795262562499999 0.6590290515625 0.7784165171875 0.6521311546875 0.76927564375 0.644839365625 0.76460001875 0.6452051296875 0.7643580859375 0.66200439375
0 0.7971453328125 0.7821830078125 0.79454718125 0.7979740843750001 0.7997014171875 0.8285761734375001 0.8191244624999999 0.8412817078125 0.8201553046875001 0.8322572312500001 0.8177570078124999 0.8177088109374999 0.822853384375 0.8012964078125 0.8166735640624999 0.79087688125 0.8054604781249999 0.7793178671875001 0.8006060312500001 0.77893100625 0.7971453328125 0.7821830078125
0 0.735841528125 0.8181543343750001 0.745560940625 0.8412442328124999 0.750846659375 0.8479006312499999 0.7528767953125 0.838627621875 0.74289440625 0.7877046375 0.7319705890625 0.784044678125 0.7294039921875 0.791059809375 0.735841528125 0.8181543343750001
0 0.6850407578125 0.646658840625 0.686686959375 0.6558146140625001 0.7025178203125 0.6957178421875 0.7126948 0.7051432453124999 0.71665514375 0.701766978125 0.7222616890625 0.7075464828125 0.721399140625 0.6950074109375 0.7178279937500001 0.6911129828125 0.7155401453125 0.6837109921875 0.7194584109375 0.66679449375 0.714283140625 0.667284525 0.70799813125 0.6608766578124999 0.7029543453125 0.6374209953125 0.700918946875 0.635535915625 0.687786175 0.6403963375 0.6850407578125 0.646658840625
0 0.6224115765625 0.6725975 0.6406407375 0.7270491484375 0.643175778125 0.7288099625 0.6465996625 0.7231758187499999 0.6467732203125001 0.71277035625 0.6520536765625 0.7082686671875 0.6569449406250001 0.71103766875 0.6572289484375 0.7077786359375 0.6547990953125 0.7020061609375 0.646978334375 0.69358895 0.6379321265625 0.6599693234374999 0.62925408125 0.650171125 0.6255777453125 0.6502883578125 0.6224115765625 0.6725975
0 0.6638716078125 0.7914162265625 0.6644501468749999 0.807214334375 0.6697463859375 0.83618690625 0.6757158328124999 0.8546297546874999 0.682826571875 0.871194553125 0.688112290625 0.8778509484375 0.683783784375 0.8574057890625 0.6830264265625 0.84085505625 0.6837364453125 0.8327074718749999 0.6865186796875 0.8288271093749999 0.6781509359375 0.79583584375 0.674043328125 0.789683540625 0.6664750203125 0.7867832390625 0.6638716078125 0.7914162265625
0 0.5956674390625001 0.802799434375 0.61210839375 0.8497248234375 0.621033634375 0.853881846875 0.6243523265625 0.8522593625000001 0.624957159375 0.8481234359375 0.6130182703125 0.8112377437499999 0.6102623296874999 0.7951840734375 0.6007638171874999 0.7863870328125 0.59469970625 0.794272021875 0.5956674390625001 0.802799434375
0 0.578037840625 0.6573293015624999 0.5759708890625 0.6642201671875 0.586132096875 0.7158957781249999 0.5967771703125 0.733972859375 0.600453503125 0.7338556281249999 0.5986284828125 0.7239472250000001 0.5999801515625001 0.714045859375 0.5907130453125 0.666133378125 0.5867474421875001 0.65835155625 0.5818561796874999 0.655582553125 0.578037840625 0.6573293015624999
0 0.5302942109375001 0.7138411 0.537047309375 0.728900646875 0.5421542078125 0.73480441875 0.5501432671875001 0.72165808125 0.546535303125 0.7153815109375 0.5419227890625 0.6981953859375001 0.5417387078125 0.686284671875 0.536952634375 0.679504009375 0.5278485749999999 0.6745943624999999 0.526181340625 0.6965307078125 0.5302942109375001 0.7138411
0 0.5416005937499999 0.8202317765625 0.544072525 0.8395444812499999 0.55232981875 0.8653893203124999 0.55472285625 0.8687796515624999 0.56125505625 0.8695463437500001 0.5650786578125 0.8789576796875 0.567219240625 0.8768311000000001 0.5632536375 0.86904928125 0.5637480203125 0.8577669265625 0.5576681265625 0.8321776515625 0.5508782109375 0.8147359625 0.545203296875 0.8153502593749999 0.5416005937499999 0.8202317765625
0 0.48888541874999997 0.8277627531249999 0.49128897812499994 0.853469259375 0.49751087656250004 0.8774290171875 0.499546271875 0.8793140968750001 0.5025073265625 0.8761863609375 0.5053158546875001 0.852371965625 0.5044164921875 0.8374507515625 0.5005192578125001 0.8232751265625 0.49726893437499997 0.8185038109375 0.492593309375 0.8188695750000001 0.48888541874999997 0.8277627531249999
0 0.471119078125 0.6950802265625 0.469015309375 0.6995889484375 0.4783876046875 0.7434897703125001 0.4811750984375 0.750767496875 0.491173259375 0.759440271875 0.49438150625 0.750671359375 0.5007717015625001 0.753067565625 0.5035223796875 0.7579631515624999 0.5022338203125 0.7503126265625 0.4945550640625 0.7402658984375 0.48290018281249997 0.700121171875 0.480328325 0.6959782140625 0.4751162390625 0.6940861015625 0.471119078125 0.6950802265625
0 0.4080218078125 0.7123672062499999 0.414001775 0.7531262296875 0.41921912031249997 0.7661764296875 0.42450484062499994 0.772832825 0.4285020015625 0.7718387 0.4303165 0.759430925 0.41901399687499996 0.7096333625 0.4137650953125 0.705359109375 0.40976793437500003 0.7063532328125001 0.4080218078125 0.7123672062499999
0 0.43114223906250004 0.8453123296875 0.43558119531250006 0.8729039171874999 0.44230273750000004 0.8967394078125001 0.44854566875 0.8896070453125 0.4491820578125 0.876695175 0.440277853125 0.84144603125 0.43452930468749995 0.8372960421875 0.43220990156249994 0.8386699953125 0.43114223906250004 0.8453123296875
0 0.3680028921875 0.8490590796875 0.3767282765625 0.8835555953125 0.3853379515625 0.899747596875 0.38993994375 0.8946175468750001 0.3922961625 0.8956257359375 0.3929009953125 0.8914898125 0.3844228046875 0.8513521171875 0.3779537140625 0.8330335359375001 0.3732044578125 0.828635015625 0.368707653125 0.82975340625 0.3680028921875 0.8490590796875
0 0.354775434375 0.7287983921875 0.35388659218749996 0.73619335 0.3598665578125 0.7769523734375 0.37218938437500004 0.7954092828125 0.37486116875 0.7843824921875 0.37077985468749997 0.75829615625 0.3707009609375 0.742373784375 0.36698255 0.7289507859375 0.3635534046875 0.72342684375 0.3585201390625 0.7222873562500001 0.354775434375 0.7287983921875
0 0.313467959375 0.8578397421874999 0.3142936890625 0.8679966734375 0.32208815468749996 0.8963479187500001 0.3291252609375 0.9081484312500001 0.337261584375 0.9045306656250001 0.3290989578125 0.8523579937499999 0.3234924125 0.846578484375 0.3184959625 0.8478211421875 0.313467959375 0.8578397421874999
0 0.283855709375 0.7332066578124999 0.28339288125 0.7357130656249999 0.295573703125 0.7557994921875 0.3002545875 0.766591815625 0.305261559375 0.7876653359375 0.3093323515625 0.7914354953125 0.312971871875 0.7889361203125 0.31307705937499997 0.7849244609375 0.3027370296875 0.732496225 0.29870305468749997 0.7311082078125 0.2899250828125 0.7364797546874999 0.283855709375 0.7332066578124999
0 0.2483300203125 0.7863590828125 0.2527637140625 0.8027925828125 0.26301432812500003 0.8169822703125 0.267227125 0.8191229140624999 0.26901006875 0.8154910828125 0.265644034375 0.79241525 0.255740540625 0.7574146374999999 0.2481722328125 0.7545143359375001 0.24542681718749998 0.760776840625 0.2483300203125 0.7863590828125
0 0.2685525109375 0.9048800515625001 0.271918540625 0.9279558859374999 0.28124349843749996 0.9471583890625 0.28602431093749997 0.9427809640625 0.28805444687500004 0.93350795625 0.2854773265625 0.9182069109375 0.28579289218750004 0.90617193125 0.28150120156249997 0.888108915625 0.27860851875 0.8848428484375 0.2718291265625 0.8897173359374999 0.2685525109375 0.9048800515625001
0 0.217299453125 0.9096560874999999 0.216552615625 0.9154215296875 0.226671746875 0.9535569109375001 0.23413486562500002 0.9604688703125 0.2404829875 0.949324846875 0.23268325937499998 0.9098155140624999 0.22893329218749997 0.9051684609375 0.22140180156249997 0.9046503031249999 0.217299453125 0.9096560874999999
0 0.15604823750000002 0.9057593468749999 0.156626775 0.9215574546875 0.165851803125 0.9559297062500001 0.1699962296875 0.9644641515625001 0.174887490625 0.9672331562500001 0.178022103125 0.95369995625 0.1683289859375 0.9106760250000001 0.1645422015625 0.90364683125 0.1589724734375 0.90024946875 0.15604823750000002 0.9057593468749999