0 0.8713842265625 0.0754945390625 0.8550119921875 0.07656682031249999 0.834302859375 0.0840007453125 0.8252512796874999 0.0820136875 0.8229419609375 0.0780966578125 0.81446664375 0.0791974828125 0.8164857031249999 0.0857878234375 0.80829851875 0.0884325890625 0.8090668734375001 0.09254976875000001 0.8338141203125 0.098296525 0.8638629671875 0.0943936 0.8776377500000001 0.08786035156250001 0.8807218109375 0.083242796875 0.8790869296875 0.0787110453125 0.8713842265625 0.0754945390625
0 0.8843438078125001 0.1576236953125 0.8617137937500001 0.154764675 0.8620958406250001 0.16104051875 0.8518853406250001 0.165529453125 0.84851101875 0.17282031874999998 0.8554432359374999 0.176136896875 0.8739327031249999 0.1779523515625 0.9017682734375001 0.1706470453125 0.9096694515625 0.1622410828125 0.9072640875 0.1578094078125 0.8986948578125 0.15417833125 0.889353015625 0.154864584375 0.8843438078125001 0.1576236953125
0 0.73185840625 0.0382691640625 0.7299375218749999 0.027976217187500003 0.71395159375 0.026889831250000003 0.6716710625 0.0329086015625 0.6692614375 0.036911434375 0.675418915625 0.048762596875 0.6977607984375 0.05007767656249999 0.7274254671875 0.0441161625 0.73185840625 0.0382691640625
0 0.7581189375 0.0986400703125 0.7452128124999999 0.10137063906249999 0.7371238015625 0.10031280000000001 0.7334656046875 0.0976252140625 0.7280722234375 0.0983257390625 0.73288508125 0.1029718390625 0.7298970640625 0.10810404062500001 0.7163164984375 0.11144933125 0.7062020421875 0.1164529125 0.6960897171875 0.11723924062499999 0.6918509953124999 0.11989828124999999 0.6930056546875 0.1218567953125 0.7166942875 0.1261596828125 0.7420241890625 0.1223425609375 0.7595553421875 0.1147942890625 0.7649508546875 0.10987651093749999 0.7672665624999999 0.10114177656250001 0.7581189375 0.0986400703125
0 0.7370731265625 0.18118337812500002 0.7160758625 0.187073359375 0.7085609890625 0.193320659375 0.7096196046875 0.1947645265625 0.7298421265624999 0.19740912500000002 0.7466006703125 0.19417818125 0.762298465625 0.193720621875 0.777227909375 0.1891458875 0.780986409375 0.183913609375 0.7764638125000001 0.17659419999999998 0.7497892921875 0.17320625781250001 0.7394848781250001 0.172963290625 0.7370731265625 0.18118337812500002
0 0.5740993078125001 0.0640310828125 0.608675009375 0.05901306093749999 0.6213911765625 0.05103594375 0.621395434375 0.0426014359375 0.6186998078125 0.040843071875 0.60887774375 0.0389560875 0.565152290625 0.045689653125 0.5675576546875 0.05012133125 0.563026540625 0.0596709359375 0.5740993078125001 0.0640310828125
0 0.6153768093750001 0.137210915625 0.6549617171875 0.1294337796875 0.6634391609375 0.1241157015625 0.66247871875 0.1189692265625 0.6545860578125 0.110506175 0.624827475 0.11173578749999999 0.5961232484375001 0.1228437734375 0.5878378921875 0.129191146875 0.6066154921875 0.13255054375 0.6153768093750001 0.137210915625
0 0.643948790625 0.19728159843749998 0.6131252046875 0.209719103125 0.612640725 0.2155803734375 0.6254486765625 0.21655241093750002 0.63122410625 0.22212773125 0.6453830671875 0.2176530703125 0.6578068421875 0.21656651718750003 0.672063975 0.20838925000000003 0.6751480375 0.2037716953125 0.6741875953124999 0.198625221875 0.6667730265625 0.196952659375 0.6546373828125 0.199583153125 0.643948790625 0.19728159843749998
0 0.9012561109374999 0.2313326171875 0.8865208843750001 0.23271939375 0.8742870671875 0.239052496875 0.8579148328124999 0.240124775 0.845006578125 0.2470725984375 0.8608964640625001 0.24764433593750002 0.8688872968749999 0.25240478125 0.9086621625 0.24987419531250002 0.9220506390625 0.245499609375 0.9297576 0.24028160468749998 0.9289935046875 0.22772991875 0.9118486562499999 0.23311952656249998 0.9012561109374999 0.2313326171875
0 0.8071568546875 0.2514616234375 0.7954096500000001 0.2477162015625 0.78616385 0.24891709999999997 0.7785529343750001 0.2546497515625 0.7669956874999999 0.256150875 0.761892565625 0.2541780890625 0.7438833203125 0.2549358734375 0.7379115421875 0.25676576562500003 0.7356940062499999 0.2617978921875 0.718741246875 0.2682167953125 0.7361720984375 0.2685883828125 0.7486876609374999 0.2764509859375 0.7849003703124999 0.2717474625 0.797326275 0.26644365625 0.8072507718749999 0.2561935265625 0.8071568546875 0.2514616234375
0 0.68792405 0.26800254218749997 0.6793526890625 0.26858871875 0.6649034671875 0.2757366921875 0.64901358125 0.2751649546875 0.643714115625 0.28059738125 0.6310982515625 0.28065463749999997 0.6238736406250001 0.2842286234375 0.63013355 0.283942671875 0.635620846875 0.2879740484375 0.6592134359374999 0.29176229062500003 0.6889741453125 0.2863154234375 0.696390846875 0.28377073125 0.7001493484375 0.27853845625 0.6937976531250001 0.2698752546875 0.68792405 0.26800254218749997
0 0.6992313609374999 0.34127810625 0.7045308296874999 0.3358456796875 0.691148740625 0.32756850625 0.68700819375 0.3265249375 0.6851769640625001 0.3293983984375 0.6767016484374999 0.3304992234375 0.6747765046875001 0.328640784375 0.6589784046875 0.337018203125 0.6497326078125 0.33821910312500003 0.6350955546875 0.3359032734375 0.6306647437499999 0.3375330171875 0.628255121875 0.34153585 0.6410630734375 0.3425078875 0.6453935828125 0.348798003125 0.6405764640625 0.3525864125 0.6875759390625 0.3464818390625 0.6992313609374999 0.34127810625
0 0.7806403546875 0.31657904062500003 0.764263859375 0.3260858296875 0.764069640625 0.32927378749999997 0.7668613140625 0.3315467984375 0.7814983640625 0.33386262968749997 0.80836923125 0.32984535625 0.8247457265625 0.32033856875 0.8263848656249999 0.3164358140625 0.8231129734374999 0.3115895640625 0.8056821234375 0.3112179765625 0.7946050953125 0.31529233749999996 0.7806403546875 0.31657904062500003
0 0.9210625140625 0.2951774359375 0.914514471875 0.29391944531249997 0.89101366875 0.2990803578125 0.8846555875 0.30306891875 0.87290625 0.3035407484375 0.8725199437500001 0.3056994125 0.889272096875 0.31512023125 0.9034289265625001 0.314862821875 0.9201874703125 0.311631878125 0.9387772390625001 0.30552747187499996 0.94638815625 0.29979482343749997 0.9486056921875001 0.2947626953125 0.94013250625 0.29164626718750003 0.9210625140625 0.2951774359375
0 0.90237456875 0.3049844484375 0.902372440625 0.30920170156250004 0.906705078125 0.3112745640625 0.9111358875000001 0.3096448203125 0.9098873125000001 0.302954403125 0.9050723250000001 0.302525559375 0.90237456875 0.3049844484375
0 0.9026846328125 0.3819040125 0.9258951734374999 0.379416409375 0.9460259109375 0.373111853125 0.9514235515625 0.363976821875 0.940060521875 0.36228998749999997 0.8974918578125 0.3667648140625 0.8949861890624999 0.3702529984375 0.8782255187500001 0.3777011984375 0.8690757640625 0.37941674375 0.9026846328125 0.3819040125
0 0.804493390625 0.376735525 0.7910088703125 0.3805954625 0.7882129421874999 0.386756959375 0.7755928187500001 0.3952487234375 0.77713165625 0.399265828125 0.7896536046875 0.3944766703125 0.8195103625 0.38954445 0.8401234499999999 0.381595878125 0.8433995984375 0.37800761875 0.843209640625 0.3727610703125 0.8252025234374999 0.3693016 0.8166311640625 0.3698877765625 0.804493390625 0.376735525
0 0.7131836796875 0.403354796875 0.7291717390625 0.40022392812499996 0.7355298218749999 0.3962353703125 0.7371689609375001 0.3923326125 0.7258080625 0.3864285234375 0.68314548125 0.3861714515625 0.674962559375 0.3803817109375 0.6586842374999999 0.3861858921875 0.667923646875 0.39763675468750004 0.7131836796875 0.403354796875
0 0.629008921875 0.413233675 0.6019459656249999 0.4162216515625 0.590294803125 0.4129908765625 0.5883717890625 0.40691518281250005 0.583172625 0.404427746875 0.5861542546875 0.4119473078125 0.584611159375 0.41636471249999996 0.5704522 0.4208393734375 0.5702579828125 0.42402733281250005 0.571412640625 0.425985846875 0.591923296875 0.4301743875 0.6245717234375 0.42751518125 0.6384425499999999 0.4214965796875 0.6376741953125 0.4173794 0.629008921875 0.413233675
0 0.701314875 0.44970177187499993 0.6859052109375 0.45170327343750005 0.6729969546875 0.4586510953125 0.675788625 0.46092410624999997 0.6910040734375 0.4621105671875 0.722884146875 0.4553341796875 0.7350219171875 0.4484864328125 0.734445653125 0.4453985484375 0.72674295 0.4421820453125 0.7203869968750001 0.44195335 0.7091178828125 0.44499841875 0.701314875 0.44970177187499993
0 0.8335434656249999 0.443596696875 0.8501120484375001 0.435119203125 0.8461678453125 0.42667042187500004 0.8237277890625 0.4290579515625 0.7967587484374999 0.436777828125 0.787604734375 0.446927884375 0.7891435734375001 0.45094498749999995 0.818614021875 0.44817143281250005 0.8335434656249999 0.443596696875
0 0.903947696875 0.4318165609375 0.9047160515625 0.435933740625 0.9235918265624999 0.43559053125 0.9486335953125 0.4302294671875 0.9592304 0.42358186875000003 0.961061628125 0.42070840781249996 0.9584641749999999 0.41524743593749996 0.9496046828125 0.41428967187500004 0.9340008031249999 0.41947912968749995 0.9107902625 0.4219667328125 0.903947696875 0.4318165609375
0 0.940331203125 0.470314871875 0.9255938468749999 0.475918903125 0.9138445109375001 0.47639073125 0.909893921875 0.48059371406249995 0.9364724000000001 0.48346700781249996 0.975670996875 0.4778485375 0.983087696875 0.475303846875 0.98087655 0.46768420937500005 0.9765439140625001 0.4656113484375 0.9627712609374999 0.4679273453125 0.9441857468749999 0.46559724375 0.940331203125 0.470314871875
0 0.9378021109375 0.52019285 0.9302893671874999 0.5222228921875 0.9257603828125 0.52755524375 0.9323084250000001 0.528813234375 0.9626454046875 0.5264542515625 0.980656778125 0.521479215625 0.9890381796875 0.515646490625 0.9890403093750001 0.5114292359375 0.984707671875 0.5093563750000001 0.9695882687499999 0.5086845609374999 0.9452209406250001 0.513430903125 0.9378021109375 0.52019285
0 1 0.573773515625 0.9963290234375 0.5716287046875 0.97572019375 0.5711427703124999 0.9460555265625 0.5771042828125 0.9430653781249999 0.5864537390625 0.9578945187500001 0.5897988625 0.9795640921875 0.587511409375 0.9931446562499999 0.58416611875 0.9999850921875 0.57853354375 1 0.5784502390624999 1 0.573773515625
0 0.8284527046875001 0.48906330000000003 0.8161249734375 0.4906645 0.809186365625 0.49999968125 0.79791725 0.503044746875 0.7964701984375 0.5079768 0.804943384375 0.511093228125 0.8160182828125 0.5112361203125 0.8464555624999999 0.5009572796875 0.861195046875 0.49113599375000005 0.85878968125 0.48670431875000003 0.8471385203124999 0.48347354062500003 0.8346186984375 0.4840454453125 0.8284527046875001 0.48906330000000003
0 0.7128206515625 0.511354809375 0.6866220937499999 0.5189746140625 0.68122658125 0.523892390625 0.6833438140625 0.5267801265625 0.7002901859375 0.533012984375 0.7373694234375 0.52872403125 0.7568278515625 0.5188169453125 0.7588532953125 0.512755525 0.752017121875 0.5099535937499999 0.7405559187499999 0.511969365625 0.7166751984374999 0.5066371828125 0.7128206515625 0.511354809375
0 0.7157983875 0.565368809375 0.7114636203125 0.5675132031250001 0.7214756437500001 0.574646734375 0.7426628671875 0.5740033015625 0.7719433578125 0.565983196875 0.7746411156249999 0.5635243078125 0.7701185171875 0.556204896875 0.764533046875 0.555876128125 0.75278158125 0.5605652109375 0.7292807796874999 0.5657261250000001 0.7157983875 0.565368809375
0 0.834160409375 0.5568478296875 0.870757296875 0.5542028953125 0.87711538125 0.5502143359375 0.8738434875 0.5453680859375 0.8653703015625 0.542251659375 0.8541993609375 0.54159411875 0.8265580078125 0.5457114640625 0.8163475109375 0.5502003984375 0.8228934234375 0.5556756421875 0.834160409375 0.5568478296875
0 0.881234634375 0.5934304421875 0.8542677234375 0.596933065625 0.8282612546875001 0.605582165625 0.8459781078124999 0.611714946875 0.8791088859375 0.6074117234374999 0.894520678125 0.6011929703125001 0.891440875 0.5973760171875 0.881234634375 0.5934304421875
0 0.7989786328124999 0.6178195203125 0.7989807609375 0.61360226875 0.7938776421875 0.611629478125 0.7399438171875 0.6186347265625 0.73955538125 0.6250106468750001 0.743309625 0.628212878125 0.7505321046875 0.628856146875 0.7930047265625 0.6238666687500001 0.7989786328124999 0.6178195203125
0 0.8063633890625 0.6785336375 0.809543496875 0.67443073125 0.8061755609375 0.669069834375 0.7764148484375 0.6745167015625 0.744628690625 0.6860249875 0.762923940625 0.6910284015625 0.7761181968749999 0.6898417734375 0.794129575 0.6848667374999999 0.8063633890625 0.6785336375
0 0.850665109375 0.674887953125 0.8709858046875001 0.6738299453125001 0.9001702515625001 0.6652951953125 0.9022917421875001 0.659748421875 0.8948793015625001 0.65385860625 0.8898722250000001 0.652400465625 0.8776405390625 0.6545163140625 0.8429666656249999 0.6632369421875 0.8411354375 0.666110403125 0.850665109375 0.674887953125
0 1 0.626694959375 0.9982264828125 0.6283114453125 0.9760724296875001 0.63646016875 0.9618195546875 0.636202928125 0.9483329062499999 0.6442801203124999 0.9537241578125 0.64779685 0.9724057140625 0.6506415984375 0.9834806109375 0.6507844921875 0.997735615625 0.646824478125 1 0.6458781796874999 1 0.626694959375
0 1 0.6969465390625 0.967851178125 0.706580996875 0.9907671953125 0.7152012140624999 1 0.7140020015624999 1 0.6969465390625
0 0.901196928125 0.729997871875 0.9091920203124999 0.7263238109375 0.9130465671874999 0.72160618125 0.9094865406249999 0.7152159890625 0.9045755109375 0.7142724984375 0.8659531765624999 0.722978853125 0.8550682374999999 0.728082509375 0.85602868125 0.733228984375 0.8705696875 0.7350301640625 0.901196928125 0.729997871875
0 0.7675743890625 0.7497768671875 0.7834642703125 0.7503486046875001 0.8022461312500001 0.74527349375 0.81313106875 0.7401698375 0.816311175 0.73606693125 0.8145802515625 0.7310205328125 0.8097652640625 0.7305916890625 0.788770128125 0.7322644171875 0.759201503125 0.738740578125 0.7591012015625 0.7466604375 0.7675743890625 0.7497768671875
0 0.81728475 0.7920277375 0.81632430625 0.7868812640625 0.80948813125 0.78407933125 0.777608059375 0.7908557171874999 0.751695503125 0.8042367171875 0.7730726859375 0.80883983125 0.797826321875 0.8019348265625 0.8140085984375001 0.795615996875 0.81728475 0.7920277375
0 0.8583124468750001 0.7877530578124999 0.8792072796875001 0.794000190625 0.9094524703125 0.782692053125 0.9173536500000001 0.7742860890625 0.907920021875 0.7660231875 0.90204641875 0.764150475 0.8943415859374999 0.7651512234375 0.860243978125 0.7769597359375 0.8549445125 0.7823921640625 0.8583124468750001 0.7877530578124999
0 1 0.7474796875 0.9783263859375 0.7500257968749999 0.9738934453124999 0.7558727968750001 0.988336278125 0.761376584375 1 0.7607361484374999 1 0.7474796875
0 1 0.8009643593750001 0.9995840984375001 0.80050405625 0.9940946734375 0.800689934375 0.9959195140625001 0.8104682359375 0.9918728796874999 0.81415656875 0.9858050578125 0.8154718171875001 0.9809858109375 0.8234774781249999 1 0.8255099953125 1 0.8009643593750001
0 0.9227150921874999 0.8368443750000001 0.91992555 0.8303541078125001 0.9089488265625001 0.826508609375 0.8838110125 0.831355025 0.8665679921875 0.8404472390625 0.8630976234375 0.8472234593750001 0.870800325 0.8504399609375 0.91028705625 0.8463654328124999 0.9227150921874999 0.8368443750000001
0 0.865195690625 0.888066478125 0.8698164593750001 0.8916832828125001 0.8865707437499999 0.8968868453125 0.9264437796875 0.8906536515625 0.9308745921874999 0.8890239078125 0.9332842140625001 0.885021075 0.92414085 0.8740848609375 0.9184593328125 0.8732414437499999 0.878874428125 0.8810185796875001 0.8663524796875001 0.8858077375000001 0.865195690625 0.888066478125
0 0.800590309375 0.8590321375000001 0.814939228125 0.8598040250000001 0.8262104718750001 0.8525417031250001 0.8266949531250001 0.8466804343750001 0.822170228125 0.8435782765625 0.81157768125 0.8417913671875 0.7613959703125001 0.8562161015624999 0.7669814406250001 0.856544871875 0.778246296875 0.8619343109375001 0.800590309375 0.8590321375000001
0 0.8358346421875 0.9066394875 0.8361249031250001 0.9039661765625 0.829288728125 0.9011642421875001 0.8014552890625 0.9042522937499999 0.7759290390625 0.9154746296875 0.780549809375 0.9190914343750001 0.7853647968749999 0.919520278125 0.8243713078124999 0.9128725140625 0.8358346421875 0.9066394875
0 0.4385244421875 0.0606626546875 0.42474752968749996 0.0714131609375 0.45228645 0.07943292656249999 0.465864884375 0.080304890625 0.4982251796875 0.076101740625 0.5079533281249999 0.073256825 0.51488980625 0.0681388953125 0.514217496875 0.06453636406249999 0.5033389453125 0.056988259375 0.4903367765625 0.059204179687500004 0.4821517234375 0.057631693750000004 0.4581685703125 0.064436625 0.4385244421875 0.0606626546875
0 0.4698515296875 0.156639734375 0.4691749609375 0.161471709375 0.5030740921875 0.1612856640625 0.545354625 0.1552668921875 0.5509422265625 0.151378409375 0.5547028546874999 0.1419288796875 0.5425693421875 0.14034211875 0.518974625 0.14077113125000001 0.5075112921875 0.1470041578125 0.47351185781250005 0.1551100640625 0.4698515296875 0.156639734375
0 0.52211214375 0.22101330312499998 0.5053536015625 0.22424424687500003 0.5049672953125001 0.2264029125 0.52807753125 0.23183517031249998 0.560725959375 0.22917596406250001 0.5703580625 0.22581639999999997 0.576331971875 0.21976925 0.5761420109375 0.21452270312500002 0.5673806921875 0.20986233125 0.54304466875 0.2161859734375 0.5277979171875 0.2134222140625 0.52211214375 0.22101330312499998
0 0.5141790234375 0.292678075 0.5106126093750001 0.2989396453125 0.5442193515625 0.305644165625 0.5791792265625 0.3026847359375 0.5891976375 0.29716650625 0.58785301875 0.28996144375 0.5822696781250001 0.28541541875 0.577937040625 0.28334255625 0.563007596875 0.2879172921875 0.521691765625 0.2906480296875 0.5141790234375 0.292678075
0 0.6035252609375 0.34011093125 0.59861423125 0.3391674390625 0.5846494890625 0.3404541421875 0.5822398640625 0.344456975 0.5726077609375 0.3478165375 0.5646105359375 0.35570785312500003 0.55430399375 0.3596821390625 0.5396648125 0.3615835640625 0.5387001109375 0.364871596875 0.5537213390625 0.3692460171875 0.5631592265625 0.36907441093750004 0.5747164734375 0.3675732875 0.5902243125 0.36186918125 0.5972568359375 0.35726589999999997 0.6035210046875 0.3485454390625 0.6035252609375 0.34011093125
0 0.6388011734375 0.47416221406250003 0.6388993484375 0.4704596078125 0.6324494796875 0.46549901250000003 0.6229155484375 0.46515596875 0.5994126171875 0.47453413749999995 0.5710968265624999 0.4792662046875 0.5911251296875 0.4850987625 0.6274338859374999 0.4809098875 0.6388011734375 0.47416221406250003
0 0.566926465625 0.53726419375 0.58425914375 0.5413383875 0.618064359375 0.5364204406249999 0.6276004187499999 0.532546228125 0.636368128125 0.5245548390625 0.6357918625 0.5214669546875 0.6298222140624999 0.5190795953125 0.5881200765625 0.5239689953125 0.580221028125 0.52815770625 0.56770120625 0.528729609375 0.566926465625 0.53726419375
0 0.6177528031249999 0.581266290625 0.590207496875 0.585898284375 0.5851022484375 0.5881427515625 0.5851001171875 0.5923600046875 0.5959807968749999 0.5956908578125 0.6330579046875 0.595619159375 0.6425939656249999 0.5917449484375 0.6444251953125 0.5888714875 0.637014884375 0.57876441875 0.6319117640624999 0.5767916296875 0.62651838125 0.5774921546875 0.6177528031249999 0.581266290625
0 0.60385429375 0.6421091953125 0.641607971875 0.637205521875 0.6449801671875 0.634131909375 0.6448862515625 0.6294000093750001 0.63535445 0.6248397140625 0.624375596875 0.625211465625 0.6020294546875 0.6323308953125 0.5972144671875 0.63190205 0.59701811875 0.6393072625 0.60385429375 0.6421091953125
0 0.6491890765624999 0.690514425 0.657666521875 0.6851963453125001 0.6578607390625 0.6820083859375 0.6554553750000001 0.6775767109374999 0.649677815625 0.676218646875 0.60653075625 0.6818228453125 0.5883251625 0.689985840625 0.5952573812499999 0.69330241875 0.6073908953125 0.6948891796875001 0.6491890765624999 0.690514425
0 0.6780470609375 0.7563463031250001 0.6780491890625 0.7521290484375001 0.664955234375 0.745395815625 0.654842909375 0.7461821421875 0.6130404703125001 0.7589914046875 0.6126520328125 0.7653673234375 0.62709486875 0.7708711125 0.6735180765625 0.7616786531249999 0.6780470609375 0.7563463031250001
0 0.6692516703125 0.8191619953125 0.6767644140625 0.8171319484374999 0.6784996 0.813743840625 0.6777333750000001 0.8054094078125 0.6751337937499999 0.8041656890625 0.632373040625 0.8076112234374999 0.616863071875 0.8175325828125001 0.6293807625000001 0.8211779328125001 0.6445962093750001 0.8223643921875 0.6692516703125 0.8191619953125
0 0.6902169953125 0.8765308171875 0.6950341109375 0.872742409375 0.6964811640625 0.8678103578125 0.6926308765625 0.8640934796874999 0.6713476078125 0.8642222671875001 0.64033619375 0.8671959703125 0.6281023765625 0.8735290718750001 0.64321751875 0.8826353906250001 0.6745170671875 0.8812056296874999 0.6902169953125 0.8765308171875
0 0.663316315625 0.93958964375 0.6854682390625 0.9356581734375 0.7055029312500001 0.9288389734375 0.7092614328125 0.9236066968750001 0.6980947515625 0.9145146484375 0.6864414578125 0.9155011265624999 0.6531143328125 0.9272095640625 0.650704709375 0.9312123953125001 0.6523395921875 0.9357441453125 0.663316315625 0.93958964375
0 0.3274550296875 0.0828886671875 0.300289640625 0.09801375625 0.29143015 0.097055990625 0.2786200671875 0.100301209375 0.28738351406249996 0.10074432656250001 0.2966250546875 0.107977934375 0.32840695468750003 0.10490415312500001 0.3440108359375 0.099714696875 0.3574974875 0.09163750468750001 0.3571154390625 0.0853616609375 0.3445977484375 0.08171631093750001 0.338625971875 0.0835462046875 0.3274550296875 0.0828886671875
0 0.34696265312499996 0.1662758109375 0.3150804515625 0.17726945 0.314982278125 0.1809720578125 0.32191449843750003 0.1842886359375 0.3353968890625 0.18464595 0.37266821562499997 0.1813862953125 0.3935715640625 0.1707644109375 0.387409828125 0.16734775625 0.3851026359375 0.1592134734375 0.36815200625 0.161415121875 0.35736311249999997 0.1670334265625 0.34696265312499996 0.1662758109375
0 0.3966172953125 0.2420574265625 0.372252096875 0.2425865140625 0.356453996875 0.25096392968750003 0.36213338125 0.2560246015625 0.3734964125 0.2577114375 0.378693446875 0.264416125 0.388807903125 0.25941254375 0.418182309375 0.2561243421875 0.431572915625 0.24753250312500003 0.406729621875 0.2412710984375 0.4012444546875 0.2330224671875 0.3966172953125 0.2420574265625
0 0.43635596093749995 0.31122015468750003 0.421622865625 0.3083896796875 0.402458959375 0.307188946875 0.4044780171875 0.31377928593750004 0.40235865625 0.3151088078125 0.37962833749999997 0.3201696453125 0.3676890421875 0.31539492812500003 0.3647970671875 0.321041775 0.36036625624999996 0.3226715203125 0.3650852015625 0.32258571875 0.37037828125 0.3298050546875 0.3745188296875 0.330848621875 0.39743910625 0.3310343296875 0.43663770625 0.325415859375 0.44193717499999996 0.319983434375 0.43635596093749995 0.31122015468750003
0 0.410885296875 0.4030849609375 0.44228515 0.39373533906249997 0.44719831093750007 0.3904615765625 0.44922375625 0.38440015625 0.4363218890625 0.3786962171875 0.4243804640625 0.378138753125 0.4212003578125 0.38224165781249997 0.38527365156250004 0.39270637812500003 0.3896980734375 0.4037283953125 0.410885296875 0.4030849609375
0 0.46431334687500003 0.44411352343750005 0.4544955421875 0.43379203125 0.449488465625 0.43233388906250003 0.42801098125000003 0.4356506390625 0.40344943281249995 0.4435849375 0.4034430453125 0.4562367 0.40767963749999997 0.4577949140625 0.4540068046875 0.44808780937500003 0.46431334687500003 0.44411352343750005
0 0.4861904078125 0.49545839843749995 0.4814735921875 0.491326946875 0.46539162031250003 0.4897259140625 0.42349739218750004 0.49358602031250004 0.41771557656249997 0.5006624656249999 0.423010784375 0.5036645453124999 0.44477427187499996 0.5061089953125 0.48310634375 0.5000759515625 0.4861904078125 0.49545839843749995
0 0.43209190625 0.554777315625 0.43825364218749996 0.5581939671875 0.46338932499999996 0.5575648046875 0.48457867656250003 0.552704115625 0.487758784375 0.548601209375 0.48670229843749996 0.5429400906249999 0.478519375 0.5371503484375 0.46619164218750003 0.5387515484375001 0.4562692765625 0.544784425 0.43353895781249996 0.5498452625 0.43209190625 0.554777315625
0 0.48328964531249996 0.6261415234375 0.502457809375 0.6189077484375 0.504867434375 0.6149049171875001 0.500438753125 0.6123174078125 0.4802162296875 0.6096728109375 0.4600876203125 0.6117601109375 0.4431327328125 0.62239626875 0.4324420125 0.624311965625 0.4663390140625 0.628343175 0.48328964531249996 0.6261415234375
0 0.44435149531249996 0.6881282390625 0.476903878125 0.684954384375 0.494435034375 0.6774061109375 0.49520764531249994 0.6730887828125 0.49049083125 0.66895733125 0.487024721875 0.6672990421875 0.4697838296875 0.6721740031250001 0.44724772812499997 0.67404688125 0.4352038703125 0.6856265328125 0.44435149531249996 0.6881282390625
0 0.518582590625 0.7264547765625 0.4907491515625 0.729542828125 0.46772857031250004 0.7372769765625 0.4628154109375 0.7405507390625 0.46175253437499997 0.7475413796875 0.5149158765624999 0.7406362078125001 0.5211779140624999 0.7361330015625 0.518582590625 0.7264547765625
0 0.5232309109375 0.789420496875 0.526411015625 0.785317590625 0.5234293875 0.7777980296875 0.5033968234375 0.780399978125 0.47623569374999997 0.7870905625 0.46852660312500005 0.79652581875 0.4779623609375 0.80057146875 0.5108050046875 0.794724303125 0.5232309109375 0.789420496875
0 0.543662909375 0.8354742140625 0.54318481875 0.8286837234375 0.532304140625 0.825352871875 0.50938173125 0.8293844171875 0.48674532656249997 0.8391771562500001 0.48654898125 0.84658236875 0.499837153125 0.8501276437499999 0.540482803125 0.8395771203125 0.543662909375 0.8354742140625
0 0.49556861874999997 0.9118282375 0.5347672171875 0.906209765625 0.5440172750000001 0.896574359375 0.544021534375 0.8881398515625 0.53863028125 0.884623121875 0.520138684375 0.8870249203125 0.5168625328124999 0.8906131796875 0.497019928125 0.8984616781250001 0.4922967265625 0.9069819890625 0.49556861874999997 0.9118282375
0 0.5102761609375001 0.965265759375 0.51769073125 0.966938321875 0.5335827453124999 0.9632928078124999 0.5585306 0.9531998406250001 0.5613243984375 0.9512555984375 0.559595603125 0.9419919484375001 0.5535299124999999 0.939089940625 0.5457290375 0.9395760421875 0.5205890937500001 0.9486397125 0.508161059375 0.958160771875 0.5102761609375001 0.965265759375
0 0.37816917031249997 0.9212784375 0.350431775 0.9248811359375001 0.329046075 0.9371470390625 0.332029834375 0.9404493437499999 0.3410814140625 0.94243640625 0.371708653125 0.9374041109375 0.382883853125 0.92962714375 0.37816917031249997 0.9212784375
0 0.394315246875 0.9866529265624999 0.405682534375 0.979905253125 0.40260485937499996 0.97187104375 0.39653916875 0.9689690375 0.39374536875 0.9709132781250001 0.3546428140625 0.9770463968750001 0.3478962953125 0.9874108765624999 0.360221896875 0.9900269296875001 0.394315246875 0.9866529265624999
0 0.17576801250000001 0.0989008296875 0.192812559375 0.10143108125 0.2190089875 0.09802853125 0.2270040796875 0.09435447031250001 0.23057049531249998 0.0880929 0.2237364484375 0.081073715625 0.2131439015625 0.079286803125 0.1746197421875 0.084290553125 0.168936096875 0.0876643890625 0.16691065 0.0937258109375 0.17576801250000001 0.0989008296875
0 0.06569560625000001 0.092639928125 0.050672249999999995 0.0924827640625 0.0321785234375 0.0991018171875 0.02456760625 0.1048344703125 0.021287196875 0.1168572359375 0.0287978109375 0.1190444453125 0.0520083515625 0.11655684375 0.0866822234375 0.10783621406249999 0.093714746875 0.103232934375 0.090348940625 0.093654784375 0.08418720468749999 0.0902381296875 0.0776391625 0.08898014062500001 0.06569560625000001 0.092639928125
0 0.091070446875 0.1905515484375 0.084330315625 0.18826426406250002 0.0512913234375 0.20151664375 0.0406027328125 0.19921508593749998 0.042333657812499995 0.204261484375 0.040310340625 0.2061056515625 0.02942753125 0.2069920546875 0.017676065625 0.2116811375 0.0560999234375 0.21459725000000002 0.103099396875 0.2084926765625 0.11465877499999999 0.202774296875 0.11514538437499999 0.192695771875 0.0968501359375 0.187692359375 0.091070446875 0.1905515484375
0 0.187380846875 0.17804217656250002 0.1856456625 0.181430284375 0.173411846875 0.1877633859375 0.18024589062500002 0.194782571875 0.23177009375000002 0.19178015625 0.23976518593749999 0.18810609218750002 0.244968609375 0.18215901875 0.23543893593749998 0.17338146875 0.229565334375 0.17150875625 0.20943672656249998 0.173596059375 0.19556590000000001 0.1796146625 0.187380846875 0.17804217656250002
0 0.11962965 0.275925753125 0.11674406562499999 0.268920840625 0.11125676874999998 0.2648894640625 0.10952797343750001 0.255625809375 0.0961394953125 0.260000396875 0.08564299375 0.2587281359375 0.08014930625 0.2673485203125 0.05510966874999999 0.26849233125 0.0480771453125 0.2730956109375 0.034592625 0.27695555 0.0342041890625 0.28333146875000004 0.067136490625 0.2906507125 0.0853399546875 0.28670497031250003 0.0951620203125 0.28859195625 0.1016161453125 0.28511804375 0.11018750625 0.2845318671875 0.117316071875 0.28044323125 0.11962965 0.275925753125
0 0.164797896875 0.2726946421875 0.161329659375 0.27525360625 0.1881962671875 0.2796708421875 0.1951284875 0.28298742187500003 0.20995975625000002 0.282115290625 0.2242105 0.286589784375 0.228161090625 0.282386803125 0.23952625 0.279856384375 0.2443433671875 0.276067975 0.24579041875000002 0.27113592343750004 0.2319259796875 0.26450276562499997 0.2188277671875 0.266204040625 0.20419071406249997 0.263888209375 0.164797896875 0.2726946421875
0 0.2464329171875 0.33378000937499996 0.21706064062500002 0.33285095625 0.208585325 0.33395178125 0.20184093593750002 0.34009900625 0.1785343515625 0.342071959375 0.1915322625 0.348290546875 0.21079221406249998 0.3500059265625 0.2171460375 0.35445187499999997 0.22745258124999998 0.3504775890625 0.2500847265625 0.34911935625 0.265496521875 0.34290060312500004 0.26386163906250004 0.33836885156249996 0.253271221875 0.33236468750000003 0.2464329171875 0.33378000937499996
0 0.061418775 0.36150061093749997 0.0813467765625 0.37525302968749996 0.1117819265625 0.369191440625 0.125268578125 0.3611142484375 0.1268116734375 0.35669684375 0.124406309375 0.35226516874999997 0.10900090468750001 0.345832159375 0.096771346875 0.3437307515625 0.08376491875 0.3543811828125 0.069317825 0.3573119 0.061418775 0.36150061093749997
0 0.143058053125 0.4141514703125 0.09181985468750001 0.4229150828125 0.08411289375 0.4281330875 0.0924900359375 0.43073486875 0.117913853125 0.43164964843750003 0.145651246875 0.42804695 0.151046759375 0.42312917031249997 0.143058053125 0.4141514703125
0 0.3012931125 0.39939729687500003 0.2986935296875 0.3981535796875 0.2749045953125 0.40177055156249997 0.266335365625 0.398139475 0.26460443906250003 0.3930930765625 0.25063543906249997 0.40281428750000003 0.2428345609375 0.40330038906250004 0.2377314421875 0.4013276015625 0.22578788906249997 0.4049873921875 0.233490590625 0.4082038953125 0.23204353906250003 0.4131359484375 0.24504145156249998 0.4193545328125 0.2885705578125 0.4200261765625 0.2977203125 0.4183106296875 0.3023453390625 0.413492925 0.3012931125 0.39939729687500003
0 0.2704397140625 0.47087635937499994 0.259366946875 0.4665162109375 0.2530109921875 0.46628751875 0.25012114687500003 0.46771711250000003 0.2547419171875 0.4713339171875 0.2528125140625 0.477909984375 0.24327645312500001 0.4817841953125 0.23951795312500002 0.48701647187499997 0.24221357812500002 0.48877483593750004 0.300189778125 0.4865157625 0.3194561171875 0.4755793796875 0.318013325 0.4720769234375 0.30530354531250004 0.46740228124999994 0.2704397140625 0.47087635937499994
0 0.128867153125 0.481884940625 0.1264575296875 0.48588777343749995 0.11923291875 0.48946175937499997 0.1036290375 0.49465121874999995 0.082922034375 0.497867890625 0.091299175 0.500469671875 0.1095965546875 0.5012558312500001 0.1291467671875 0.5002979 0.1581369953125 0.4949511078125 0.1729703953125 0.489861725 0.1761505015625 0.4857588171875 0.170279028125 0.4796688515625 0.1628644578125 0.477996290625 0.128867153125 0.481884940625
0 0.140962334375 0.559382271875 0.19123370312500002 0.558123946875 0.199516928125 0.5559938265625 0.2042401328125 0.5474735171875 0.1921087484375 0.5416695015624999 0.1761206890625 0.5448003734375 0.1370202640625 0.5467162359375 0.13345598125 0.5487605546875 0.13335780625 0.552463159375 0.140962334375 0.559382271875
0 0.2543257984375 0.5325341359375 0.27551089218749997 0.5361079531249999 0.327519571875 0.5272442671875 0.3330111296875 0.522841134375 0.33301325937500004 0.51862388125 0.32839248906249996 0.515007078125 0.319532996875 0.5140493125 0.27137673281249997 0.5224126250000001 0.26280324374999997 0.52721605625 0.25288300625 0.529031678125 0.2543257984375 0.5325341359375
0 0.28537328125 0.57204033125 0.27660344531250003 0.5842489765625001 0.28421010468749996 0.5869508328124999 0.300966515625 0.5879371421874999 0.3186876296875 0.5856354171875 0.3382421 0.5762429765625 0.32986709062499997 0.5694239421875 0.3215859921875 0.5673368062499999 0.3105089640625 0.57141116875 0.2926918078125 0.5731982453125 0.28537328125 0.57204033125
0 0.143728453125 0.6122623296875 0.1348689609375 0.611304565625 0.1338082171875 0.6140779515625 0.14411263125 0.6143209187500001 0.14757661093750002 0.6201964624999999 0.15171715937500002 0.621240028125 0.1790682484375 0.61979599375 0.1979461515625 0.61523553125 0.2009341703125 0.6101033296875 0.19910719999999998 0.6045422828125 0.18013538125 0.604370846875 0.153938953125 0.6077733953125 0.143728453125 0.6122623296875
0 0.1611273640625 0.675892725 0.163726946875 0.6771364421875 0.1884784515625 0.674448690625 0.2132320890625 0.667543684375 0.2198804359375 0.660881815625 0.218245553125 0.6563500640625 0.21246799374999997 0.6549919984375 0.19773276875 0.6563787750000001 0.183573809375 0.6608534374999999 0.16276650312500002 0.6719899687499999 0.1611273640625 0.675892725
0 0.29164206406250004 0.63100321875 0.2791243734375 0.62735786875 0.27151558593749997 0.6288732671874999 0.27719710000000003 0.6297166843750001 0.2821060015625 0.6348774296874999 0.2753616125 0.6410246546875 0.287589040625 0.6473433156249999 0.2954859609375 0.647371859375 0.3399818984375 0.6405382171875 0.34325804843749996 0.63694995625 0.3424896953125 0.6328327781249999 0.3385433640625 0.628601253125 0.33363233124999997 0.627657759375 0.29164206406250004 0.63100321875
0 0.3137513984375 0.711416828125 0.3539146984375 0.7025103234375 0.35873181718749997 0.6987219140625001 0.3579634625 0.694604734375 0.351801725 0.6911880796875 0.3010458796875 0.698307675 0.2903530296875 0.7044406265625 0.291121384375 0.70855780625 0.2994985234375 0.7111595875 0.3137513984375 0.711416828125
0 0.2270709734375 0.724783890625 0.22736123749999998 0.7221105765625 0.22110345781250001 0.7181792765624999 0.1847947015625 0.7223681531249999 0.1731392796875 0.7275718828125 0.1691865609375 0.7359921203125 0.1940341125 0.733819015625 0.22138732968750002 0.7281577265625 0.2270709734375 0.724783890625
0 0.193238075 0.7845261375 0.1904421453125 0.7906876328125 0.20902765781250002 0.793017734375 0.24456592812500003 0.7889289328125 0.262097084375 0.781380659375 0.2612326859375 0.776748834375 0.25516699374999996 0.773846828125 0.2355207375 0.7742901125 0.194877215625 0.7806233796875001 0.19131293124999998 0.782667696875 0.193238075 0.7845261375
0 0.2923444046875 0.7658552703125 0.3145881140625 0.7708729546875001 0.3547514140625 0.76196645 0.36120554375 0.7584925375 0.36563848125 0.7526455390625 0.36246263437500004 0.7483139375000001 0.3559145921875 0.7470559484375 0.34194985 0.74834265 0.3272124953125 0.7539466828125 0.30140024374999996 0.7594078203125 0.2923444046875 0.7658552703125
0 0.26659625625 0.8350898609374999 0.26563581406250003 0.8299433890625 0.2579331109375 0.8267268859374999 0.2063086078125 0.8376491625 0.2064003921875 0.8465983171874999 0.2202669609375 0.849014221875 0.2497374109375 0.8462406671875 0.25946555937500004 0.84339575 0.26659625625 0.8350898609374999
0 0.32253369374999996 0.8236073968750001 0.327732859375 0.8260948296875 0.3493063875 0.8232927296874999 0.3612478125 0.823850196875 0.38493644374999997 0.828153084375 0.387055803125 0.826823565625 0.3814724625 0.8222775406249999 0.38272955625 0.8120989406250001 0.379745796875 0.8087966359375001 0.3269666328125 0.8177603984375 0.32330630625 0.8192900671875 0.32253369374999996 0.8236073968750001
0 0.33591206093750003 0.8809074156250001 0.35295873437499997 0.8792204124999999 0.377808415625 0.8728300546875 0.3824334453125 0.8680123515625 0.376561971875 0.8619223874999999 0.3400611265625 0.8650819671875001 0.3173308078125 0.87014280625 0.314729096875 0.8731163421874999 0.31848333906250004 0.8763185734375 0.33591206093750003 0.8809074156250001
0 0.1926021859375 0.8995213609375 0.19057674062500002 0.90558278125 0.2122441828125 0.9075125843749999 0.23497450312499998 0.9024517453125 0.24759462656250003 0.8939599812499999 0.2492358953125 0.8858399703125001 0.2449993015625 0.88428175625 0.22650770625 0.8866835546875 0.2155267234375 0.8912725625 0.200309146875 0.8943033578125 0.1926021859375 0.8995213609375
0 0.2550796859375 0.9467542375000001 0.2514236171875 0.9398493984374999 0.2455500140625 0.9379766859374999 0.20577302187500002 0.944724528125 0.198159975 0.9546744328125 0.2076917765625 0.9592347265625 0.2471785078125 0.9551602000000001 0.2521877125 0.952401084375 0.2550796859375 0.9467542375000001