0 0 0.778255771875 0.0068591875 0.77722894375 0.020213009375 0.7785434890625 0.0254109921875 0.7702817609375 0.0191947140625 0.764101078125 0.006936735937500001 0.7614496859375001 0 0.75830805625 0 0.778255771875
0 0 0.7070258593750001 0.018283 0.7053555359375 0.026254554687499997 0.7026729125 0.028165004687500002 0.698421734375 0.0230542734375 0.6934531265625 0.012309146875 0.6905566421875 0.0063546984375 0.6808555953125001 0.0124061 0.6798752296874999 0.0134922421875 0.6759894546874999 0.0041436046875 0.6784314484375 0.002776225 0.680739740625 0 0.681148809375 0 0.7070258593750001
0 0 0.6270189734375 0.0060248671875 0.63036285625 0.042110259375 0.6381967203125 0.05902315 0.6345292703125 0.0642405390625 0.6313653875 0.077584659375 0.6301310078125 0.076750646875 0.627947490625 0.0690409234375 0.627109746875 0.0504308984375 0.6187633953125 0.03100626875 0.613331371875 0.02014478125 0.6160184546874999 0.0041725609375 0.6137369296874999 0 0.6149714875 0 0.6270189734375
0 0.064773753125 0.5545322921875 0.0597890859375 0.5465290406250001 0.05579360625 0.5453214281250001 0.0419064171875 0.54849869375 0.015489714062500002 0.5499960109375001 0.007809099999999999 0.5568050359375001 0.0103014328125 0.5608066609375 0.056297940625 0.5693534921875 0.0875538390625 0.573796228125 0.08947399218749999 0.572093971875 0.064773753125 0.5545322921875
0 0.10475751874999999 0.5019138953125 0.10597942656249999 0.49754240000000005 0.11408674999999999 0.49437405625 0.110498571875 0.49170928125 0.0909478765625 0.48931190312500006 0.084469765625 0.48665158750000004 0.0416638375 0.48477561874999997 0.03603914375 0.48939666718749997 0.036194318749999996 0.49400879062499997 0.04268213125 0.49921802968750006 0.054532807812499993 0.5033265874999999 0.0681678671875 0.5062186093750001 0.10475751874999999 0.5019138953125
0 0.09194661093749999 0.426315178125 0.0816476015625 0.4321572234375 0.056190975 0.4328034109375 0.05373745625 0.43899747656250004 0.0571898640625 0.44214797499999997 0.06917630625 0.4457708109375 0.0906471546875 0.4464659328125 0.115541303125 0.44266478437499995 0.0967664015625 0.42715738593749997 0.09194661093749999 0.426315178125
0 0.06588862031250001 0.37744007343749997 0.0631635640625 0.38460558125 0.0663347359375 0.3861786015625 0.1088885359375 0.39412385625 0.128274353125 0.3893601859375 0.1323861953125 0.3849842328125 0.11901296718750001 0.3785718453125 0.090375465625 0.375096090625 0.06588862031250001 0.37744007343749997
0 0.13067928125 0.33425086406250004 0.1411237625 0.3304720234375 0.1467678625 0.33094882187499997 0.12759536093749999 0.319447509375 0.0929161609375 0.3195010453125 0.085487678125 0.32024078125 0.08191890625 0.32267385000000004 0.081249771875 0.32765138125000004 0.0880091203125 0.33188917500000004 0.0960000828125 0.33430440156249996 0.1203608625 0.3349950609375 0.13067928125 0.33425086406250004
0 0.15839536406250002 0.27643215 0.14982251875000002 0.265764121875 0.102623509375 0.2666866296875 0.10072276250000001 0.2734867328125 0.110653284375 0.27929754687499997 0.1474175125 0.2847028015625 0.15839536406250002 0.27643215
0 0.1336562359375 0.2125041375 0.15432218125 0.2186625125 0.1876340015625 0.22091726875 0.1921628484375 0.217633071875 0.184443421875 0.21424640468749998 0.17738342812500002 0.20333328437499998 0.1630404203125 0.1952231 0.1575320875 0.1942605796875 0.14446920937500002 0.1970724390625 0.117363965625 0.198449440625 0.1121562796875 0.204162246875 0.1125829890625 0.20780292656250002 0.118101021875 0.211314371875 0.1336562359375 0.2125041375
0 0.2066511734375 0.1554651703125 0.189127290625 0.1432330453125 0.16006308125 0.1361166125 0.127177971875 0.1375025359375 0.13709879062500002 0.1407644265625 0.14124944374999998 0.14658416406250002 0.146903246875 0.1496098859375 0.182581334375 0.1589009125 0.1855973328125 0.1558618078125 0.20074524375 0.1585087375 0.2066511734375 0.1554651703125
0 0.214932925 0.0896655109375 0.20156939999999998 0.08580204687500001 0.1737562078125 0.081960884375 0.1639905625 0.0833111203125 0.16193464375 0.085499096875 0.16168251250000001 0.0915683859375 0.1691304046875 0.0959264984375 0.200386303125 0.10036923125 0.21427349218749997 0.097191965625 0.21769679375 0.0926956953125 0.214932925 0.0896655109375
0 0.23938087968750002 0.04095519375 0.2382559265625 0.0346452734375 0.2305365015625 0.03125860625 0.209327484375 0.02704311875 0.19474205 0.027551146874999998 0.173950040625 0.0244274171875 0.1710698109375 0.0269808 0.1706916171875 0.0360847328125 0.1807579046875 0.041409825 0.21642629218749998 0.04815193125 0.24682877187500002 0.045313303124999996 0.23938087968750002 0.04095519375
0 0.08362689375 0.879796221875 0.0975237859375 0.8791678765625001 0.1144366765625 0.8755004296875001 0.08314196562500001 0.8608620015625 0.053117679687499995 0.8545966953124999 0.043216267187500004 0.8564326515625 0.0366314984375 0.8619048265625 0.05221582031250001 0.8707413624999999 0.06091473125 0.8783747468750001 0.0791077484375 0.885629340625 0.07840950468749999 0.8829601031250001 0.08362689375 0.879796221875
0 0.1689089953125 0.869226059375 0.15418779375 0.8702198078125001 0.1459447046875 0.8738738734375 0.1444609640625 0.8817657359375 0.15383871093749998 0.8869705109374999 0.19334740156250002 0.8903081046875 0.20476166562499998 0.8882270578125 0.2161856296875 0.888694934375 0.1938322546875 0.8730716796875001 0.1689089953125 0.869226059375
0 0.307393146875 0.9163496953125 0.32127063125 0.91062350625 0.336408840625 0.9107215140625 0.3445161609375 0.9075531703124999 0.31858431249999997 0.8918140609374999 0.289103096875 0.8836058703124999 0.2835850609375 0.8800944265625 0.26514961875 0.88145804375 0.2602134671875 0.88619940625 0.2591370296875 0.8926341015625001 0.2799581484375 0.9034046015625 0.28328449375 0.90958974375 0.2916924625 0.9130967265625 0.307393146875 0.9163496953125
0 0.438506953125 0.9433359593749999 0.47371951875 0.9387906140625001 0.48003275468749995 0.93428988125 0.4928241 0.932449465625 0.48923592187500003 0.9297846890624999 0.458794628125 0.9224276250000001 0.420944259375 0.9209081421875001 0.41530986406250003 0.9229802656249999 0.412992109375 0.9286886109375001 0.4139715921875 0.932935328125 0.41977086406249997 0.9380242515624999 0.43079723124999997 0.9424982156249999 0.438506953125 0.9433359593749999
0 0.562357078125 0.9420523640624999 0.55369698125 0.944614671875 0.55262054375 0.9510493671875 0.5564996625 0.9578405468750001 0.5690388796875 0.96206941875 0.5756108390625 0.9634220812500001 0.614795521875 0.9611398328125 0.615675409375 0.95799195 0.6042126328124999 0.94732838125 0.5825866109375 0.9420211343749999 0.562357078125 0.9420523640624999
0 0.7220597171875001 0.88742848125 0.7180836421875 0.891318715625 0.70225689375 0.891100390625 0.6947023453125001 0.8948747718750001 0.6943047453125 0.8988808593750001 0.6994251796875 0.9063983906249999 0.705641459375 0.912579071875 0.7103254796875 0.913907 0.71899528125 0.913893615625 0.72671470625 0.9172802828125001 0.741435909375 0.9162865328124999 0.76016229375 0.91904931875 0.7791311046875 0.9131938906249999 0.794957853125 0.913412215625 0.7864044156250001 0.9078420312500001 0.7874905562500001 0.9039562578125 0.792572178125 0.9012780984375001 0.7895367734375001 0.8992193578125001 0.7804596703125 0.9006899078125 0.7295076078125 0.8917865921875 0.7261909656250001 0.8881503734375 0.7220597171875001 0.88742848125
0 0.729361984375 0.8173821046875 0.729400796875 0.8275777968750001 0.734511528125 0.8325464031250001 0.7355007140625001 0.8393420453125 0.7528403140625 0.8393152765625 0.7602590953125 0.8360266187500001 0.786016365625 0.8420557546874999 0.8014164046875001 0.8386333984375 0.8120160609375 0.8394666796875001 0.8108911078125001 0.8331567609375 0.8151387171875 0.8282950843749999 0.8028807406249999 0.825643690625 0.7850950250000001 0.8169319328125001 0.767755425 0.8169587 0.742143625 0.8129927640625001 0.729361984375 0.8173821046875
0 0.83241031875 0.7742552125 0.8277068906249999 0.7678294390625 0.8274062437499999 0.7611541140625 0.8089125828125001 0.7472241937499999 0.804228559375 0.7458962671875 0.7589691109375 0.7502143640625001 0.7573496015625001 0.758591946875 0.764807196875 0.7654989796875 0.772526621875 0.7688856484375 0.809989096875 0.776960140625 0.8238762843749999 0.7737828734375001 0.83241031875 0.7742552125
0 0.76985955625 0.6828327640625 0.7689091828125 0.686232815625 0.7730695390625 0.694601475 0.787393140625 0.6976138140625 0.83349630625 0.698028153125 0.8363571296875 0.690376925 0.8123842453125001 0.6831312515625 0.782505428125 0.6789291468750001 0.76985955625 0.6828327640625
0 0.81855193125 0.6403966750000001 0.8331567718749999 0.6449864937500001 0.841409565625 0.6438813515625 0.854326975 0.6390062890625 0.8601068406250001 0.6389973671875 0.8735576171874999 0.6296304968750001 0.8823631859375001 0.6291313921875 0.858235128125 0.61727359375 0.8506611718749999 0.6159501281249999 0.7994666828125 0.6156650265625 0.7945305296875 0.6204063890625 0.7948214734375 0.6245327921875 0.7982738828125 0.6276832890625 0.8139842703125 0.6334851796875001 0.81855193125 0.6403966750000001
0 0.8878810671874999 0.5603015484375 0.8756133859374999 0.5551012328125 0.8315467359375001 0.5474010687499999 0.81422654375 0.55252568125 0.8237691671875 0.5648915078125001 0.8383740078124999 0.569481325 0.8470438078125 0.569467940625 0.8693583703125001 0.5748955015625 0.8968515109374999 0.566963490625 0.8878810671874999 0.5603015484375
0 0.855034615625 0.49954187812499995 0.8617745593749999 0.49868182812499995 0.88559226875 0.501315375 0.8965895265625001 0.4981425703125 0.8993145828125 0.49097706093750004 0.88662989375 0.4846849890625 0.870114603125 0.4843463484375 0.859233709375 0.48193558750000004 0.83901388125 0.48451573750000004 0.8358621140625001 0.4880405671875 0.8426311656250001 0.494827284375 0.84677211875 0.49809809843749997 0.855034615625 0.49954187812499995
0 0.9153157562500001 0.4285640703125 0.9099334906250001 0.4245669046875 0.898499821875 0.42155010312499996 0.8594178390625 0.4218531921875 0.846636196875 0.42624253124999995 0.844997284375 0.42952226875 0.8476253843749999 0.43303817499999997 0.8608531421875 0.43738736093749997 0.8988392796875001 0.4384211234375 0.9114851546875 0.43451750312500004 0.9153157562500001 0.4285640703125
0 0.9239175578125 0.37453758125 0.9113783421875 0.370308709375 0.8795696703125 0.36525993749999996 0.8685724140625 0.3684327421875 0.866109190625 0.3720778859375 0.8687372921875 0.37559378906249996 0.8770094921875 0.37958649375000003 0.9128136437500001 0.385842875 0.924082434375 0.381698628125 0.92585711875 0.377933171875 0.9239175578125 0.37453758125
0 0.946503503125 0.306652415625 0.9408497 0.30362669375 0.9250132499999999 0.30085944531250003 0.8852427265625 0.30104221875000003 0.8805684062499999 0.3022632140625 0.8766020343750001 0.308702371875 0.88295408125 0.3143973328125 0.9041630968750001 0.3186128203125 0.9359523609375 0.318563746875 0.946939915625 0.31284201875 0.946503503125 0.306652415625
0 0.9534275765625001 0.24570996875 0.9074504781250001 0.2422609859375 0.8998959281250001 0.246035365625 0.8994983281250001 0.25004145312500003 0.9035035125 0.2537979890625 0.9132885609375 0.2575456 0.9490830125 0.2612530609375 0.9599445015624999 0.258565978125 0.9637848078125 0.2551614640625 0.9534275765625001 0.24570996875
0 0.9806296984375 0.1974809125 0.967799540625 0.1891256390625 0.9328294015624999 0.1850527703125 0.9277477796875001 0.1877309296875 0.9254300265625 0.193439275 0.9399185031249999 0.203612659375 0.9502563281249999 0.207966309375 0.9590715984375 0.21001612656250002 0.9740643359375 0.20805093281249998 0.9817546531250001 0.20379083125 0.9806296984375 0.1974809125
0 0.9430022703125 0.1460747296875 0.96574354375 0.15514297187499998 0.9848869359375 0.158997515625 0.9886666296875 0.15801020937500002 0.9896907953125 0.138467965625 0.9513617218749999 0.1368370953125 0.94435024375 0.138668590625 0.9417512531250001 0.1427994546875 0.9430022703125 0.1460747296875
0 0.9489759703124999 0.0885323359375 0.979824565625 0.09443223437500001 0.9919746359375001 0.09488969375 0.9927516453124999 0.0800634875 0.9639298937499999 0.07637145 0.9501784734375001 0.0790629953125 0.947172178125 0.084651025 0.9489759703124999 0.0885323359375
0 0.7939675171875 0.3640569265625 0.7951894265624999 0.3596854328125 0.778528665625 0.35728359374999996 0.776046034375 0.355830890625 0.7746398421875 0.34794349062499996 0.77022735625 0.34564412031249997 0.7524998593750001 0.3522259 0.7330849328125 0.3493427984375 0.7238720625 0.35129907031249996 0.723086565625 0.3618601671875 0.7478934625 0.37128935625000004 0.7728264234375 0.37768389999999996 0.7939675171875 0.3640569265625
0 0.8159037343750001 0.3062471375 0.7999121062500001 0.298867765625 0.772932928125 0.29721012343750003 0.761363490625 0.2946790453125 0.7459634515625 0.298101403125 0.745847090625 0.303684971875 0.7530234453125 0.309014525 0.7936376859375 0.3135641890625 0.8033936265625 0.3096650328125 0.8106863437499999 0.30941101875 0.8159037343750001 0.3062471375
0 0.8073114046875001 0.25431061875 0.82493224375 0.25586133125 0.8298780984375 0.25366889062500003 0.8335729328125 0.24820117812500003 0.82059730625 0.23778270156249998 0.8191911125000001 0.229895303125 0.8119080999999999 0.2326982390625 0.7753087468750001 0.23445403125 0.7683166734375 0.24138337031249998 0.7699846984375001 0.24575040312500002 0.7844634734375 0.253374865625 0.79176589375 0.255669775 0.8073114046875001 0.25431061875
0 0.8221488156250001 0.175392015625 0.7976619703125001 0.17773599843750001 0.7931331203124999 0.18102019687499998 0.7963139953125 0.1851421375 0.802927875 0.18731673124999998 0.8376361828125001 0.1949099640625 0.8531816937500001 0.19355080625 0.8589421546875 0.1884440390625 0.8473436078125 0.1782661921875 0.8221488156250001 0.175392015625
0 0.8658565250000001 0.124952671875 0.8610270312500001 0.1215615453125 0.8411950984375001 0.11758668593749999 0.8183471671874999 0.11665093281250001 0.8145068609375 0.12005544531250001 0.8145262656250001 0.1251532921875 0.8338248328125 0.13361995937499999 0.8459470421875 0.13675707343750002 0.855305384375 0.13686400468749998 0.86532315625 0.1294444828125 0.8658565250000001 0.124952671875
0 0.8267840921875 0.0554633984375 0.8179785234375 0.05596250312499999 0.8130423734375001 0.060703865625 0.812518709375 0.0677445984375 0.8177652078125 0.072227484375 0.8257561703125 0.0746427078125 0.8615506187499999 0.07835016875 0.870889553125 0.0733592546875 0.8660406546875 0.064870278125 0.8267840921875 0.0554633984375
0 0.6035618296874999 0.45101475625000004 0.558932703125 0.44015963124999996 0.5539868484375 0.442352071875 0.5502920140625001 0.44781978437500003 0.5576138390625001 0.455212540625 0.5930203921875 0.46547500937499997 0.6154513171875 0.46531900468750004 0.6220457890625 0.46239575312500003 0.6194176890625 0.4588798484375 0.6035618296874999 0.45101475625000004
0 0.5750018015625 0.39558909999999997 0.6171385953125 0.4024425984375 0.6355255234375 0.388334365625 0.6183022859375 0.382777565625 0.59463004375 0.38220721874999997 0.5768928468750001 0.386240075 0.5726549375000001 0.393650675 0.5750018015625 0.39558909999999997
0 0.6099136453125 0.3481977875 0.617633071875 0.351584453125 0.6431091046875 0.3560361109375 0.651352196875 0.3523820453125 0.6543584890624999 0.3467940171875 0.6471821328125 0.3414644625 0.6501981328124999 0.3384253578125 0.6477155 0.336972653125 0.6160523015625 0.3339870828125 0.612464121875 0.3313223078125 0.6047544 0.3304845625 0.5991200015625 0.3325566890625 0.5962494765625 0.33765899374999997 0.59805326875 0.34154030468749996 0.6099136453125 0.3481977875
0 0.680978728125 0.2903121515625 0.684819034375 0.286907640625 0.6815023921875001 0.2832714203125 0.6452715312499999 0.2733743546875 0.6151114765625 0.26759477343750004 0.6089243078125001 0.269060859375 0.607004153125 0.270763115625 0.6090891843749999 0.27622190625 0.622472115625 0.2851832171875 0.6508380796875 0.28963041562499997 0.6758874015624999 0.29044139062499996 0.680978728125 0.2903121515625
0 0.6898035484375 0.22256960625 0.67009768125 0.21556010468750003 0.6446216484375 0.21110844687500002 0.630317453125 0.2131939546875 0.626079546875 0.2206045546875 0.6282906421875001 0.22302870156250001 0.6513034484375 0.2311255 0.6683812171875 0.23461910000000002 0.6836357859375 0.229133540625 0.6946427453124999 0.228509659375 0.6898035484375 0.22256960625
0 0.7106924359375 0.1788412828125 0.6971737375 0.1703656921875 0.66274666875 0.1643499375 0.65738380625 0.16545061875 0.6553375890625001 0.17018751875 0.6572771484375 0.17358310937500002 0.6750628625 0.18229486875 0.7043986078125 0.18843985937500002 0.710585778125 0.186973771875 0.71167191875 0.183088 0.7106924359375 0.1788412828125
0 0.6734916421875 0.0949051359375 0.6729679765625 0.10194586718750001 0.6786217796875 0.1049715890625 0.73301655 0.11447647968750001 0.744964178125 0.1079036234375 0.730204165625 0.0987016828125 0.6882031390625001 0.09136246406250001 0.6785732624999999 0.092226975 0.6734916421875 0.0949051359375
0 0.72616009375 0.0485788109375 0.7166271703125 0.0387619109375 0.6947296125 0.0344261078125 0.674083075 0.033365578125 0.66845838125 0.0379866265625 0.6695736328125 0.041747621875 0.6735788140625 0.04550415625 0.6850124859375 0.048520956250000004 0.687912121875 0.0510654171875 0.71765516875 0.05575324375 0.7248024156249999 0.053436028125 0.72616009375 0.0485788109375
0 0.5001737312500001 0.3325880578125 0.4896807328125 0.3236222828125 0.4697130328125 0.32013314843749996 0.45429358750000004 0.31845765937500004 0.45030780937500003 0.31979896874999997 0.4471560421875 0.32332379843750003 0.45185947187500003 0.32974956875 0.4575132734375 0.3327752921875 0.48092368125 0.33686600312500004 0.5000476671875 0.3356227015625 0.5001737312500001 0.3325880578125
0 0.46939290468749995 0.27218933125 0.47779116874999994 0.2731473921875 0.507010553125 0.28487595 0.5101623171874999 0.2813511234375 0.5071172109375001 0.276743459375 0.525698125 0.27744304375 0.5303627421875 0.273673125 0.5361426093749999 0.27366420156250004 0.5330975 0.26905653906250004 0.5190357328124999 0.262523834375 0.47758747812499996 0.2557906515625 0.46782183593750004 0.2571408859375 0.46315721875 0.2609108046875 0.4645634125 0.26879820312499997 0.46939290468749995 0.27218933125
0 0.5471882265625 0.2108947265625 0.5541705953125 0.20141646406249997 0.558709146875 0.2006811890625 0.5284133265625 0.195387325 0.5068067093749999 0.1951779265625 0.5015699140625001 0.193243959375 0.49415113125000004 0.19653261875 0.48630564062500004 0.196180596875 0.47833408593750004 0.19886321875 0.47546355937499996 0.2039655265625 0.4805742921875 0.20893413437500002 0.52381663125 0.2169997046875 0.5471882265625 0.2108947265625
0 0.5582338453125 0.14812525 0.53699571875 0.1362629921875 0.5023359265625 0.141414371875 0.49753554375000003 0.1456700140625 0.49714764687499996 0.1522250234375 0.5385958984375 0.1589582078125 0.5582338453125 0.14812525
0 0.5716166234375 0.084745275 0.5636159593750001 0.079781128125 0.5326412984375 0.076915871875 0.5122954046875 0.0825306703125 0.5121887468749999 0.0906631609375 0.5574967109375 0.099089675 0.574555071875 0.0974854296875 0.579209984375 0.0911665875 0.5739731875 0.089232621875 0.5716166234375 0.084745275
0 0.5952402703125 0.0364003625 0.59412501875 0.032639367187500004 0.5815761 0.025861571875 0.5500486671875 0.022390281249999998 0.53327154375 0.025572007812500002 0.5317780984375 0.030914945312499997 0.538265915625 0.036124184375 0.548332203125 0.041449275 0.5634801140625 0.0440962046875 0.589751346875 0.040535689062500005 0.5952402703125 0.0364003625
0 0.291099953125 0.4682472796875 0.2949693703125 0.4724895359375 0.31341451875000004 0.4736748421875 0.32125030625 0.471477940625 0.32978433749999997 0.47195027968750003 0.33417741875 0.46915180312500004 0.3299007 0.4663667125 0.33029829843749997 0.46236062499999997 0.33717400937500003 0.461014853125 0.30343548125 0.455119415625 0.282245871875 0.456001771875 0.277988559375 0.45831452500000003 0.279802053125 0.4647447609375 0.291099953125 0.4682472796875
0 0.30397847499999997 0.41700588437499997 0.3112905984375 0.42184971562499995 0.33868678281250003 0.42459911874999995 0.35888720625000003 0.4169211203125 0.3591490390625 0.4134007546875 0.3547268484375 0.40855245937499995 0.3426046390625 0.405415346875 0.3337699625 0.39826768281249997 0.3146556796875 0.40205990937499997 0.30543310468749996 0.40146725468750005 0.29224416249999996 0.40731375937500003 0.288549325 0.4127814734375 0.2939315921875 0.41677863750000005 0.30397847499999997 0.41700588437499997
0 0.3699619328125 0.3617984140625 0.37366647343750004 0.358879621875 0.3678672 0.3537906984375 0.36977765156250003 0.34953951875 0.3554443453125 0.34397825625 0.33701860625 0.34789079843750004 0.3123862890625 0.34817158125000003 0.30868175 0.351090371875 0.3092539296875 0.3567942546875 0.328814328125 0.3617405546875 0.35483342812499996 0.36424932656250003 0.3699619328125 0.3617984140625
0 0.33671788281250004 0.3050448296875 0.3576456609375 0.3076828390625 0.38090089374999997 0.307161425 0.38887245 0.30447880625 0.3811530234375 0.3010921375 0.37866069062499996 0.29709051249999996 0.3687301703125 0.291279696875 0.34381661406249997 0.289983 0.317952684375 0.2920863546875 0.3159064671875 0.296823253125 0.3177199625 0.30325348750000003 0.3299779421875 0.30590488125 0.33671788281250004 0.3050448296875
0 0.3620191828125 0.22744522968749997 0.34220665625 0.2285682203125 0.338928825 0.235127690625 0.34183816562499997 0.240221075 0.36016695 0.246989946875 0.36870098281249997 0.247462284375 0.383994365625 0.2521724171875 0.4025655765625 0.250323078125 0.403069834375 0.23818450000000002 0.3620191828125 0.22744522968749997
0 0.419119525 0.1885161234375 0.41910012031250005 0.1834182765625 0.427071675 0.1807356546875 0.3894831359375 0.17569580625 0.3737921546875 0.17499176249999998 0.3632022015625 0.1767074015625 0.3601959078125 0.1822954296875 0.3632410140625 0.18690309375 0.38652535781249997 0.19402845 0.39754201875 0.195953490625 0.412525053125 0.191439375 0.419119525 0.1885161234375
0 0.44364503125 0.12402654531249999 0.4259950828125 0.11482906562499999 0.38814471250000004 0.1133095828125 0.37783599687499997 0.11660270156250001 0.37647832187499997 0.12145991874999999 0.37869911875 0.1264329875 0.3846244578125 0.1284872671875 0.40789909843750005 0.1330637 0.42110744687499996 0.132315040625 0.44063873593749997 0.129614575 0.44364503125 0.12402654531249999
0 0.4164717875 0.07139044375 0.4302426171875 0.0737967453125 0.45542770624999995 0.0741219984375 0.46078086249999994 0.0704723953125 0.45003573750000003 0.06757590937499999 0.4406482859375 0.059822210937499995 0.39933580156250004 0.05260330625 0.38902708750000004 0.055896426562500004 0.384779478125 0.0607581046875 0.38355756875 0.0651295984375 0.388522828125 0.0680350046875 0.406017603125 0.07262036250000001 0.4164717875 0.07139044375
0 0.41317439843750003 0.0005107828125 0.404378534375 0.0035588125 0.40122676874999996 0.007083639062499999 0.4015177109375 0.0112100421875 0.4046888828125 0.012783060937499998 0.441588878125 0.017702592187499998 0.45520453437499997 0.015496771875 0.4611007609375 0.009904281249999999 0.4553014875 0.00481535625 0.41317439843750003 0.0005107828125
0 0.17175965625 0.6420020484375 0.150114228125 0.63159695625 0.13745865 0.6329516484375 0.120245115625 0.6299437718750001 0.1000155828125 0.6299750015625001 0.0971644625 0.6401751546875001 0.11122623125 0.6467078609375 0.14304460624999998 0.6543055546875001 0.1555450109375 0.648338734375 0.15841553749999998 0.643236428125 0.17175965625 0.6420020484375
0 0.124192003125 0.582236128125 0.1661930296875 0.589575346875 0.18007051406250002 0.5838491578125 0.16847196874999998 0.5736713109375 0.1351407453125 0.5663187078125 0.11918793125 0.569135028125 0.1182472609375 0.575084003125 0.124192003125 0.582236128125
0 0.2052845625 0.51947989375 0.1931332421875 0.5086960109375 0.1810013296875 0.503009975 0.1672305015625 0.5006036734375 0.13709955625 0.5024708578125 0.134917571875 0.50769348125 0.138098446875 0.5118154203125 0.143888015625 0.514355421875 0.17776231250000002 0.5197651375000001 0.1869751828125 0.5178088671875 0.2052845625 0.51947989375
0 0.2196662296875 0.46544448281250006 0.22295376249999999 0.461433934375 0.21880310781249998 0.4556142 0.2066711953125 0.4499281609375 0.20542017499999998 0.4466528875 0.20211323750000001 0.4455655890625 0.1934531390625 0.448127896875 0.1708864484375 0.4487696234375 0.1623621203125 0.45084620937500003 0.1512388 0.457053659375 0.15799814843749999 0.46129145468750005 0.20440195781249998 0.4683811203125 0.2196662296875 0.46544448281250006
0 0.242921309375 0.3925817859375 0.22127588281250002 0.38217669375 0.177655346875 0.38321505624999996 0.1720209515625 0.38528717968750004 0.1699747328125 0.39002408125 0.1724670671875 0.3940257078125 0.20097850312499999 0.40053610468749995 0.21805627031250002 0.404029703125 0.2342709171875 0.397693015625 0.2454136421875 0.3965834125 0.242921309375 0.3925817859375
0 0.212004715625 0.3326687828125 0.1979720546875 0.33378284687500004 0.1893216625 0.338894078125 0.1911254546875 0.34277538750000003 0.19842787343749999 0.345070296875 0.2239039046875 0.3495219546875 0.24342549062500002 0.34427256562499997 0.24740156562500001 0.34038233125 0.24257207187500002 0.3369912015625 0.212004715625 0.3326687828125
0 0.2547814578125 0.2907273375 0.269502659375 0.2897335875 0.2738860359375 0.2843861890625 0.2552760125 0.2760398359375 0.216184325 0.2737940015625 0.206011378125 0.2766014 0.20354815468749998 0.2802465421875 0.2071460359375 0.28546024062500003 0.21431268750000002 0.28824087187499997 0.22561058906250003 0.29174339374999997 0.246674134375 0.29389567968749997 0.2547814578125 0.2907273375
0 0.2656524953125 0.218247890625 0.255324375 0.21644316406250003 0.2342608296875 0.2142908765625 0.22463095156250001 0.21515538906249998 0.2194135625 0.218319271875 0.2191517296875 0.22183963750000002 0.2271523953125 0.2268037859375 0.25786522500000003 0.23318940625 0.28168293437499997 0.235822953125 0.28649302187500003 0.23411623593750003 0.2656524953125 0.218247890625
0 0.265836625 0.1581654984375 0.2474108859375 0.1620780375 0.2461889765625 0.1664495328125 0.24881707656250002 0.1699654359375 0.258185121875 0.172621290625 0.2843496953125 0.1771932625 0.3030469703125 0.1723092796875 0.30344456875 0.16830319375 0.29047864375 0.16043363906250002 0.265836625 0.1581654984375
0 0.32328605312500003 0.1024856890625 0.302765578125 0.0983905140625 0.283631890625 0.0970848953125 0.271664853125 0.098559903125 0.2683773203125 0.10257045312499999 0.2700453453125 0.10693748750000001 0.2887911359375 0.11479811718749999 0.31303555781250003 0.1210723453125 0.33268320625 0.1127883109375 0.3337693484375 0.10890253750000001 0.32328605312500003 0.1024856890625
0 0.3298610421875 0.0582939484375 0.3412656015625 0.053663978125 0.33475838125 0.0433568921875 0.3191934640625 0.039618203125 0.29154515000000003 0.042938090625 0.280974603125 0.049751578125 0.2809940078125 0.0548494234375 0.28320510312499997 0.0572735703125 0.2928446828125 0.05895798125 0.31734123125 0.0591629203125 0.3298610421875 0.0582939484375
0 0.3148624375 0 0.320425 0.0016249875 0.3487909640625 0.0060721859375 0.3606222328125 0.005082896875 0.3661111578125 0.0009475703125000001 0.36486035 0 0.3148624375 0
0 0.6217253546875 0.269769365625 0.6129197875 0.2702684703125 0.611988821875 0.27876636875 0.63003636875 0.2839577625 0.639113471875 0.28248721250000003 0.6391037671875 0.2799382890625 0.6351082859375 0.2787306765625 0.6299878515625 0.2712131453125 0.6217253546875 0.269769365625
0 0.285262021875 0.5253039515625 0.3135988796875 0.522104378125 0.3035422921875 0.519328209375 0.2878124984375 0.5084284734375 0.2602708421875 0.503615871875 0.24967118593749998 0.5027825875 0.2390812328125 0.504498228125 0.2352409265625 0.507902740625 0.2362204078125 0.5121494578125 0.24505508593749997 0.5192971203125001 0.273973825 0.5243503546875 0.285262021875 0.5253039515625
0 0.3644347328125 0.608932546875 0.3885530890625 0.6182414203125 0.4149697921875 0.6167441046875 0.4044962 0.6128761765624999 0.3967573671875 0.6043916640625 0.39370255625 0.5972350765625001 0.3946432265625 0.5912861031250001 0.3912005203125 0.5906845265625 0.376207784375 0.592649721875 0.355551540625 0.58904026875 0.343041434375 0.592458165625 0.34004484218750003 0.6005951171875 0.3571420171875 0.6091865609375 0.3644347328125 0.608932546875
0 0.36777062968749996 0.5453253250000001 0.3798637296875 0.5408156734375 0.3937800296875 0.545285175 0.4156484765625 0.541974209375 0.4183929375 0.539906546875 0.41727768750000005 0.5361455515625 0.3990749671875 0.5263420328125 0.3736086375 0.5244392999999999 0.3542228203125 0.5292029671875 0.35743280624999996 0.540971678125 0.3599154359375 0.54242438125 0.365559534375 0.5429011796875 0.36777062968749996 0.5453253250000001
0 0.520355440625 0.645348 0.5377047421875 0.64787015625 0.54680125 0.651497453125 0.5632971359375001 0.64673824375 0.5609405671875 0.642250896875 0.5530756703125 0.6368010296875 0.554850353125 0.633035571875 0.5636462203125 0.6299875421875 0.5574493453125 0.6289047078125 0.548517715625 0.6324384578125 0.50597361875 0.627042125 0.501987840625 0.6283834359375 0.50076593125 0.6327549296874999 0.50422804375 0.6384543500000001 0.520355440625 0.645348
0 0.4736702390625 0.5643395671875 0.48178726406249994 0.5637201484375 0.48771260156249996 0.5657744265625 0.4947531890625 0.5715897015625 0.5081070109375 0.5729042453125001 0.524370171875 0.5793121718750001 0.5353868359375 0.5812372124999999 0.56691426875 0.5847085062499999 0.5751670625 0.5836033625 0.567699765625 0.5741474078125 0.547712659375 0.5655604249999999 0.53518314375 0.5638804734375 0.5328362828125 0.5619420484375001 0.5189296859375 0.56002146875 0.5117921437499999 0.564887609375 0.48561786875 0.5577667125 0.47297199375 0.5616703296875001 0.4736702390625 0.5643395671875
0 0.6622046703125 0.6726818265625 0.6863133234375 0.6794417765625 0.71382586875 0.6766076109375 0.708724840625 0.674187925 0.7055342640625 0.6675170609375 0.687195775 0.6581992640625 0.6604881296875 0.6555701796875 0.6460190578125 0.6504946406250001 0.63996765625 0.65147500625 0.6337901890625 0.6554900171875 0.636990471875 0.6647098031249999 0.6460869796875001 0.6683371 0.6492678546875 0.6724590421875 0.6622046703125 0.6726818265625
0 0.71991593125 0.61348165 0.716861121875 0.6063250640625 0.7273056015625 0.602546225 0.7278486734375 0.6006033375000001 0.7164150046875 0.5975865375 0.7059317109375 0.5911696875 0.6878841625 0.58597829375 0.669720253125 0.58637046875 0.6561143031250001 0.5911252140625 0.6539226140625 0.5937989140625 0.6612735515625 0.6088384375 0.7286051375 0.6185661125 0.71991593125 0.61348165
0 0.7223595953124999 0.532397378125 0.6989588906249999 0.5308555859374999 0.685304425 0.52286571875 0.6785741828125 0.5262746921875 0.6631644390625 0.527148128125 0.6591980703125 0.5335872828125 0.6616904031249999 0.5375889093749999 0.682511521875 0.5483594093749999 0.6957392796875 0.552708596875 0.714194128125 0.556442825 0.7432001203125 0.5482657203125 0.7223595953124999 0.532397378125
0 0.70859839375 0.4963693546875 0.7235911296875 0.49440416249999997 0.736809184375 0.49620442656249997 0.7504054328125 0.488900759375 0.7516176390625 0.481980340625 0.7569707953125 0.4783307375 0.7352090062500001 0.4735092109375 0.7133405578125 0.47682017656250003 0.69778534375 0.475630409375 0.6918794125 0.47867397812499995 0.6890088859375 0.48377628437500003 0.6906769109375 0.4881433171875 0.6981248015625 0.49250142812500003 0.70859839375 0.4963693546875
0 0.7186064640625001 0.486400909375 0.719828371875 0.4820294140625 0.7158231875000001 0.47827287968750004 0.707163090625 0.4808351875 0.710634909375 0.48908353125000004 0.714494621875 0.4907768640625 0.7186064640625001 0.486400909375
0 0.7102565609375 0.42584617812500003 0.7193433671875 0.42692455156250003 0.726655490625 0.43176838437500004 0.7284398750000001 0.43055184999999996 0.7551572234374999 0.43572985937500003 0.7716725140625 0.4360684984375 0.7753770546875 0.43314970625000004 0.7764987453125001 0.4265531046875 0.7822139515625001 0.42160824375 0.7520441953125 0.413279734375 0.7152896671875 0.410423403125 0.7106153484375 0.4116444 0.7055434296875001 0.4168714828125 0.705562834375 0.42196932968749995 0.7102565609375 0.42584617812500003
0 0.40790941406250003 0.4249777671875 0.4172968640625 0.43273146718750005 0.42665520625 0.4328383984375 0.44085274375 0.43888538125 0.45845417499999996 0.43533824687499995 0.4740093890625 0.43652801406249997 0.478819475 0.43482129531249997 0.47949831249999997 0.43239268906249995 0.472709853125 0.420508125 0.45657275625000004 0.411065553125 0.45230574062500006 0.41082938437500005 0.44487725625 0.41156911875 0.43677963750000004 0.4172863859375 0.4157257953125 0.417683021875 0.40817124531250004 0.4214574015625 0.40790941406250003 0.4249777671875
0 0.49567406875 0.37968966718749997 0.48906019062499995 0.3775150703125 0.48615085156250004 0.37242168750000004 0.4908251703125 0.371200690625 0.4893026171875 0.36889686093749996 0.473039453125 0.3624889328125 0.45830855000000004 0.360933759375 0.443723115625 0.3614417875 0.4222716765625 0.36584451093750003 0.419953921875 0.37155285625 0.42355180312499996 0.3767665546875 0.43374415624999996 0.3790570015625 0.49567406875 0.37968966718749997
0 0.442569359375 0.492167671875 0.422145840625 0.47739108437500005 0.4057469125 0.47146887968750006 0.3862059203125 0.4716204234375 0.3783701328125 0.473817325 0.37617844375 0.476491021875 0.378263475 0.4819498140625 0.3986578828125 0.48907963125 0.4051554015625 0.49683779218749996 0.4112165046875 0.4984063515625 0.4288082359375 0.49231029218750005 0.442569359375 0.492167671875
0 0.5603584546875 0.5254861625 0.5667331171875001 0.525071728125 0.597937290625 0.5279770890625 0.5969578078125 0.5237303703125 0.587308525 0.5194970359375 0.5772325328125001 0.511623021875 0.5425048171875 0.49893194375 0.5246124453125 0.4983526734375 0.527259953125 0.506966425 0.54767376875 0.519194090625 0.55308514375 0.530838021875 0.5603584546875 0.5254861625
0 0.11084834531250001 0.8004943656249999 0.1199157453125 0.7964748937499999 0.141105353125 0.7955925359375 0.14219149375 0.7917067640625 0.13860331718750002 0.7890419875 0.09879398125 0.77902906875 0.0770418953125 0.7767564671875 0.061932796874999994 0.784305225 0.058509496875 0.7888014984375 0.059488978125 0.7930482140625 0.0655597875 0.7971656953124999 0.07355074843750001 0.7995809203124999 0.11084834531250001 0.8004943656249999
0 0.0969512984375 0.7287814234375001 0.1044283 0.7407863031249999 0.11168220468750001 0.730336596875 0.1363436296875 0.7377025828125 0.14816519374999998 0.7341643703125 0.161237778125 0.7339014359375 0.15102601875 0.7265131421875 0.1507253734375 0.7198378171875001 0.1468559578125 0.715595559375 0.12467716250000001 0.709682275 0.09331460625 0.71337203125 0.088649990625 0.7171419515624999 0.0878450875 0.7226052015625 0.0969512984375 0.7287814234375001
0 0.24380468125000002 0.8053869921875 0.2285112984375 0.8006768578125 0.2191335515625 0.79547208125 0.175231778125 0.7949329640625 0.167948765625 0.7977359015625 0.16549524531249998 0.8039299671875 0.17157575625000002 0.81059636875 0.195548640625 0.8178420421875 0.22264418125000002 0.8139161171874999 0.240652915625 0.8089118187500001 0.24380468125000002 0.8053869921875
0 0.31327951875000004 0.8358669937500001 0.3310458265625 0.839480909375 0.350441346875 0.8372661625 0.3654437875 0.8378498921875 0.3627962796875 0.8292361421875001 0.35164385 0.8277968234375 0.3371650734375 0.8201723609375 0.3081105671875 0.8156048484375 0.28363342343750003 0.82049775625 0.28146114375 0.8282693015625 0.28492325625000003 0.8339687203124999 0.2920899078125 0.8367493515625 0.31327951875000004 0.8358669937500001
0 0.426384590625 0.8678575593750001 0.438768634375 0.8674743062499999 0.4546050859375 0.8702415531250001 0.46824984843750006 0.8756824984374999 0.4830874109375 0.8691051812499999 0.4918929796875 0.8686060765624999 0.49199963750000003 0.8604735859374999 0.4714694609375 0.853829490625 0.4664750890625 0.8432773140625001 0.446536496875 0.8474349468750001 0.43331844375 0.8456346828125 0.42314549687499997 0.8484420796875 0.40680478750000004 0.8578134125 0.421273859375 0.86288895 0.426384590625 0.8678575593750001
0 0.567419140625 0.8619350718750001 0.570231525 0.8777098703125 0.5842932937499999 0.8842425734375 0.607150928125 0.88772725 0.621348465625 0.8937742328124999 0.6241414062499999 0.8863658624999999 0.63699093125 0.8817336609374999 0.6394541546875 0.8780885187499999 0.6369618234375001 0.87408689375 0.6248299078125 0.8684008562500001 0.618749396875 0.861734453125 0.6103511328125 0.8607763953124999 0.595920875 0.8658965453125 0.5875129046875001 0.8623895625 0.588182040625 0.8574120328125 0.582974353125 0.8631248375 0.567419140625 0.8619350718750001
0 0.6148702015625 0.8187726281250001 0.6314048984375 0.8242091140625 0.636748353125 0.8180105875000001 0.65036400625 0.815804765625 0.660255715625 0.8114198859374999 0.6719512140624999 0.81091631875 0.66945888125 0.8069146937499999 0.653195721875 0.800506765625 0.622754428125 0.7931497015625 0.605405125 0.7906275468749999 0.5930307859374999 0.793559721875 0.5930501921875 0.7986575671875 0.5896171890625 0.800604915625 0.5935060109375 0.8099450171875 0.6148702015625 0.8187726281250001
0 0.65904335625 0.74599901875 0.6765478328125 0.7531332953125001 0.6875450890625 0.7499604921875 0.7073576140625 0.7488375046875 0.689145190625 0.7364850625 0.6785358312499999 0.7331028578125001 0.6688671421875 0.723771678125 0.65799595 0.7239098375 0.65081959375 0.7185802859375 0.6286796109375 0.72286269375 0.6238792281250001 0.727118334375 0.6273510453125 0.7353666796875 0.6495492453125 0.7463778078125001 0.65904335625 0.74599901875
0 0.552649115625 0.7055016328125 0.5358525875 0.703585515625 0.5076029828124999 0.6935547515625 0.49959261406250005 0.68604168125 0.47690956250000005 0.6922669765625 0.479421303125 0.7013664484375 0.49610146874999994 0.7088661359375 0.5072539 0.7103054546875 0.5298497015625 0.7173104953125 0.5595636390625 0.7143515546875 0.552649115625 0.7055016328125
0 0.45884283750000004 0.7904896671875 0.4627025515625 0.792183 0.4701116296875 0.7863454171875001 0.49270743125000005 0.7933504609375001 0.51279149375 0.79125603125 0.5107064640625001 0.7857972390625 0.49732353125 0.776835928125 0.499922521875 0.7727050625 0.4983999703125 0.7704012328125 0.4864329328125 0.7718762406249999 0.45640864687500005 0.7656109359375 0.4456829265625 0.7678122984375 0.44266692656249995 0.770851403125 0.458833134375 0.78794074375 0.45884283750000004 0.7904896671875
0 0.29516389374999996 0.7404918546875 0.29464993281249996 0.7500815109375 0.3054047640625 0.75552691875 0.3245384515625 0.7568325390624999 0.33089050000000003 0.762527496875 0.33819291875 0.76482240625 0.3635040734375 0.762113015625 0.35536764062500004 0.757634590625 0.3586551734375 0.7536240421875 0.366762496875 0.7504556984375 0.367160096875 0.7464496109375001 0.3488410140625 0.7422296609375 0.3426247359375 0.73604898125 0.3379407125 0.734721053125 0.32598338125000004 0.738744984375 0.30120559375 0.7369625656250001 0.29516389374999996 0.7404918546875
0 0.2549860671875 0.7421317937499999 0.25908820625 0.735206915625 0.2477903046875 0.7317043937500001 0.2425438078125 0.7272215078125 0.21899763125 0.7236165156250001 0.19741042343749998 0.7285049625 0.19439442499999998 0.7315440671875 0.19510237187499999 0.736762228125 0.2193661984375 0.748134303125 0.23437834062500001 0.7512669562500001 0.24177771718750002 0.7428804515625 0.2549860671875 0.7421317937499999
0 0.2286855734375 0.6657042578125 0.24465779375 0.66798578125 0.25650846718750003 0.6720943390625 0.270929025 0.6644252625 0.2824790546875 0.6618584937499999 0.283429428125 0.6584584421875 0.2801127859375 0.6548222234375001 0.285184703125 0.649595140625 0.278163521875 0.6488777109375 0.2741874484375 0.6527679453124999 0.2671759703125 0.6545994390625001 0.225582246875 0.6458030546875 0.2169609640625 0.6585610546875 0.22027760624999998 0.6621972734375 0.2286855734375 0.6657042578125
0 0.3459800359375 0.67753960625 0.37061235312499996 0.677258821875 0.3810568359375 0.6734799812500001 0.39468219375 0.67382308125 0.395904103125 0.6694515859375 0.39354753593749997 0.6649642390625 0.3822496359375 0.66146171875 0.37261975937499997 0.6623262296875 0.3547176828125 0.6591980390625001 0.32897981875000004 0.6582667468750001 0.319505115625 0.663743384375 0.31883598125 0.6687209140625 0.32325817031250004 0.673569209375 0.3459800359375 0.67753960625
0 0.2601158984375 0.6075156749999999 0.27951141874999996 0.6053009296874999 0.2928458328125 0.6015176265625 0.3045122265625 0.593367290625 0.3014768203125 0.59130855 0.274216403125 0.5880734265625 0.25934973125 0.587003975 0.250825403125 0.5890805625 0.2420101328125 0.5870307453125 0.23486288593750002 0.5893479578124999 0.23061527656249997 0.5942096359375 0.2340773890625 0.5999090578125 0.2404197328125 0.6030550953125 0.2601158984375 0.6075156749999999