0 1 0.8565279828125 0.9911942125 0.8577603203124999 0.9836013953125 0.864033040625 0.9884734156249999 0.873463190625 1 0.87315346875 1 0.8565279828125
0 1 0.6938132734375 0.9946401343750001 0.6920953062499999 0.97244075 0.696527684375 0.9508267703125 0.7042076890625 0.9421607156249999 0.7045264265625 0.9409930765625001 0.7068478765624999 0.955697209375 0.7092294890625 0.961151465625 0.7130905609375 0.9795568156250001 0.7184070703125001 1 0.7155307453125 1 0.6938132734375
0 1 0.6217111984375 0.98964838125 0.62040695625 0.9745539796875 0.615860259375 0.9699778265625 0.6168706265624999 0.9635542312500001 0.6252302484375 0.93415388125 0.642508784375 0.9361020578125 0.644517503125 0.9713500984375001 0.642081828125 1 0.6389031984375 1 0.6217111984375
0 1 0.5537270000000001 0.9969263328125001 0.550793496875 0.949115884375 0.54953046875 0.9416190515625 0.5519361078125 0.9196132218749999 0.553042675 0.9153297671875 0.5556768578125 0.92399740625 0.5597664734375 0.9248755093750001 0.5646379125000001 0.9650931406250001 0.5721736609375 0.980574640625 0.5700687375 0.9942055359375 0.5664963671875001 1 0.5626347234375 1 0.5537270000000001
0 0.9582476124999999 0.4902011609375 0.9474366625 0.48302028437500005 0.9419839906249999 0.48356756250000005 0.9193990890625001 0.49905991250000004 0.9466656265625 0.505140225 0.9706196328125 0.5060423765625 0.9843480937500001 0.503011278125 0.9885339796875 0.499835825 0.9864866546875 0.49287748281250005 0.9582476124999999 0.4902011609375
0 0.9548169312500001 0.4271731515625 0.9225871375000001 0.42875482343750004 0.9070096515625 0.4347268265625 0.9111011359375001 0.43982680781249994 0.932136046875 0.44653258281249997 0.9803335953125 0.4411439921875 0.9840332281249999 0.43967053749999996 0.98179076875 0.4316296515625 0.9548169312500001 0.4271731515625
0 0.96628551875 0.3676092953125 0.9581057156250001 0.3662260375 0.91954514375 0.363483546875 0.896958659375 0.3745675453125 0.903287853125 0.37448335625 0.9144874859375 0.379420965625 0.925880671875 0.38103276406250003 0.9530480593749999 0.38216345625 0.962200365625 0.3801427234375 0.9701834515625001 0.3760350875 0.969986734375 0.37054419375 0.96628551875 0.3676092953125
0 0.9007305265625 0.30310173281249997 0.8900234796875001 0.314095534375 0.9013222640624999 0.323982765625 0.94280193125 0.32092163125 0.9544846515625001 0.3153405421875 0.9531187109375001 0.3077627453125 0.9007305265625 0.30310173281249997
0 0.9442306078125 0.23205695781250002 0.914238525 0.22845445937500003 0.9000206437499999 0.22437085156249997 0.8937890156250001 0.2249963125 0.8769463234374999 0.23274849375 0.8678947499999999 0.244127203125 0.858937578125 0.24723047656250002 0.8636128796874999 0.2511697328125 0.9009066640625001 0.251284053125 0.9245663859375 0.2461540359375 0.9419960640625 0.2460578328125 0.9485188109375 0.2426478328125 0.9493937484374999 0.2387025703125 0.9442306078125 0.23205695781250002
0 0.940019390625 0.16469878124999998 0.9036005453125 0.16063919843750002 0.8704958140624999 0.166166134375 0.8496623703124999 0.178176309375 0.8558955828125001 0.18195920000000002 0.8730325578125001 0.180239184375 0.8760523890625 0.18379353437499998 0.916751521875 0.1764022328125 0.923371834375 0.1735335046875 0.928627790625 0.16749533125 0.940019390625 0.16469878124999998
0 0.9050403046875 0.1026329890625 0.8943285078125 0.10040173593749999 0.8629752328125001 0.10244649531250001 0.8476888656250001 0.105633959375 0.8442819328125 0.108731228125 0.8475944640625 0.11390939375 0.8626888656249999 0.118456090625 0.8979369046875 0.11602041562500001 0.9066989453125001 0.11183459843750002 0.907086046875 0.10518297968749998 0.9050403046875 0.1026329890625
0 0.9004404031250001 0.0375180765625 0.8769742328125 0.0393222828125 0.8608097578124999 0.037638306249999996 0.83675976875 0.0406032375 0.827802596875 0.0437065140625 0.8258575859375 0.0505144984375 0.817095546875 0.054700315624999996 0.8505937125 0.06015517031249999 0.8910017265624999 0.0555484046875 0.9027820140625 0.050508585937499996 0.9033626640625 0.04053115625 0.9004404031250001 0.0375180765625
0 0.9543255281249999 0.9567948296875001 0.9435161640624999 0.9540223046874999 0.90943734375 0.9585448781249999 0.8730248296875001 0.9721187062500001 0.8914301796874999 0.977435215625 0.9068156984375 0.979197375 0.9122699546874999 0.9830584468750001 0.9111998828125 0.98592116875 0.93223004375 0.9794018875000001 0.9427435421875 0.9717338953124999 0.9610465734375 0.9632840765624999 0.9543255281249999 0.9567948296875001
0 0.8293986859375 0.9632718765625 0.8131366468750001 0.961046628125 0.7849967546875 0.9633199296875 0.75841951875 0.9786619218749999 0.7711754749999999 0.9790348140624999 0.7836403140625 0.9821922437499999 0.8279446781249999 0.9816029187499999 0.8389460109375 0.9766412828125001 0.8381638921875 0.9679027625 0.8293986859375 0.9632718765625
0 0.6678253296875 1 0.6717652984375 0.9994827000000001 0.681501425 0.9963012421874999 0.6858808625 0.9897999828125 0.7102203859375 0.9796421593750001 0.7097309671875001 0.9725274531249999 0.7047629625 0.9669643828125001 0.684411021875 0.9640475078125 0.677888275 0.9674575046875 0.644199725 0.9741451671875 0.6136301546875 0.9893367984375001 0.6222977937499999 0.9934264140625 0.6391436515625 0.9944909359375 0.6502675953125 1 0.6678253296875 1
0 0.22558684062499998 0.9527884671875 0.2255852578125 0.9483801140624999 0.21759900625 0.943671046875 0.19997419375 0.9426847078125 0.1959802765625 0.938125996875 0.1913065546875 0.9385950921875 0.1872182359375 0.9423118140625 0.12957567812499998 0.9480973234375 0.119642834375 0.9457878890625 0.11604076875 0.9478026156249999 0.12139746093749999 0.9511224171875 0.122177996875 0.9554525859374999 0.11205318281250001 0.9608773109375001 0.1296779953125 0.9618636515625001 0.15012908593750002 0.96973015 0.171258396875 0.9681604921875 0.1875204375 0.9703857390625 0.196477609375 0.9672824640625001 0.20611775312499997 0.9679680875000001 0.2114728609375 0.9668795375 0.219065678125 0.9606068171875 0.22558684062499998 0.9527884671875
0 0.15291261875 0.8575848109375 0.133632334375 0.856213565625 0.11289487499999999 0.8643566609375 0.0989712796875 0.8663052171875 0.1031603296875 0.8719464703125 0.101215321875 0.8787544531249999 0.11309475625000001 0.8786642578125001 0.12984463125 0.883595859375 0.1591521625 0.879001109375 0.16704085 0.8831689078125 0.186321134375 0.8845401515625 0.1881685765625 0.877190896875 0.1943986203125 0.872157084375 0.19556309375 0.8610189296874999 0.18183146562500002 0.855233325 0.15291261875 0.8575848109375
0 0.170024265625 0.7853311625 0.1201664921875 0.7771097921875 0.1148113859375 0.778198340625 0.0927127375 0.7919886953125 0.091644246875 0.79925976875 0.0857069046875 0.80591739375 0.09524948125 0.8060617453125 0.11034388125000001 0.8106084421875 0.152893621875 0.8046845875 0.1618507953125 0.8015813125 0.170903953125 0.79461095625 0.170024265625 0.7853311625
0 0.15168956875 0.70561394375 0.117999434375 0.7078932531250001 0.0905425125 0.713955453125 0.0928825390625 0.7225376078125 0.14419906875 0.725652990625 0.160459525 0.7234698859375001 0.1660066 0.714647175 0.1653236296875 0.7108582765625 0.15168956875 0.70561394375
0 0.1439754375 0.645220115625 0.1447528078125 0.64073358125 0.1397848015625 0.6351705109375 0.08282046562499999 0.6315198640624999 0.0742519765625 0.6323798734375 0.04611525 0.6434698765625 0.055852960937499994 0.6446967703125 0.0697813046875 0.6559732687500001 0.07620806875 0.65643035 0.0900372609375 0.6627572265625 0.09909358593749999 0.6646035734375 0.11584029375 0.660718471875 0.12168007031250001 0.653519575 0.1397895515625 0.6483955671875 0.1439754375 0.645220115625
0 0.06176338906249999 0.5630971625 0.047548676562499996 0.5678302578125 0.0368400453125 0.574415709375 0.06654259375 0.5852110984375 0.09195535625 0.5810072609375 0.10159549999999999 0.5816928828125 0.1183422078125 0.5778077828125 0.1303144640625 0.5650338015624999 0.11161641093750001 0.558093478125 0.06176338906249999 0.5630971625
0 0.0880257609375 0.48441443125 0.075660071875 0.486206625 0.0572563046875 0.4852984671875 0.0424577734375 0.4911922890625 0.044700232812500004 0.499233171875 0.056581251562500004 0.503551328125 0.083358371875 0.502516934375 0.09075922187499999 0.5039783765625 0.1001066625 0.5030401859375 0.105071503125 0.49978655156249996 0.11334570625 0.49289437812500003 0.11022830937500001 0.48879875781250004 0.0880257609375 0.48441443125
0 0.0944287734375 0.418746234375 0.0509993453125 0.41539029843749997 0.037952271875 0.41780194374999996 0.0315270921875 0.421753215625 0.035132326562499996 0.42855519218750004 0.048766385937500004 0.43379952499999996 0.091124159375 0.43560983125 0.1063129609375 0.43188109375000006 0.10962232499999999 0.42824255468750005 0.1081604015625 0.4245318390625 0.0944287734375 0.418746234375
0 0.09012315625 0.3596634890625 0.0782421375 0.35534533437500004 0.0423127109375 0.3584004609375 0.027902860937500003 0.3620510140625 0.0253724515625 0.3656113734375 0.026931942187500002 0.3698633578125 0.039008095312500005 0.3752640546875 0.0795136765625 0.3711985625 0.0891522359375 0.36747583281249996 0.0924616015625 0.36383729374999996 0.09012315625 0.3596634890625
0 0.0877625484375 0.293772759375 0.0840597484375 0.2864295109375 0.0789957609375 0.284733521875 0.034787378125000004 0.28145576875 0.01687145 0.283253965625 0.0116341859375 0.2855233875 0.0120057578125 0.2946423875 0.0206749828125 0.2999551875 0.0560221734375 0.3024691390625 0.08007216406249999 0.2995042078125 0.0877625484375 0.293772759375
0 0.068751215625 0.22790005 0.06874963281249999 0.22349169687499998 0.060763381250000005 0.218782628125 0.0092533 0.2189930546875 0.008933178125 0.21923590312500002 0.009592703125000001 0.23542179531250002 0.012375446875 0.2363137328125 0.0525899109375 0.23503277812499998 0.06388394375 0.23169495312500002 0.068751215625 0.22790005
0 0.044188059375 0.15762499375 0.03883136875 0.15430519375 0.006346139062500001 0.1557454203125 0.007313596875 0.1794885390625 0.0169310203125 0.1779947921875 0.028906440625 0.1740375171875 0.0461378171875 0.164042065625 0.044188059375 0.15762499375
0 0.0311204046875 0.10272806718750001 0.02352441875 0.10018408281249999 0.0040602437499999994 0.09964552812500001 0.004855303125 0.11915765781250001 0.0055172546875 0.11907441875 0.0318049546875 0.11092531718750001 0.0335564140625 0.1074431421875 0.0311204046875 0.10272806718750001
0 0.242897190625 0.34928932968750004 0.22098892343749998 0.3509371703125 0.20199817343749998 0.342373034375 0.19683820000000002 0.344544125 0.194406940625 0.35305410625 0.1914862609375 0.354449378125 0.172693809375 0.355784490625 0.17357191249999998 0.3606559296875 0.19558407656250001 0.377182765625 0.2240150875 0.372124928125 0.25263964843750003 0.363741278125 0.2529276 0.35214003437499997 0.242897190625 0.34928932968750004
0 0.217460678125 0.2873678890625 0.20431603593749997 0.28923826406250003 0.1741304 0.2889615734375 0.1555346671875 0.29578757968749997 0.160988925 0.2996486515625 0.16907116093750002 0.30049064062499997 0.1794918421875 0.3055064328125 0.225158978125 0.3036782 0.233725884375 0.29840983906249996 0.234210553125 0.292299490625 0.217460678125 0.2873678890625
0 0.208575740625 0.22047880625 0.16806699218750001 0.21572759531250002 0.160275875 0.2121010703125 0.1578446140625 0.22061104999999998 0.142268709375 0.23099140468749998 0.1457763765625 0.2372521109375 0.1510355 0.24003064218749998 0.1708020375 0.239699890625 0.1879405984375 0.242388228125 0.1963139515625 0.240445678125 0.21325421093750002 0.2332347671875 0.2155894890625 0.22859186562499997 0.208575740625 0.22047880625
0 0.1899546765625 0.1567711796875 0.1629808390625 0.15231468125 0.13464581250000002 0.153505440625 0.1206278171875 0.163729428125 0.1264723421875 0.1697555875 0.1436109015625 0.17244392343749998 0.1830448296875 0.1668327984375 0.1906392296875 0.16496843125 0.19462998125 0.1607104375 0.1899546765625 0.1567711796875
0 0.1736688890625 0.08842065625 0.1481569765625 0.0876748703125 0.125664890625 0.0904834375 0.1199211 0.093815253125 0.12002025000000001 0.0987648765625 0.13034494531250002 0.1076477484375 0.1407640421875 0.1082551890625 0.1545900703125 0.1057653609375 0.1769830046875 0.098007171875 0.177565240625 0.0924380953125 0.1736688890625 0.08842065625
0 0.42658257187500004 0.46200625625 0.375757046875 0.47041393125 0.3572588796875 0.47778120937499996 0.3539495140625 0.48141974843749996 0.360961678125 0.48512445781249997 0.3858897734375 0.4870309671875 0.42639377187500005 0.47855712187500005 0.4353493609375 0.47104549375 0.43184169531250005 0.4647847875 0.42658257187500004 0.46200625625
0 0.393257375 0.39591701874999996 0.366868940625 0.3947081453125 0.34710398593749997 0.3994472484375 0.3660003375 0.41628681562500003 0.413614065625 0.41205895156250005 0.4164371796875 0.41012240625 0.4125392453125 0.401696615625 0.393257375 0.39591701874999996
0 0.39372462812500003 0.3413148015625 0.387686553125 0.33861445 0.379020496875 0.3389331890625 0.37473704531249996 0.3415673671875 0.339196303125 0.342379228125 0.3362756234375 0.3437745 0.339295453125 0.34732885156250004 0.3307285484375 0.3525972125 0.333457259375 0.3589361015625 0.342222465625 0.36356698593750003 0.3710437453125 0.36067423125000003 0.3800009171875 0.3575709546875 0.3939229296875 0.3512140453125 0.396355775 0.34711241875 0.39372462812500003 0.3413148015625
0 0.3898045328125 0.271172084375 0.38308506875 0.2690911875 0.3489086828125 0.27307249218749996 0.3075281640625 0.2810832484375 0.3034398453125 0.284799971875 0.3073361953125 0.2888174109375 0.3129840046875 0.289352675 0.3409303453125 0.2904051828125 0.37296500625 0.28774096875 0.388833609375 0.278984428125 0.3917527078125 0.273180803125 0.3898045328125 0.271172084375
0 0.3721575546875 0.2084688171875 0.3564793359375 0.20508284687499997 0.3276580546875 0.2079756015625 0.3049724203125 0.2141099765625 0.2989375109375 0.22022633125 0.3111096484375 0.2217599484375 0.3274708375 0.22893481875 0.3468471078125 0.22643898281250002 0.3733299421875 0.2193724234375 0.37605548906249997 0.216894609375 0.3721575546875 0.2084688171875
0 0.3473080296875 0.15420335624999998 0.3414650875 0.15258555000000001 0.30251741249999997 0.156494678125 0.2865512421875 0.1647099484375 0.28499491718750003 0.1692746671875 0.28577545312499997 0.1736048359375 0.2924949171875 0.17568573125 0.32579478281249996 0.17124133749999998 0.346532240625 0.16309824374999998 0.349062653125 0.1595378859375 0.3473080296875 0.15420335624999998
0 0.331796446875 0.07254959375 0.321182215625 0.0708596109375 0.27366605312500003 0.0756287484375 0.2562395421875 0.0845416546875 0.2688035296875 0.0926487109375 0.33034085625 0.0864722859375 0.33696116875 0.08360355781249999 0.3371531359375 0.0758693984375 0.331796446875 0.07254959375
0 0.5563355234375 0.33711715625 0.5390034109374999 0.3377546296875 0.5164137609375 0.34002192343750004 0.5037585375 0.3490070078125 0.5035649875 0.35233281562499996 0.5246958796875 0.3551715109375 0.5511802984374999 0.35251330468750003 0.5578006125 0.3496445765625 0.56373795625 0.34298695 0.5606205578125001 0.338891328125 0.5563355234375 0.33711715625
0 0.5480344046875001 0.2690673484375 0.5373226078125 0.26683609375 0.49048782968750004 0.270985778125 0.4741313921875 0.27703596406250003 0.4702382078125 0.281835228125 0.47666496875000003 0.2822923109375 0.48143784062500006 0.2867728390625 0.502178465625 0.287446446875 0.4982852828125 0.29224571250000003 0.5014026781250001 0.29634133125 0.5351872125 0.2857865921875 0.5446322218749999 0.28538967187500003 0.5503760125 0.28205785625 0.5528072749999999 0.2735478765625 0.5480344046875001 0.2690673484375
0 0.5341830437499999 0.201023546875 0.525419421875 0.20080101250000001 0.5175307375 0.196633215625 0.51149424375 0.19834121875 0.4874426703125 0.196897796875 0.4531687171875 0.20033782968749997 0.4581351390625 0.20149255 0.46485776875000007 0.2123901484375 0.4901777140625 0.22087009375000002 0.53915421875 0.2154033203125 0.5453842609375 0.2103695078125 0.542753115625 0.2045718921875 0.5341830437499999 0.201023546875
0 0.484400675 0.1316265203125 0.4594773296875 0.142945065625 0.4801251390625 0.156302459375 0.5269599140625 0.152152778125 0.52724945 0.1449598859375 0.5223790109374999 0.1399380890625 0.484400675 0.1316265203125
0 0.4610083234375 0.0678467203125 0.4515648984375 0.072651990625 0.4484506671875 0.0773730734375 0.442414171875 0.07908107656249999 0.4468959265625 0.0863461421875 0.465689959375 0.0894193828125 0.5170033234375 0.0837180625 0.5177791093749999 0.07482317656250001 0.49577011249999997 0.0671130421875 0.4610083234375 0.0678467203125
0 0.482220953125 0.0271431671875 0.4940012375 0.022103346875 0.4967930703125 0.0202427671875 0.46503659218750004 0.0189487890625 0.435129653125 0.0219505109375 0.43625953125 0.022939232812499998 0.4650839765625 0.0288631828125 0.482220953125 0.0271431671875
0 0.7090737328125 0.498127446875 0.6709050109375 0.5019583921875 0.678403428125 0.50396110625 0.6784050109375 0.5083694578125 0.6733426046875 0.5110818203124999 0.67792034375 0.51447980625 0.68746291875 0.51462415625 0.6959354234374999 0.5176312281250001 0.71657848125 0.5177635671874999 0.7213481859375 0.513427390625 0.73429769375 0.510474475 0.7370216578125001 0.5035883078125 0.7325414875 0.5007315921875 0.7090737328125 0.498127446875
0 0.712752784375 0.4393454171875 0.7024312546875 0.4392792484375 0.681591478125 0.4336560171875 0.6709804140625 0.4407827390625 0.6571543875 0.44327256718749997 0.65170329375 0.44822819843749995 0.6516073109375 0.45209527656250004 0.6732276234375 0.46204867812500006 0.7039970765625 0.46116464375 0.7126615484375 0.45643755468749997 0.7238595984375 0.45696681093749997 0.7302847781249999 0.45301554218750006 0.7267771140625 0.4467548359375 0.712752784375 0.4393454171875
0 0.6835190718749999 0.3783561625 0.6634582499999999 0.3726547484375 0.646906675 0.37762239062499997 0.6485637328125 0.3824156484375 0.641554734375 0.38752764375000004 0.6453535171875 0.3910038125 0.661908259375 0.394852871875 0.6911198046875 0.39412520156249997 0.7134167546875 0.3902340953125 0.7146803765625 0.3840455640625 0.71088159375 0.38056939375 0.6835190718749999 0.3783561625
0 0.6823276859375 0.3145523328125 0.6544789125 0.314041096875 0.6427961921875001 0.3196221859375 0.63958439375 0.3238019984375 0.630627221875 0.32690527343750003 0.63919729375 0.3304536171875 0.6650019078125 0.33282321718749996 0.6885656453125 0.33156028125 0.6959664953125 0.333021721875 0.709890090625 0.3310731640625 0.7126140546874999 0.324186996875 0.7108594296875 0.31885246875 0.6823276859375 0.3145523328125
0 0.6908724281249999 0.24756704843750002 0.668962578125 0.2448065359375 0.6221293875 0.2533645703125 0.6213551828125 0.26666781093749997 0.6418046890625 0.27012595625 0.6593303515625 0.2661626734375 0.6688729265625 0.2663070234375 0.69000065625 0.2603290140625 0.6937962734374999 0.254988478125 0.6908724281249999 0.24756704843750002
0 0.673227034375 0.18927213437499998 0.6616387140625 0.18657779375 0.6441114703124999 0.1861327234375 0.60175528125 0.18873077031250002 0.6103253515625 0.1922791140625 0.6097431156249999 0.197848190625 0.61675528125 0.2015528984375 0.632921334375 0.207645225 0.645384590625 0.2063943046875 0.6720625609375 0.2004102875 0.6759557453125 0.1956110234375 0.673227034375 0.18927213437499998
0 0.6635631421875 0.12246123281250001 0.6524610765625 0.1180648953125 0.6102008703124999 0.11679586093750001 0.589560978125 0.125480225 0.5922896890625 0.1318191140625 0.613713284375 0.13628162187499998 0.62831985 0.1381219625 0.6547067015625 0.13492248281250002 0.6615221484375 0.1331362984375 0.6645388125 0.12787394531250001 0.6635631421875 0.12246123281250001
0 0.65779401875 0.055259420312499995 0.646691953125 0.0508630828125 0.59995474375 0.0555540359375 0.58866229375 0.0633002109375 0.576394171875 0.065633675 0.581945996875 0.0700360203125 0.6099899046874999 0.0716298 0.625568975 0.070066146875 0.6370597250000001 0.07221921875000001 0.6570198140625 0.068562659375 0.6628611734375001 0.06577211250000001 0.6619830703125 0.0609006734375 0.65779401875 0.055259420312499995
0 0.8935713156249999 0.70334158125 0.8740974781249999 0.7052961453125 0.8601722984375 0.70283635 0.8349562515625 0.7125310828125 0.8496603859375 0.7149126953125 0.8522915296875 0.7207103125 0.8655369046875 0.7281979125 0.9017574515625 0.722358246875 0.918113890625 0.7163080609375 0.9160649812500001 0.704941365625 0.8935713156249999 0.70334158125
0 0.8840034078125001 0.6326636 0.846127390625 0.638118359375 0.8321093921875 0.6483423484374999 0.8469126734374999 0.655673584375 0.8944288374999999 0.650904446875 0.9018265203125001 0.6435491828125001 0.9014346703125 0.6369757468749999 0.8840034078125001 0.6326636
0 0.8555439 0.55837110625 0.83996483125 0.5599347578125 0.8258476859374999 0.5652091234375 0.8111483015625 0.5760525671875001 0.8316937937500001 0.5756436359375 0.8417242046875 0.5784943421875 0.8799904921874999 0.5752046671875 0.886708371875 0.572877209375 0.8906991234375001 0.568619215625 0.8888469328124999 0.5627434171875 0.8555439 0.55837110625
0 0.85717879375 0.5014474375 0.8321531312499999 0.49899965625 0.8228041078125001 0.495529496875 0.8190069062499999 0.4964616796875 0.8172554468750001 0.499943853125 0.8031383015625 0.5052182203125 0.7978823453125 0.51125639375 0.801097309375 0.5158932875 0.8177496171874999 0.52028361875 0.8701346328125 0.516127928125 0.8781177203125001 0.5120202921875 0.8664302515625 0.5043763265625001 0.85717879375 0.5014474375
0 0.8628988359375 0.4319903421875 0.8568607609375001 0.42928999375 0.8084649125000001 0.42477933749999996 0.783248865625 0.434474071875 0.7800370671875 0.43865388125000004 0.792306771875 0.4407287703125 0.8096420484375001 0.44890800000000003 0.82901831875 0.44641216406249995 0.8614416640625 0.441504684375 0.8646534625 0.437324871875 0.8628988359375 0.4319903421875
0 0.8397032031249999 0.3737014375 0.8242201187499999 0.37139800625 0.789751028125 0.3737554984375 0.7840072375 0.377087315625 0.7880011546875 0.3816460234375 0.8091336328125 0.38889307031250003 0.8379549109375001 0.3860003140625 0.846328265625 0.3840577640625 0.8487611093749999 0.3799561359375 0.8397032031249999 0.3737014375
0 0.8370514765625 0.3105952453125 0.8260469765625 0.3067401765625 0.7823264328125 0.306168778125 0.7607124515625 0.313848784375 0.7649990703125 0.3200313078125 0.7812611125 0.3222565546875 0.7899287484374999 0.3263461703125 0.8135900546875 0.32562450625 0.8265395625 0.322671590625 0.8348153500000001 0.320187765625 0.83938991875 0.31476905 0.8370514765625 0.3105952453125
0 0.8231025515624999 0.24201017187499999 0.81248831875 0.24032018906250002 0.7888270140625 0.24104185312499998 0.7771427109375 0.2422145921875 0.75222095 0.2579414890625 0.75738250625 0.2601787515625 0.784159625 0.25914435625 0.8190173984375001 0.2545435984375 0.8284608234374999 0.2497383265625 0.8285568078125 0.245871246875 0.8231025515624999 0.24201017187499999
0 0.8036065484374999 0.1822478109375 0.7835457265625 0.1765463953125 0.7558920875 0.1771177015625 0.7406073 0.18471351875 0.740608884375 0.18912186875 0.760864840625 0.195905828125 0.790465071875 0.192934890625 0.8011752875000001 0.19075778906250002 0.8044846531250001 0.18711925000000001 0.8036065484374999 0.1822478109375
0 0.7836195453125 0.11096239062499999 0.7704733203125 0.1084244109375 0.7490513078125 0.10837025781250001 0.7257802703125 0.11125700624999998 0.713416165625 0.1174575484375 0.7141967015625 0.12178771875000001 0.7351356296875 0.13236057343750002 0.762787684375 0.1273809171875 0.7844992328125 0.12024218125 0.786834509375 0.11559928125 0.7836195453125 0.11096239062499999
0 0.7372456921875 0.0428764453125 0.7195248953125 0.045757187500000004 0.71115470625 0.0565164421875 0.7233284265625 0.0624584109375 0.7371560390624999 0.0643769328125 0.76442099375 0.0660488953125 0.77532634375 0.0649543390625 0.7780518890625 0.062476525000000005 0.7786341250000001 0.056907448437499994 0.76762804375 0.048644028125 0.7372456921875 0.0428764453125
0 0.36614322499999996 0.271893746875 0.3596220625 0.279712096875 0.35504590937499997 0.280722465625 0.35475479062500004 0.283507003125 0.36468763593750003 0.2858164390625 0.3853291109375 0.281540425 0.38522837656250003 0.27218244999999996 0.37549066875000003 0.27095555625 0.36614322499999996 0.271893746875
0 0.7636226390624999 0.5543715921875 0.7517432046875 0.5544617890625 0.720585065625 0.5575890921875 0.701893346875 0.5682821765625 0.6904041796875 0.570537459375 0.721565484375 0.5762268609375 0.734223875 0.5760584796875 0.7669399203125 0.5727748125 0.7775509859375 0.565648090625 0.779107309375 0.561083375 0.7752109593750001 0.5570659359375 0.7636226390624999 0.5543715921875
0 0.6363874375 0.640433521875 0.61301883125 0.642778996875 0.5965616578125 0.6394712078125 0.5926668890625 0.6398621203125 0.5930587421875 0.646435559375 0.5888744406249999 0.6540193609375 0.5793350312500001 0.6626917125 0.5672620421875 0.66610771875 0.5964751734375 0.6697884015625 0.6243207796875 0.661482934375 0.6324030171875 0.662324921875 0.652361521875 0.6542600078125 0.649923928125 0.6451365828125 0.6363874375 0.640433521875
0 0.6234110140625 0.5684444562500001 0.5948808515625 0.568552671875 0.573559575 0.5778564937499999 0.571905684375 0.5818799390625 0.574730378125 0.5843517453125 0.5986859671875 0.5896622484375 0.6146537249999999 0.5858553296875 0.6276064 0.591719115625 0.63033194375 0.5892413015625 0.6366611390625 0.5891571124999999 0.63958181875 0.5877618390625 0.6444459234375 0.5751502312500001 0.6234110140625 0.5684444562500001
0 0.4692098890625 0.6720916421875 0.46492485156249996 0.670317471875 0.4170184203125 0.672921521875 0.40747426249999996 0.6683688203125 0.40046368125000004 0.6690724640625 0.409910271875 0.67308389375 0.4114697625 0.67733588125 0.40212390625000005 0.682682425 0.3990096734375 0.68740350625 0.4168312046875 0.6938807406249999 0.427346284375 0.6906210984375 0.44691768906249996 0.68920780625 0.4656109875 0.682923071875 0.47008799218749997 0.6769630828125 0.4692098890625 0.6720916421875
0 0.5077451296875 0.6043005031249999 0.5088152015625 0.6014377828125 0.4951811390625 0.59619345 0.46528978906249996 0.6019489250000001 0.45788735625 0.59607913125 0.44221072031249997 0.5971015125 0.4393876078125 0.5990380562500001 0.42526887812499997 0.599904071875 0.40209699062500004 0.6077404421875 0.392752715625 0.6174953359375001 0.4018090390625 0.6193416859374999 0.43725221562499994 0.617988553125 0.44971546875 0.61673763125 0.46850633750000004 0.6109941703125 0.4835015875 0.61059124375 0.4919709265625 0.6047816125 0.4987863734375 0.6029954265625 0.5077451296875 0.6043005031249999
0 0.319652403125 0.691511046875 0.31322405781249996 0.6866456140625 0.3066021609375 0.685105990625 0.289953021875 0.6895323624999999 0.2599625203125 0.690338215625 0.2385436734375 0.6991007640625 0.23426180468750002 0.706143296875 0.22832287812500002 0.7083925703125 0.2586076625 0.7136188812500001 0.286162153125 0.7080979546874999 0.30057358437500004 0.7088557515625 0.304564334375 0.704597759375 0.31507941562499997 0.7013381171875 0.319652403125 0.691511046875
0 0.2872965453125 0.6132011140625 0.2671397390625 0.6113667796875 0.2464982625 0.6156427953125 0.23413415781250002 0.6218433375 0.22108708125 0.6242549859375 0.22147735000000002 0.6264200703125 0.232676984375 0.631357678125 0.22849268125000002 0.6389414828125 0.2182703015625 0.6438249359375 0.2942190578125 0.6384063109375 0.3040480015625 0.62254106875 0.30190469375 0.61944980625 0.2872965453125 0.6132011140625
0 0.304803209375 0.556337609375 0.301100409375 0.5489943609375 0.2840594140625 0.5468472953125 0.276949684375 0.5426013171874999 0.2608859453125 0.550275315625 0.2346926453125 0.550148984375 0.2097708828125 0.56587588125 0.24112890625 0.577056178125 0.2620630828125 0.5744039765625 0.2772518859375 0.570675240625 0.3015914109375 0.56051741875 0.304803209375 0.556337609375
0 0.274497840625 0.493802721875 0.2682646328125 0.49001982968749996 0.250834953125 0.490116034375 0.22687936406250003 0.48480553125 0.2021479859375 0.4883899171875 0.20769981093749998 0.49279226249999997 0.208286796875 0.500448240625 0.22260382656250002 0.509481471875 0.2375015109375 0.5085372734375 0.2539586828125 0.5118450609375 0.26603167031249997 0.50842905625 0.27479370937500003 0.5042432406249999 0.2771289875 0.4996003390625 0.274497840625 0.493802721875
0 0.2430470015625 0.49530621249999995 0.24392510625 0.5001776515625 0.24801659062499998 0.5052776328124999 0.2524951765625 0.5037259953125 0.2572632984375 0.4949814671875 0.2479142734375 0.49151130624999995 0.2430470015625 0.49530621249999995
0 0.261033584375 0.41910730156250003 0.25596959531249996 0.41741131249999996 0.2147810453125 0.41768790781250004 0.1803135421875 0.42445374999999996 0.18612554375 0.43029948593749995 0.186647484375 0.43759461718750003 0.19044626874999998 0.441070784375 0.20885003281249997 0.44197894218749995 0.239131653125 0.4383885515625 0.2409822609375 0.4398559984375 0.2496467328125 0.43512890937500004 0.2598706953125 0.43465380624999994 0.26551692031249996 0.43078071875 0.2660991578125 0.42521164375 0.261033584375 0.41910730156250003
0 0.5883137796875 0.4485288203125 0.564943590625 0.4464659453125 0.55656706875 0.4395917921875 0.5483872671875 0.4382085328125 0.543615978125 0.43813635624999997 0.5246315609375001 0.44720562968750005 0.515775121875 0.459666878125 0.5162629562500001 0.4623732359375 0.5214245140625 0.46461049374999996 0.5388541890625 0.4645142921875 0.5580384921875 0.46975261875 0.5744924984375 0.464243703125 0.5849115953124999 0.46485114375 0.596204046875 0.45710496875000006 0.59630003125 0.4532378875 0.5883137796875 0.4485288203125
0 0.56336351875 0.38490538281250003 0.547199046875 0.38322140781249997 0.530645890625 0.3837807015625 0.511855021875 0.38952416093750003 0.50990843125 0.3919237953125 0.5149724203125 0.393619784375 0.5111768015625 0.3989603203125 0.5035824015625 0.4008246875 0.5725237421875 0.4049264109375 0.5841104765625 0.40321240156249993 0.5886850484374999 0.39779368125 0.586735290625 0.3913766109375 0.56336351875 0.38490538281250003
0 0.6258264421875 0.51585095625 0.6236831328125 0.51275969375 0.6152106296875 0.5097526234374999 0.5934959156249999 0.5080746546875 0.5746074812499999 0.513276846875 0.5502695390625 0.52784301875 0.5655574890625 0.5290639046875001 0.5844506734375 0.5370867703125 0.5913636890625 0.5358418546875 0.5994427578125 0.5278671390625 0.6229073484375001 0.5216545828125 0.6258264421875 0.51585095625
0 0.39837202656250004 0.5386802687500001 0.3863006234375 0.5465046250000001 0.37510415468749997 0.55038371875 0.37354783125 0.5549484359375 0.4085692703125 0.5541887 0.415612903125 0.5551349296875 0.423112903125 0.5615459953124999 0.430411434375 0.5492411078125 0.45445825937500006 0.537459475 0.4583498625 0.52825185625 0.4383881890625 0.527500065625 0.39837202656250004 0.5386802687500001
0 0.9414435046875 0.8765303328125 0.9254710015625 0.8671121953125001 0.90103074375 0.8679120421875 0.8556578890625 0.8757724390625 0.8513744375 0.8784066203125 0.8521549734375 0.8827367890625 0.8756227296875 0.885340934375 0.8852644546875 0.8904349093749999 0.9268432750000001 0.8923233984375001 0.93599558125 0.8903026671875001 0.9431997125 0.8862732125000001 0.9447560375 0.8817084968750001 0.9414435046875 0.8765303328125
0 0.879872934375 0.790131365625 0.8545577390625001 0.7948764765624999 0.8497880328124999 0.7992126515625 0.8487195453125 0.806483725 0.8365505734375001 0.8137668109374999 0.851059571875 0.81506588125 0.8638171124999999 0.8198471250000001 0.8920529875 0.8137067421875 0.8989707499999999 0.825686884375 0.9086061437499999 0.81314745 0.91941234375 0.8071032718750001 0.9191180593749999 0.80107110625 0.9143451875 0.796590578125 0.879872934375 0.790131365625
0 0.8142757890625001 0.8793748453125 0.7653936875 0.8765661859374999 0.754392353125 0.8815278234375 0.7368666921875 0.8854911062499999 0.7399840890625 0.8895867281250001 0.7594610921875 0.8964488671874999 0.789162059375 0.9028359046875 0.8166189828125001 0.8967737046875 0.8241142312499999 0.8899597124999999 0.8220669062500001 0.8830013718749999 0.8142757890625001 0.8793748453125
0 0.664228884375 0.8916795421874999 0.631415271875 0.8944219406249999 0.6144750125 0.9016328515625001 0.6019141890624999 0.9023425015625 0.5980225875 0.9115501171875 0.6147708796875 0.9120733671875 0.6360969078125 0.9159946031249999 0.65625213125 0.913420584375 0.6797198859375 0.91602473125 0.6879956734375 0.9135409093750001 0.692472678125 0.9075809203125 0.690911603125 0.8989205796874999 0.664228884375 0.8916795421874999
0 0.5326880609375 0.9186587234375001 0.5216835640624999 0.9148036578125 0.50678588125 0.9157478546875 0.485069584375 0.9096615343750001 0.47835487031249996 0.92080569375 0.4547927140625 0.9264769812500001 0.454016928125 0.9353718656250001 0.4637546375 0.9365987625000001 0.4795320078125 0.9449343546875 0.4953046296875 0.9400448953125 0.513220559375 0.9382466953125 0.5269506015625 0.9396239468750001 0.533180646875 0.9345901359375001 0.549829790625 0.9301637625 0.5326880609375 0.9186587234375001
0 0.3533288796875 0.9223331171875 0.34816573906250003 0.9156875046874999 0.34836245625 0.9211784 0.33862632812500004 0.9243598562500001 0.3231416609375 0.9176480765624999 0.313696653125 0.9180449953125001 0.3062014015625 0.9248589875000001 0.29208425625 0.9301333546875 0.28887245625 0.934313165625 0.2912109 0.93848696875 0.3049913125 0.944543209375 0.3072825546875 0.9528547296875001 0.3237365625 0.9473458140625001 0.34953959375 0.945307059375 0.365896034375 0.9392568765625 0.37075855625 0.9222369140625 0.3533288796875 0.9223331171875
0 0.349213646875 0.85110785625 0.34979588281249996 0.8455387828125 0.3363569546875 0.8413769906249999 0.3167855515625 0.8427902843749999 0.2821229125 0.848473584375 0.2633320453125 0.8542170468749999 0.2601202484375 0.8583968578125001 0.273071340625 0.85985229375 0.2835895859375 0.86540935625 0.298488853125 0.8688735078125 0.30374955937500003 0.8760603937500001 0.3227355609375 0.871399471875 0.3474653546875 0.8634067359375001 0.3528172953125 0.853501484375 0.349213646875 0.85110785625
0 0.3179262765625 0.7655268515625 0.2937755515625 0.7591338078125001 0.285208646875 0.76440216875 0.27313407500000003 0.7634098203125 0.2613553734375 0.77285799375 0.24918481875 0.775732728125 0.227572421875 0.7878210859375 0.24948226875 0.790581596875 0.26136329062499997 0.7948997531249999 0.281614496875 0.78845865625 0.292131159375 0.789607365625 0.3180285921875 0.7792931796875 0.3227967140625 0.7705486500000001 0.3179262765625 0.7655268515625
0 0.4655324203125 0.7352820234374999 0.45579787656250004 0.7428718328125 0.42327854687500005 0.7516463953125 0.40438852968749994 0.7524402343750001 0.395725640625 0.761575675 0.4284448515625 0.7671087109375 0.45434386718750003 0.761202878125 0.466904690625 0.760493228125 0.486279378125 0.753589040625 0.49007341249999997 0.7438401531250001 0.4655324203125 0.7352820234374999
0 0.5164919265625 0.8288077125 0.5048060421875 0.8255720984374999 0.4707272234375 0.830094671875 0.4575809984375 0.8275566953125001 0.4556344046875 0.8299563296875 0.4580704171875 0.8346714046875 0.4422018109375 0.8434279453125001 0.439282715625 0.8492315703125 0.461387696875 0.8530746234375 0.4872867140625 0.8471687890625 0.49488428124999995 0.854121125 0.49936286562500004 0.8525694859374999 0.4996539828125 0.8497849484375 0.5195117578125 0.8323620609375 0.5164919265625 0.8288077125
0 0.6805568281250001 0.8062790234375001 0.6528056203125 0.8063090562499999 0.6399505125 0.8009865406250001 0.6345954046875 0.802075090625 0.6270025875 0.8083478109375 0.6061659796875001 0.8115412828125 0.6061675609375 0.815949634375 0.6148352 0.82003925 0.6180501640625 0.82467614375 0.608509171875 0.82894014375 0.6363595296875 0.8338597312499999 0.6447328828125001 0.83191718125 0.6524232671875 0.8261857328125 0.6738452796875001 0.8262398875000001 0.6864045187500001 0.821121884375 0.6868876046875 0.8106031859374999 0.6805568281250001 0.8062790234375001
0 0.7969167625 0.8050703359375 0.773447425 0.7980578406250001 0.7468654390625 0.8001747765625 0.740537828125 0.8046673156249999 0.7275883203125 0.807620234375 0.7313886875 0.8155047546875 0.745995253125 0.81734509375 0.753301703125 0.82708196875 0.7703411109375 0.82482068125 0.798575403125 0.814271946875 0.79993659375 0.8086246875 0.7969167625 0.8050703359375
0 0.7746825515625 0.7125189749999999 0.727459090625 0.7189119265625 0.7198631062499999 0.7163679421875 0.7158691890625 0.71180923125 0.7079820859375 0.7120497859375 0.713047659375 0.7181541265625 0.708959340625 0.7218708515625 0.7096423109375001 0.7256597484375 0.7222047171875 0.7293584484375 0.7373982671875 0.73885476875 0.7510291625 0.7352823984375 0.7690426578125 0.7340254703125 0.778778784375 0.7308440109375 0.782867103125 0.727127290625 0.7746825515625 0.7125189749999999
0 0.6583241984375 0.7181360125 0.629598903125 0.7171616875 0.6093461140625 0.7191944343750001 0.59873188125 0.717504453125 0.585782375 0.7204573703125 0.5826681421875 0.7251784515625 0.583546246875 0.7300498921874999 0.59873663125 0.73072950625 0.6099362625 0.7356671171875 0.6372987859375 0.73788035 0.6630042515625 0.7353003250000001 0.6684553421875 0.73034469375 0.6682586265625 0.7248538015625 0.6583241984375 0.7181360125
0 0.7705704859375 0.65011041875 0.762876934375 0.647025165625 0.75284810625 0.648582809375 0.7435966484375001 0.64565391875 0.726945921875 0.645671940625 0.6962740359375 0.647097246875 0.69267196875 0.6491119734375 0.70474970625 0.6589210234375 0.7191627203125 0.6640871749999999 0.74048875 0.668008409375 0.7628832671875 0.6646585734375 0.7702825328125 0.6617116625 0.7747595359375 0.6557516718749999 0.7705704859375 0.65011041875