0 0.047218340625 0.077448790625 0.052524043750000006 0.083026959375 0.06330957968749999 0.086721746875 0.084289715625 0.08615744374999999 0.098950328125 0.090181996875 0.1082679234375 0.09022728906250001 0.13811153125 0.075891753125 0.13739621875000002 0.07326755625 0.117305525 0.068994509375 0.1050893640625 0.060051321874999994 0.0824671578125 0.06442767968749999 0.0669419796875 0.06417453906250001 0.054427307812500006 0.06802258125 0.048897724999999996 0.072037834375 0.047218340625 0.077448790625
0 0.042304853125 0.1548916796875 0.047610556250000005 0.1604698484375 0.0901742015625 0.16676215156250002 0.1058113203125 0.16221858125 0.11981880781250001 0.1609540984375 0.1284957140625 0.1551773828125 0.1256095828125 0.1457465234375 0.11086190781250001 0.14545274218749998 0.0915735921875 0.14007312031250002 0.0635834953125 0.1415361484375 0.047958812499999996 0.14554675156250002 0.04244166875 0.1490290359375 0.042304853125 0.1548916796875
0 0.0750909890625 0.24739819375 0.0758063015625 0.25002239375 0.08503683125 0.253798459375 0.0851363359375 0.24953471718750003 0.0789660640625 0.2477279640625 0.0885075390625 0.23817983437499998 0.10097245937499999 0.23646366406250002 0.108069484375 0.23183416562499998 0.1074039234375 0.22707809375000002 0.0997283984375 0.22322075 0.0757750671875 0.218084965625 0.05863269375 0.2205779421875 0.043673575 0.2293446125 0.04268463125 0.23844570625 0.0750909890625 0.24739819375
0 0.0463361109375 0.314908590625 0.054789137499999994 0.3187252984375 0.0726592625 0.3183235515625 0.083432359375 0.32255130625 0.10602968906250002 0.319240884375 0.12870164687500002 0.3127326546875 0.13724173906249998 0.312818584375 0.13884649531249998 0.310605434375 0.1249385109375 0.3076061734375 0.1203729984375 0.30358627031249996 0.103429628125 0.29755176250000004 0.0621846703125 0.3013045703125 0.050435065625 0.30564494062500003 0.0433131625 0.3113403765625 0.0463361109375 0.314908590625
0 0.074027984375 0.3927764859375 0.08788621875 0.397907615625 0.092563671875 0.397130809375 0.100512828125 0.3892628640625 0.132713821875 0.3737394734375 0.1312085671875 0.37168888125 0.0962458203125 0.3724517328125 0.0441407 0.3757075609375 0.0401661234375 0.37964153125 0.0461871421875 0.3878439 0.074027984375 0.3927764859375
0 0.048507495312499996 0.45479464375 0.05303569375 0.46041345156249996 0.09954904375 0.46383771406249996 0.1073613828125 0.461832415625 0.12910658125000002 0.461760440625 0.13382135 0.45938473125 0.1261582640625 0.45499441875 0.12627020312499998 0.45019770625 0.0884337625 0.440996728125 0.072871271875 0.44234249062500003 0.058826471874999994 0.445205875 0.0501744390625 0.449916653125 0.048507495312499996 0.45479464375
0 0.07879306875 0.5213482953125 0.087936534375 0.5288551359375 0.09337905468749999 0.5285706593749999 0.11855764843750001 0.514478959375 0.0930990640625 0.5072925859375 0.06984860781249999 0.5053139703125 0.055816246874999996 0.5076443859374999 0.0510890421875 0.5105530640625 0.051704853125000005 0.51744100625 0.07879306875 0.5213482953125
0 0.0695876984375 0.5830459890624999 0.101427996875 0.582978665625 0.11785505624999999 0.5778614890625 0.11486942343749999 0.57269436875 0.095630859375 0.565182875 0.047413253125 0.56823550625 0.0435008640625 0.5695046406250001 0.0440918 0.5774585171875 0.0695876984375 0.5830459890624999
0 0.04649921875 0.6406784875 0.054224495312499996 0.6424039609375 0.09139537187499999 0.64684886875 0.11569695937499999 0.6370615546875 0.10948937656249999 0.636853703125 0.09951865625 0.6315193734375 0.08869580625 0.629423490625 0.06234777968750001 0.6270744640625 0.052992871875 0.628628078125 0.044365715625 0.6322729203125 0.043463834374999996 0.6376432390625 0.04649921875 0.6406784875
0 0.09776493124999999 0.7066678328125 0.11042885468750001 0.6964241765625 0.101347575 0.6862524984375 0.060164809374999996 0.6873404671875 0.0476252625 0.6922544453125 0.047451134374999995 0.6997159921875 0.09776493124999999 0.7066678328125
0 0.04105726875 0.7740423546875 0.06967561562499999 0.7789343 0.0827687828125 0.7835731046875 0.0889888046875 0.7832479859375 0.10700818125 0.7764506265625 0.11812953749999999 0.7657552828124999 0.1275093203125 0.7631357359375001 0.123721309375 0.7590751906250001 0.08726574687500001 0.7572544828125001 0.063100975 0.761179153125 0.046033228125 0.7604743218750001 0.0389735140625 0.76350491875 0.0373314453125 0.7673169734374999 0.04105726875 0.7740423546875
0 0.0317523921875 0.8400037921875001 0.0665658875 0.8456365546875 0.1000482546875 0.841757175 0.12281971249999998 0.8309852046874999 0.117476696875 0.8270059390625001 0.10037163593750001 0.8279000125 0.09812619375000001 0.824291159375 0.0568439234375 0.82964286875 0.049796646875 0.832140496875 0.043452246875 0.8377952921875 0.0317523921875 0.8400037921875001
0 0.0535973796875 0.90220776875 0.06363028750000001 0.904877259375 0.094705521875 0.90431760625 0.11029288906250001 0.9019059109375 0.114242590625 0.899037871875 0.1120344609375 0.8938301125000001 0.0981762265625 0.8886989812499999 0.06321348125000001 0.88946183125 0.053808821875 0.8931473171875 0.05210456249999999 0.899624209375 0.0535973796875 0.90220776875
0 0.045119759375 0.96599669375 0.068432403125 0.9653104703125001 0.0839078328125 0.967695484375 0.1080228515625 0.9659026859375001 0.1174026359375 0.9632831375 0.1206619015625 0.9567249656250001 0.130066559375 0.95303948125 0.09838795312500001 0.946178225 0.057945375 0.9488244578125 0.045418265624999996 0.9532054656250001 0.042861878125 0.96292080625 0.045119759375 0.96599669375
0 0.175618228125 0.06594653125 0.1856386984375 0.0691489890625 0.21987369375000002 0.06629490625 0.25819520625000003 0.0547101421875 0.24125183749999998 0.048675634375 0.2265539140625 0.0462499828125 0.2219884 0.0422300765625 0.22360559531250002 0.0394839578125 0.20173601562500001 0.0448856125 0.189924221875 0.05189082187500001 0.1703374015625 0.059302428124999994 0.175618228125 0.06594653125
0 0.29910434375 0.065347465625 0.314567334375 0.06826544531249999 0.34254499374999997 0.067335384375 0.3715986625 0.05357345625 0.3591959328125 0.052624787500000006 0.34763289375 0.0489706421875 0.3041798078125 0.0475156890625 0.2924302 0.051856060937500004 0.2914536953125 0.060424184375 0.29910434375 0.065347465625
0 0.4189392640625 0.054825209374999996 0.41800007031249997 0.061794431250000004 0.42175076875000006 0.067453878125 0.44107639687500005 0.071234596875 0.44813610937500004 0.0682039984375 0.4824208546875 0.063218046875 0.5153496 0.0497858875 0.5076865125000001 0.045395575 0.49142114374999996 0.0435841703125 0.478402603125 0.035747557812500004 0.46050760312500005 0.0372152390625 0.45035031718749996 0.039875426562499997 0.44477098281250005 0.04602255 0.4189392640625 0.054825209374999996
0 0.5962845078125001 0.0423615515625 0.6016524015625 0.045274881249999996 0.642735665625 0.0484506546875 0.677773040625 0.044489996875 0.6824878062499999 0.0421142875 0.6693697625 0.038541420312500005 0.664064059375 0.032963253125 0.6277826265625001 0.0236809953125 0.619242534375 0.0235950640625 0.6059628 0.026950778125 0.59808826875 0.0316209171875 0.5956562578125 0.0360065796875 0.5962845078125001 0.0423615515625
0 0.7517228625000001 0.036898453125 0.7601758890625 0.0407151578125 0.7818589015625 0.043308021875000005 0.8067763015624999 0.040408645312500005 0.822537796875 0.0305354 0.8226621749999999 0.0252057234375 0.8157144000000001 0.023439609375 0.8111986390625001 0.0172878328125 0.7738536328125 0.020304475 0.7590313296875 0.0232085 0.7526620546875 0.02992923125 0.7517228625000001 0.036898453125
0 0.9227286515625 0 0.9202728984374999 0.0020048546875 0.9023157093749999 0.006137375 0.878300190625 0.00366643125 0.87593036875 0.005387253125 0.893613925 0.0129800265625 0.9027449546874999 0.021019835937500002 0.9227983343749999 0.026891784374999998 0.9539481921874999 0.0231343234375 0.982091471875 0.015107375000000001 0.9822989859375 0.006215228125 0.9738210828125 0.0034644578125 0.9715632 0.00038857031249999997 0.9661331203125 0.00014008125 0.9660179828125001 0 0.9227286515625 0
0 0.9042380546875 0.0901430890625 0.895561146875 0.09591980312500001 0.8876244281250001 0.10325478125000001 0.886747425 0.1075591625 0.8936205703125 0.1125230859375 0.9106634421875001 0.11429385 0.9136615125 0.11892800156250001 0.9183265281249999 0.1186841625 0.923066171875 0.11524251875 0.9798238687499999 0.112275821875 0.9801721265625 0.097352721875 0.9648086390625 0.09017099843750001 0.943828503125 0.09073530468749999 0.9283655140624999 0.08781732187499999 0.9189857296874999 0.0904368703125 0.9096930125 0.08932564374999999 0.9042380546875 0.0901430890625
0 0.9020614437500001 0.183412453125 0.8987026765625 0.19423436875 0.9109810296875 0.200512715625 0.9397361921874999 0.1995420140625 0.9583216312499999 0.2017644671875 0.97788135625 0.19551396875 0.978264171875 0.17910998125 0.9674836109375 0.175202009375 0.937901196875 0.178345221875 0.9310156109375001 0.1739142671875 0.9124301718750001 0.1716918125 0.9091584718749999 0.1787829546875 0.9020614437500001 0.183412453125
0 0.9557282109375 0.27961840625 0.9611831687500001 0.2788009609375 0.9761158062499999 0.2711689953125 0.9766315062500001 0.2490708875 0.9720120968750001 0.24736051093750003 0.9292121328125 0.2511945984375 0.9198323500000001 0.25381414687500004 0.909588 0.2602051078125 0.9085990531249999 0.2693062 0.9557282109375 0.27961840625
0 0.9106457750000001 0.3479822359375 0.9440535171875 0.347300665625 0.97211824375 0.3426398296875 0.97153974375 0.334152984375 0.9219661359375 0.3287594078125 0.90562614375 0.330145809375 0.8984420515625 0.3385060828125 0.8983549875 0.3422368578125 0.9106457750000001 0.3479822359375
0 0.9061551734375 0.40730421874999995 0.9045006656250001 0.4116492421875 0.9082513625 0.4173086875 0.9632426125 0.4234837234375 0.9717951453125 0.4230366859375 0.9725775562500001 0.4227856640625 0.9731416749999999 0.39861277031250003 0.9624089984375 0.39265287031249996 0.9539186578125 0.39043506875 0.936763846875 0.3934610125 0.9296170703125 0.400222384375 0.9108823781250001 0.4043955421875 0.9061551734375 0.40730421874999995
0 0.9349479328125 0.4712743125 0.9177931218750001 0.47430025625 0.9035368796875 0.48622409375000003 0.920442934375 0.49385750625 0.970203109375 0.4912565640625 0.9703735765625 0.4912109828125 0.9713866375 0.4738174078125 0.9714727906249999 0.4701256296875 0.9699355546874999 0.469445525 0.9442406515625 0.4723855375 0.9349479328125 0.4712743125
0 0.9207292875 0.5481389421875 0.915224578125 0.5510882578125 0.9057577312499999 0.5574385796875 0.9079907374999999 0.5615804046874999 0.9288340578125001 0.5668787453124999 0.9412865375000001 0.5656955421875 0.9591069125 0.5674256703125 0.966066059375 0.5651682 0.9668812140625 0.5511725328125 0.9634048734375 0.5496345328125 0.9370070937499999 0.5494173796874999 0.9300593203125 0.547651265625 0.9207292875 0.5481389421875
0 0.8965150453125 0.620735178125 0.8972054859374999 0.6244253125 0.9094838375000001 0.6307036593750001 0.9512948531250001 0.6359706640625 0.9620251968750001 0.63454711875 0.9628285703125 0.6207537375000001 0.9571478203125 0.61809825 0.91607699375 0.6143895078125 0.9004771859374999 0.6173341734375 0.8965150453125 0.620735178125
0 0.9004650328125001 0.684406834375 0.9019205359375 0.6885892984375 0.9126811953124999 0.6933500203125 0.9484338828125001 0.6920135625 0.95879640625 0.6899833078125 0.95948735625 0.67812016875 0.9550270375000001 0.6756994109375001 0.9145968968749999 0.677812675 0.9044271734375 0.6810058296875 0.9004650328125001 0.684406834375
0 0.8932563484375 0.7603727421875 0.897871615625 0.7622607734375 0.9404601343750001 0.767487140625 0.9543245312499999 0.766762453125 0.9553150499999999 0.7497558843750001 0.9238774609375 0.7459965640624999 0.8997624406250001 0.7477893640625 0.8910979703124999 0.7530331109375 0.8932563484375 0.7603727421875
0 0.89568864375 0.822526775 0.902561790625 0.8274906953125001 0.950667765625 0.8295466812500001 0.9516568359375001 0.8125649953125 0.9137950859374999 0.8119986421875 0.90208279375 0.814740109375 0.89656565 0.8182223937499999 0.89568864375 0.822526775
0 0.905958153125 0.8816095734375 0.9065864031249999 0.887964546875 0.9111643546874999 0.8914514828125 0.9470568437500001 0.8915438234374999 0.9483981796875 0.8685139671875 0.9474269890624999 0.8682633453124999 0.9373070171875 0.8693246296874999 0.9248047859374999 0.872639703125 0.905958153125 0.8816095734375
0 0.9084277609375 0.942164703125 0.9153506578125 0.9449967546875 0.94381938125 0.9471288984375 0.9450067546875 0.9267424984374999 0.9367288015625 0.9273774796875 0.9093918296875 0.9341295468749999 0.9069846953124999 0.937449271875 0.9084277609375 0.942164703125
0 0.750419446875 0.6917173296875 0.7721770859375 0.691112384375 0.789045828125 0.7003446984374999 0.794525659375 0.69846131875 0.7985997390625 0.6902636046875 0.8017346265624999 0.689035109375 0.8203822531249999 0.688592725 0.8204941937499999 0.6837960140625 0.8022570124999999 0.6666504609375 0.7734396609374999 0.670286003125 0.7437701796875 0.6771599890625 0.741176478125 0.6884742312500001 0.750419446875 0.6917173296875
0 0.7629592749999999 0.753343046875 0.7761892593749999 0.7521192046875 0.8056597375000001 0.753772703125 0.82520924375 0.7479600015625001 0.8206437296875 0.7439400968750001 0.8129060171875 0.7427475890624999 0.8037127999999999 0.7373726203125 0.75867983125 0.737064884375 0.7492502953125 0.741816303125 0.7475584750000001 0.747760228125 0.7629592749999999 0.753343046875
0 0.7583194203125 0.8190606453125 0.79699555 0.8255561437500001 0.8038935734375 0.8294541296875 0.807967653125 0.821256415625 0.8252717171875 0.8118348578125 0.8230884625 0.8055611624999999 0.8184980718749999 0.8026071937499999 0.7990978171875 0.802024284375 0.7828697625000001 0.7986139750000001 0.7742923578124999 0.8001269453125 0.7562854171875 0.8063913359375 0.7530759046875 0.8108176390624999 0.7583194203125 0.8190606453125
0 0.7638368484375 0.8821180546875 0.789332746875 0.8877055265625 0.8172855312499999 0.8878414015624999 0.8330345890625 0.8785011234375 0.828518825 0.8723493484375 0.812290771875 0.8689390390625 0.7726008203125 0.8726105671875001 0.7648009171875 0.8740828984375 0.7600488375000001 0.8780575125000001 0.7638368484375 0.8821180546875
0 0.766144765625 0.94960176875 0.790950225 0.9514991046875 0.8135102421875 0.949787584375 0.819792453125 0.9467976296874999 0.82068189375 0.9419602781249999 0.8123532453125 0.9328138953125 0.802283021875 0.9317433062499999 0.7882630984375 0.9335407578125 0.7648136390625 0.9400896265625001 0.7631342562500001 0.945500584375 0.766144765625 0.94960176875
0 0.5932140796875001 0.5732427718750001 0.6446038859375001 0.5673627437500001 0.6641658296874999 0.5610170734375 0.668127971875 0.55761606875 0.6620074515625001 0.55367744375 0.63800436875 0.55067353125 0.5966972234375 0.5570911781250001 0.586440434375 0.5640151078125 0.5886236890625 0.5702888015625 0.5932140796875001 0.5732427718750001
0 0.6126394937499999 0.6392994421875 0.6382100171875 0.6416891062500001 0.6584872765625 0.6379676359374999 0.6433601078125 0.6206595234375001 0.5959448796875 0.6226055781250001 0.5927975546875001 0.6243670390625 0.594931059375 0.63277260625 0.6126394937499999 0.6392994421875
0 0.6013006171875 0.6925915703125 0.606668509375 0.6955048984375 0.6152086015625 0.6955908296875 0.61992336875 0.6932151203125 0.6548488031249999 0.6940511734375 0.6579836890624999 0.6928226796875 0.6557382453125 0.6892138234375 0.66516778125 0.6844624046875001 0.6637620265625 0.6781480703125 0.6561113781250001 0.6732247890624999 0.6273437796875 0.6747284578125 0.6179639953125 0.67734800625 0.603079503125 0.68291686875 0.599882428125 0.6868102015625001 0.6013006171875 0.6925915703125
0 0.5911560515625001 0.761258484375 0.5973138859375 0.76359820625 0.6315364421874999 0.7612770921875 0.673608653125 0.7553517734375 0.678348296875 0.751910128125 0.6753377875 0.7478089437500001 0.66992014375 0.7470274859375 0.6427946140625 0.7447191015625 0.610929440625 0.7458523625 0.5936626890625 0.753675015625 0.5896507984375 0.75920789375 0.5911560515625001 0.761258484375
0 0.5959208546875 0.8232906 0.6105814656249999 0.8273151546875 0.6393490671875 0.8258114859375001 0.6627612125 0.8208615203124999 0.6698831140625 0.8151660859375 0.6582827625000001 0.8131108421875 0.643709215625 0.8053555109375001 0.6242592109375 0.806904471875 0.5969471140625 0.8125906031250001 0.5937873515625001 0.8148850328125 0.5959208546875 0.8232906
0 0.609412315625 0.877414128125 0.614805084375 0.8792615218750001 0.65368021875 0.8772295375000001 0.67093453125 0.86993985 0.6733665421875 0.8655541875000001 0.6734660453125 0.8612904468749999 0.6673082124999999 0.858950725 0.6338507203125 0.8617641656249999 0.611943828125 0.8687647234375 0.6087591890625 0.8721250890625001 0.609412315625 0.877414128125
0 0.6083117140625001 0.9578516265625 0.6183570609375 0.9599881484375 0.6657847265625 0.957509128125 0.68460648125 0.9496051937500001 0.6739328859375 0.941113696875 0.612510171875 0.9443242328125001 0.605462896875 0.9468218609375001 0.6037337625 0.9543646890625 0.6083117140625001 0.9578516265625
0 0.441408690625 0.6892380546875 0.4584888734375 0.6894099171875 0.48103645312500004 0.688231365625 0.49520563125 0.6800383046875 0.4960577609375 0.6767998562499999 0.4759546296875 0.6730597765625 0.44951953749999995 0.674441528125 0.44247226093750003 0.67693915625 0.435337921875 0.6831675609375 0.437570928125 0.68730938125 0.441408690625 0.6892380546875
0 0.43596645624999997 0.7560622296874999 0.4459993640625 0.75873171875 0.4926370890625 0.75682630625 0.5098416515624999 0.7516684890625001 0.51460616875 0.7471609078125 0.5084110234375 0.746420090625 0.50463545 0.741826578125 0.48448256562500003 0.7402183734375 0.4892470875 0.7357107921875 0.4870140796875 0.73156896875 0.451864765625 0.7403263359375 0.442547171875 0.7402810453125 0.43626496093749995 0.7432710015625 0.43219088125000005 0.7514687171875 0.43596645624999997 0.7560622296874999
0 0.43595430156250004 0.8231348921875 0.4444819546875 0.8237537906249999 0.451367540625 0.82818474375 0.4576124375 0.826793690625 0.48085045312499997 0.829305275 0.515060571875 0.827517128125 0.5104328703125 0.8261620625000001 0.5060290468749999 0.8152135765624999 0.482952721875 0.8057734109375 0.43395761093749996 0.8088666812499999 0.4268605859375 0.8134961796875 0.42827877656249996 0.819277546875 0.43595430156250004 0.8231348921875
0 0.47081782812500006 0.8931754796875 0.497451925 0.88326624375 0.47991762031249996 0.8692778593750001 0.43327989687499996 0.8711832734374999 0.4315631984375 0.8781931328124999 0.435326334375 0.8833196140625 0.47081782812500006 0.8931754796875
0 0.48098783593750005 0.95652201875 0.4911824359375 0.9522629281249999 0.49516945 0.9477959859375 0.5014143484375 0.9464049343750001 0.49847846718750005 0.9391059453124999 0.48070784531250005 0.9352439468749999 0.429380228125 0.938459134375 0.426848715625 0.9471085390624999 0.44683990625 0.9556453265625 0.48098783593750005 0.95652201875
0 0.32409835625 0.525028153125 0.3621959890625 0.5230368078125001 0.3552606515625 0.520737725 0.3561376578125 0.5164333437499999 0.361629928125 0.5140169953125 0.3578294796875 0.51048941875 0.3485243234375 0.509911159375 0.34083636093749997 0.50658678125 0.320671040625 0.50551154375 0.31514145781249997 0.5095267953125 0.3018865984375 0.5118165718750001 0.29784983125000003 0.5184153859375 0.301662715625 0.5214099921875001 0.32409835625 0.525028153125
0 0.308784903125 0.5822542546875 0.31886756250000003 0.5827918734375 0.3381310015625 0.5892374296875 0.34993035625 0.5827651890625 0.36395028125 0.5809677390625 0.37026980625 0.576378878125 0.371134371875 0.5726074640625 0.3519704359375 0.5618981640625 0.32169758125 0.5613512421875 0.312280484375 0.5655696921875 0.301432759375 0.5645397453125 0.2943606078125 0.568103309375 0.2965438640625 0.5743770031250001 0.308784903125 0.5822542546875
0 0.325224684375 0.6431438046875 0.34371061875 0.6496300015625 0.36089030625 0.645538121875 0.3602247421875 0.64078205 0.36809927343750004 0.6361119109375 0.3650763265625 0.6325436953125 0.34965065 0.6280268109375 0.3209328 0.6273986093749999 0.298347909375 0.6301760640625 0.295878584375 0.6361606281250001 0.29890153124999996 0.63972884375 0.325224684375 0.6431438046875
0 0.3136743671875 0.7054963859375001 0.34081233437499997 0.707271803125 0.35335187968750004 0.7023578265625 0.35732645937499996 0.698423853125 0.3667062421875 0.69580430625 0.359030715625 0.691946959375 0.3342625703125 0.6884507203125 0.3109623640625 0.688603975 0.3040145890625 0.6868378625 0.290007103125 0.68810234375 0.2859703375 0.6947011546875 0.2866234609375 0.6999901953125 0.3136743671875 0.7054963859375001
0 0.29196676250000003 0.7705091546875 0.3128473953125 0.774208590625 0.3603621265625 0.767998796875 0.36377064375 0.7550450093750001 0.344457453125 0.7507313265625 0.326525140625 0.7537979078125 0.3172199828125 0.75321965 0.2953628421875 0.7580883359375 0.2905858859375 0.763128884375 0.29196676250000003 0.7705091546875
0 0.29760856874999997 0.8282368874999999 0.3084065421875 0.8313987046875001 0.32546185 0.832636503125 0.3674096859375 0.8320408625000001 0.359734159375 0.8281835171875 0.36141354375 0.8227725609375 0.3552930234375 0.8188339359375 0.3406946 0.8121445406250001 0.3282545578125 0.8127947765625001 0.300967334375 0.817414971875 0.2962028171875 0.8219225531250001 0.29760856874999997 0.8282368874999999
0 0.2937462140625 0.8939138453125001 0.3037293734375 0.8987152078125 0.34481263906250004 0.9018909796875001 0.3667319671875 0.8943574562500001 0.365326215625 0.8880431203124999 0.3452603984375 0.8827041390625 0.33133997656249997 0.8802378484375 0.30489244531250004 0.882152565625 0.297870046875 0.883584259375 0.2938705921875 0.888584165625 0.2937462140625 0.8939138453125001
0 0.28599634687500003 0.9597940015624999 0.29597950625 0.9645953625000001 0.3426296671875 0.96215698125 0.3552189640625 0.9551111328124999 0.36768388281250003 0.9533949609375 0.3631308078125 0.9488420906249999 0.3360177125 0.9460007359375 0.320467659375 0.9468135296875 0.30965724687499996 0.94418468125 0.289404865625 0.9468402156250001 0.2831350921875 0.9492972046875 0.283023153125 0.9540939140625 0.28599634687500003 0.9597940015624999
0 0.18453258749999998 0.3162022078125 0.20397015624999998 0.315186215625 0.21710063750000003 0.3182261171875 0.24369742031250002 0.3099157875 0.22978943593749998 0.3069165265625 0.22837124687500002 0.301135159375 0.21690770937499998 0.29321726875 0.18031533125000002 0.29725920625 0.16311077031250001 0.3024170234375 0.16284957656250001 0.313609346875 0.18453258749999998 0.3162022078125
0 0.1798056671875 0.38565058125 0.2179406125 0.38206033437500003 0.2336896703125 0.37272005468749997 0.220671128125 0.3648834453125 0.1732434640625 0.3673624671875 0.16454168125 0.3742051171875 0.1636149234375 0.3806413703125 0.1798056671875 0.38565058125
0 0.1928369296875 0.45949392031249997 0.208386984375 0.45868112656250004 0.22324660000000002 0.45417819687499994 0.2397855984375 0.4442643109375 0.21960784218749999 0.44372203906249996 0.21036487343750002 0.4404789421875 0.1722796796875 0.44193731875 0.165244840625 0.443901978125 0.1604927609375 0.4478765921875 0.161133446875 0.4536985984375 0.1928369296875 0.45949392031249997
0 0.1798932984375 0.5149992 0.203883940625 0.518536078125 0.21233696875 0.522352784375 0.2162369203125 0.5216166171875 0.21864405625 0.5182968906250001 0.2335036734375 0.5137939625 0.239848071875 0.5081391671875 0.237627503125 0.503464375 0.2222142640625 0.498414525 0.17014645625 0.50007145 0.1615193015625 0.5037162921875 0.17142783281250001 0.511715459375 0.1798932984375 0.5149992
0 0.1604560140625 0.5825548859375 0.1658239046875 0.585468215625 0.2122626265625 0.5920902859375 0.23885941093750002 0.58377995625 0.24283398906250003 0.57984598125 0.231246075 0.577257771875 0.2159199 0.56847714375 0.19646989374999999 0.570026103125 0.1637774671875 0.5733318749999999 0.159802890625 0.5772658484375001 0.1604560140625 0.5825548859375
0 0.171527903125 0.6405311078125 0.186213390625 0.6434897296875 0.220398634375 0.6427675171875 0.2266808421875 0.6397775609374999 0.223682771875 0.6351434109375 0.20445664687499998 0.6270989499999999 0.175689046875 0.6286026203125 0.167111640625 0.630115590625 0.1639145671875 0.6340089250000001 0.171527903125 0.6405311078125
0 0.1615450265625 0.70226944375 0.171540625 0.7065378375 0.21419133281249997 0.7090993625 0.23686328906249998 0.702591134375 0.23390253125 0.6963580796875 0.2184395421875 0.6934400984375 0.2107764546875 0.6890497843750001 0.1874886875 0.6886700734375 0.174233828125 0.6909598515625001 0.16564398281249998 0.6930057921875 0.160089525 0.6980869796875 0.1615450265625 0.70226944375
0 0.1615204359375 0.7698750734375001 0.17156578281249998 0.7720115984375 0.1948535515625 0.772391309375 0.206516090625 0.7717817140625 0.23402719218749998 0.757568096875 0.2294243640625 0.755147096875 0.2030265859375 0.7549299421875 0.16801408906249998 0.7578246656250001 0.1578194890625 0.7620837546875 0.156954921875 0.76585516875 0.1615204359375 0.7698750734375001
0 0.1686799359375 0.8291204296875 0.1871658703125 0.835606628125 0.214328715625 0.836316109375 0.23079308593749998 0.8296000296875 0.23167009218749998 0.825295646875 0.21320903125 0.817743515625 0.18366392812500001 0.8192878234375 0.1727540171875 0.820922715625 0.16879187499999998 0.8243237203125 0.1686799359375 0.8291204296875
0 0.174023234375 0.8996393890625001 0.1863762140625 0.9027199296875 0.20731903593749998 0.9037545296875 0.23065655624999998 0.9020023703125 0.24398604062499998 0.8965147859375 0.24408554218749998 0.8922510421875 0.225711546875 0.8809681359375 0.1976717 0.8845630359375001 0.17501218125 0.8905382968750001 0.17180266718749998 0.8949645984375 0.174023234375 0.8996393890625001
0 0.205814065625 0.9682436328125 0.223721503125 0.9662429828124999 0.2340529203125 0.956121246875 0.223329571875 0.949761621875 0.21018665312499998 0.9472546906250001 0.1838510625 0.9443726968749999 0.1729660234375 0.944941653125 0.1698062640625 0.947236084375 0.1681268796875 0.952647040625 0.1772454703125 0.9612198171875 0.205814065625 0.9682436328125
0 0.6144438203125 0.761638196875 0.6223805390625 0.7543032203125 0.62705799375 0.7535264109375001 0.6278976843749999 0.750820934375 0.6186422781250001 0.748110803125 0.5975999546875 0.751339946875 0.59583350625 0.7604816796875 0.6051137875 0.7621258734375 0.6144438203125 0.761638196875
0 0.281951234375 0.4676115828125 0.2935889 0.468067921875 0.3246890078125 0.4664423328125 0.3451030828125 0.45685821718749997 0.3567904984375 0.4551826859375 0.3274444015625 0.4481995109375 0.3150292328125 0.44778381093749997 0.28237411875 0.4494906765625 0.2705747625 0.4559629171875 0.268142753125 0.4603485796875 0.2711532609375 0.46444976406249994 0.281951234375 0.4676115828125
0 0.423555946875 0.3894117203125 0.44688102812499997 0.3881925296875 0.462319140625 0.3921764453125 0.4662066546875 0.3919732453125 0.46713341249999996 0.3855369921875 0.472737621875 0.3783239328125 0.4837967890625 0.3702934296875 0.49628658437500006 0.3675113234375 0.4684457390625 0.36257873906250004 0.43955376093750004 0.36941208593749997 0.43181604843750004 0.368219578125 0.41068665781249997 0.375179496875 0.41125271874999997 0.384199309375 0.423555946875 0.3894117203125
0 0.42190172343750004 0.4602964359375 0.4498296328125 0.461498246875 0.4725389 0.45339111406250004 0.47495847343750003 0.4495384203125 0.47268815468750003 0.44699550156249995 0.45031470625000003 0.44071250156249997 0.43393739687500005 0.44369780781249996 0.42243654687500004 0.437378821875 0.41927678437499993 0.4396732515625 0.4130692015625 0.4394654015625 0.40993431406249997 0.4406938953125 0.402663159375 0.45278494374999995 0.42190172343750004 0.4602964359375
0 0.5933873578125 0.366162134375 0.5972251187500001 0.3680908078125 0.644603034375 0.3677436578125 0.6530311859375 0.3726262984375 0.6600287093749999 0.3722605421875 0.6515881203125 0.3679108671875 0.6509101187499999 0.363687765625 0.6611171578125 0.3588957078125 0.6651041734375001 0.354428765625 0.6489631828125 0.347287684375 0.63802839375 0.34998850937500003 0.6186032640625 0.350471534375 0.5990661937499999 0.35575126875 0.5934992968749999 0.36136542656250004 0.5933873578125 0.366162134375
0 0.542184403125 0.430587340625 0.5405672078125 0.433333459375 0.5528579984374999 0.4390788375 0.5832427921875001 0.43482905 0.5893135625 0.440899546875 0.6048511765625 0.4406197203125 0.6079985015625 0.438858259375 0.6219811125 0.4386597109375 0.646208075 0.4320702015625 0.6572921171874999 0.4229737625 0.6488017765625 0.420755959375 0.6138639046875001 0.42045287499999995 0.6014238609375 0.4211031078125 0.5818992296875 0.4258498765625 0.567151553125 0.42555609531250005 0.5577095796875 0.43084048125 0.55068718125 0.4322721734375 0.542184403125 0.430587340625
0 0.7435448828125 0.35405493125 0.7488630234375 0.35910013125 0.7550332953125001 0.36090688593750003 0.7722005421875 0.3573479734375 0.8016958953125 0.35793553437500003 0.8243927281250001 0.350361371875 0.8299844999999999 0.3436812796875 0.8362418343750001 0.341757259375 0.8076608000000001 0.3352664109375 0.7796085140625 0.339394278125 0.765663215625 0.337993921875 0.7609111359375 0.34196853437499997 0.749976346875 0.3446693609375 0.7435448828125 0.35405493125
0 0.7595866546875001 0.431999453125 0.7789371578125001 0.434714234375 0.7999794812500001 0.431485090625 0.81330896875 0.42599750781249995 0.8265513906249999 0.424240696875 0.826601140625 0.42210882656250004 0.816630421875 0.416774496875 0.82223463125 0.40956143593750005 0.8332067328124999 0.40526170625 0.757838721875 0.4070718859375 0.7450628578125 0.42211224999999997 0.7465432375 0.425228778125 0.7595866546875001 0.431999453125
0 0.73113028125 0.486718621875 0.7332886609375 0.49405825156249994 0.749529153125 0.49693559218749994 0.7556372359375 0.501407184375 0.7728791109375 0.4946504671875 0.7984745109375 0.49597419374999996 0.8259856125 0.4817605796875 0.7975413953125 0.46940708593749997 0.7765363828125 0.471037325 0.760936578125 0.4739819890625 0.735104859375 0.48278465 0.73113028125 0.486718621875
0 0.7483102515625 0.5491664375 0.75365326875 0.5531457 0.7707210156250001 0.5538505312499999 0.7930944656250001 0.5601335296875 0.8179994265625 0.557767125 0.8134463515625001 0.5532142515625 0.81439798125 0.5457120625 0.80219425625 0.5362359109375 0.78743414375 0.5364750968750001 0.771996028125 0.53249118125 0.759506234375 0.5352732859375 0.750101575 0.5389587703125 0.7468920625 0.5433850703124999 0.7483102515625 0.5491664375
0 0.7793730484375 0.549139753125 0.7794849875 0.54434304375 0.7764993546875 0.5391759234375 0.7718094609375 0.540485696875 0.7654028734375 0.54880533125 0.7738559015625001 0.5526220375 0.7793730484375 0.549139753125
0 0.7465938375000001 0.62271599375 0.7512091046875 0.6246040265625 0.7915521812499999 0.6262215359375001 0.826614428125 0.6211949453125001 0.8220945203125 0.6152208234375001 0.8230378593750001 0.6080739484375 0.8200149140624999 0.6045057296875 0.8021945390624999 0.60277560625 0.771859496875 0.6048935203125 0.770341803125 0.603375896875 0.7609247078125 0.6075943484375 0.7508296109375 0.6075896968750001 0.7445349625000001 0.611112621875 0.742855578125 0.616523578125 0.7465938375000001 0.62271599375
0 0.43233320781250006 0.5789903468750001 0.454781284375 0.5820755390625 0.46160467968749996 0.5891713328125 0.4693299546875 0.59089680625 0.47398253281249997 0.5911859359375 0.494359296875 0.5832007234375001 0.5055055265624999 0.5714394421875 0.5055677140625 0.5687746046875 0.5009648875 0.5663536031249999 0.48389714218749996 0.5656487734375 0.46617627031250003 0.5596549046875 0.44898414531249997 0.564279753125 0.43891392500000004 0.563209165625 0.426324628125 0.5702550125 0.42546005937500003 0.574026428125 0.43233320781250006 0.5789903468750001
0 0.44405822187500005 0.642255609375 0.4595336484375 0.6446406234375 0.4758363296875 0.644853125 0.49536096250000006 0.6401063578125 0.497743221875 0.6378525671874999 0.49312795625000005 0.6359645328125 0.49790491093749994 0.6309239875 0.5057048140625 0.6294516531250001 0.43908833593749996 0.6222873109375 0.4274133578125 0.623429875 0.4218589 0.6285110625 0.4224871484375 0.6348660359375 0.44405822187500005 0.642255609375
0 0.40905759374999995 0.5115379718749999 0.410537971875 0.5146545015624999 0.4182259359375 0.517978878125 0.43913144375 0.52061238125 0.4586436375 0.5163985828125 0.4853523609375 0.5032915390625 0.4706419984375 0.5013988546875 0.45376081875 0.49269950781249994 0.44675085625 0.49359823281250004 0.4372591328125 0.501014490625 0.41306948437499996 0.5060050953124999 0.40905759374999995 0.5115379718749999
0 0.636088384375 0.49967118125 0.649455184375 0.4925846921875 0.6611799140625 0.489310259375 0.663611925 0.484924596875 0.6292048265625 0.4840614515625 0.6225037828125 0.48281475937499996 0.616445453125 0.47621129375000004 0.6068542265625 0.4878912953125 0.5809851953125 0.49829285624999997 0.5753436703125 0.5071048203124999 0.5947190499999999 0.5087536671875 0.636088384375 0.49967118125
0 0.1722224328125 0.1449070453125 0.185968725 0.1548348859375 0.21003399531250003 0.155173959375 0.2559812828125 0.1495784109375 0.26069605 0.14720270156249998 0.260795553125 0.1429389578125 0.23835991406249998 0.1393208 0.2299442 0.13390518906249999 0.1896508734375 0.130155809375 0.180295965625 0.1317094203125 0.1724463125 0.135313625 0.17001430312500002 0.139699284375 0.1722224328125 0.1449070453125
0 0.21522804375 0.23208853125 0.240935384375 0.2286155515625 0.24646496718750002 0.2246002984375 0.248959165625 0.21754979843750002 0.26231352812500003 0.21099627656250003 0.24838066718750001 0.20906295312499998 0.23685494375 0.20380990312499997 0.2080127171875 0.208511378125 0.20363376875 0.1964969578125 0.191710034375 0.208298878125 0.1799355546875 0.2137051828125 0.1790212375 0.2196084671875 0.1827968109375 0.22420197968750002 0.21522804375 0.23208853125
0 0.2971764890625 0.147957475 0.3444300265625 0.15294000000000002 0.3561796296875 0.14859963125 0.37411194375 0.145533046875 0.3718789375 0.1413912234375 0.35419537968750003 0.1337984515625 0.32641672499999996 0.1262010296875 0.298352 0.1308618640625 0.28966265468749997 0.13717154843749998 0.2902784671875 0.1440594890625 0.2971764890625 0.147957475
0 0.4463948203125 0.1428194921875 0.479037496875 0.1416455921875 0.4970444359375 0.1353812015625 0.5094720421875001 0.135263934375 0.515113565625 0.12645197187499999 0.498835759375 0.125173534375 0.47875750625 0.12036751875 0.458529996875 0.12195712031249999 0.4360943578125 0.1183389609375 0.427504515625 0.12038489999999999 0.42193761875 0.12599905625000002 0.421738615625 0.134526540625 0.4463948203125 0.1428194921875
0 0.58043623125 0.12250526875000001 0.5904318265625 0.1267736625 0.6051919390625 0.1265344765625 0.6252204453125 0.13347236093749998 0.6340092921875 0.1228989375 0.6581865015624999 0.1184413 0.660718015625 0.1097918953125 0.6514377328125 0.1081477015625 0.6376665640625 0.09928579374999999 0.6212643812499999 0.10333703593750002 0.60338181875 0.1042717484375 0.5902264609375 0.10229778437499999 0.5831294359375 0.1069272828125 0.5659621875 0.1104861953125 0.58043623125 0.12250526875000001
0 0.7566059640625 0.12713721875 0.7603317859375001 0.1338626046875 0.7612336671875 0.1284922859375 0.771390953125 0.1258320984375 0.7851994359375001 0.1330951 0.7945170296875 0.13314039375 0.8032063765625 0.12683070937500002 0.8180659921875 0.12232778124999999 0.8220405703125 0.1183938078125 0.8205850671875 0.11421134531249999 0.80831293125 0.107666515625 0.807728215625 0.0994461546875 0.7905360921875 0.104071 0.7648909390624999 0.10487914375 0.7476863781249999 0.11003695937499999 0.7395382171875 0.1264323890625 0.7566059640625 0.12713721875
0 0.746436525 0.19687007031249998 0.744757140625 0.20228102812499998 0.7570728078125 0.206960471875 0.7764979359375 0.206477446875 0.8115353093750001 0.2025167890625 0.8310599421875 0.19777002187499998 0.8350345203125 0.1938360484375 0.8226566640625 0.19182144375000001 0.8134758859375 0.1859135078125 0.7995927765624999 0.1818483109375 0.79587939375 0.1745899609375 0.7763796359375 0.1782707921875 0.75059766875 0.18494158125 0.7433887015625 0.1943677921875 0.746436525 0.19687007031249998
0 0.759984096875 0.28186509375 0.7823326703125 0.2892140265625 0.7917622062499999 0.2844626078125 0.80337499375 0.2859848828125 0.8167791078125 0.27729949062500003 0.8292564640625001 0.27505035312500004 0.8528054265625 0.264237740625 0.8319247921875 0.26053830312500004 0.8211641328124999 0.25577757968750003 0.80007205625 0.2611385953125 0.7900142734375 0.259535040625 0.7626275484375 0.2684189796875 0.7562209609375 0.2767386125 0.759984096875 0.28186509375
0 0.609577815625 0.3046316515625 0.6206121062500001 0.29766708125 0.6541691000000001 0.2905898984375 0.672804290625 0.2906804796875 0.683098390625 0.282157646875 0.6521972890625001 0.27525575 0.6256875703125 0.2798353078125 0.6132599640625 0.2799525734375 0.5929329531249999 0.2858059171875 0.58727899375 0.2951508453125 0.609577815625 0.3046316515625
0 0.5783715593750001 0.2109779234375 0.5891570953125 0.2146727109375 0.623392090625 0.211818628125 0.6357450703125 0.21489916718750002 0.6381273296875001 0.2126453765625 0.6366842640625 0.207929946875 0.6539510140625 0.20010729062500002 0.65796290625 0.1945744140625 0.6371071484375 0.18980904062499998 0.6105974296875 0.194388596875 0.6045515375 0.187252165625 0.5998616453125 0.18856193906250002 0.5990219531250001 0.1912674171875 0.5761261171875 0.20736906875 0.5783715593750001 0.2109779234375
0 0.41340416874999997 0.22545618437499998 0.440554578125 0.226698634375 0.45206786406250005 0.2324846515625 0.45752282031249997 0.2316672078125 0.46619972656249997 0.2258904921875 0.48721717656249997 0.223727284375 0.48809418281249994 0.2194229015625 0.48043109531250006 0.2150325890625 0.47821052656249996 0.21035779843750002 0.48839268750000003 0.206631675 0.462131725 0.200551875 0.45355431875 0.202064846875 0.44488985000000003 0.20730859375000002 0.423947028125 0.20627399687499998 0.4106424171875 0.2106956453125 0.4080735921875 0.22094395156250002 0.41340416874999997 0.22545618437499998
0 0.299347590625 0.22130383281250002 0.3209062234375 0.22922637343750002 0.3473288796875 0.228377590625 0.354413465625 0.2242810578125 0.367668325 0.22199128125 0.365522384375 0.2141186828125 0.35160196250000003 0.211652390625 0.3463957609375 0.2018104796875 0.3292782640625 0.2032375203125 0.2995590328125 0.212243378125 0.29710214687500003 0.21769497656249998 0.299347590625 0.22130383281250002
0 0.3026508109375 0.312689815625 0.350115790625 0.308611890625 0.3570386890625 0.3114439390625 0.360036759375 0.3160780921875 0.367799346875 0.3162046625 0.3640610875 0.310012246875 0.36880073125 0.3065706015625 0.3688877953125 0.30283982656249997 0.3573371953125 0.2986527125 0.3443684046875 0.28868423125 0.3303236046875 0.2915476171875 0.3124534796875 0.2919493625 0.30229619375 0.29460955 0.29755655000000003 0.2980511953125 0.3026508109375 0.312689815625
0 0.417584396875 0.3125377859375 0.44548742968750005 0.31480553125 0.4657025 0.3137488984375 0.47574784687499994 0.315885421875 0.48900270625 0.3135956421875 0.492989721875 0.30912870468750003 0.49310166093749996 0.30433199218749996 0.47837886249999995 0.302972275 0.4684081421875 0.297637946875 0.4420849890625 0.29422298593749996 0.4164274 0.2955640953125 0.41010787656250003 0.30015295625 0.4092059953125 0.3055232734375 0.417584396875 0.3125377859375
0 0.29423538125 0.3738139015625 0.301145840625 0.37717891875 0.3112658140625 0.376117634375 0.3197312796875 0.3794013734375 0.336021521875 0.38014684375 0.366306815625 0.3801607984375 0.370231640625 0.378358696875 0.3603728625 0.36822765468749996 0.34730456875 0.3625229171875 0.32722631562500004 0.357716903125 0.3046538609375 0.359961390625 0.2968290828125 0.36249965781250004 0.291262184375 0.3681138140625 0.29423538125 0.3738139015625