0 0.8712890765625 0.9591428000000001 0.8096009343749999 0.9442346484374999 0.8081107796874999 0.9472057843749999 0.8137656828125 0.94938490625 0.8148976031249999 0.9546959749999999 0.79762718125 0.9622222796875001 0.8151053296875 0.9656337171875 0.8327386890625 0.9742014265625001 0.8479028281250001 0.973397375 0.858543984375 0.97572526875 0.876688434375 0.9689789421875 0.8757618890625001 0.9624175015624999 0.8712890765625 0.9591428000000001
0 0.8634210250000001 0.8818727953125001 0.8430127359374999 0.8779969859375001 0.808830121875 0.884767390625 0.825384078125 0.893805496875 0.8683594593749999 0.9006163296875 0.88599046875 0.89699593125 0.8785349953124999 0.8874753906249999 0.8634210250000001 0.8818727953125001
0 0.8530793890625 0.81670925625 0.835087796875 0.81642375 0.8255809109375001 0.8315950375 0.8443963578125 0.8390671703124999 0.8486637953124999 0.8435922437500001 0.8577622781249999 0.8431098109375 0.8887066859375 0.8377505875000001 0.8880882078125 0.8293135906250001 0.8530793890625 0.81670925625
0 0.9215366109375 0.7721023109375 0.9134650078125001 0.7663328843749999 0.8494126874999999 0.7536158921875 0.84509508125 0.75549746875 0.8454556656250001 0.759403375 0.8534245796875 0.765797984375 0.87203465 0.774520490625 0.89984589375 0.7821353765625 0.9088416890625 0.7822781296875 0.9179401734375 0.7817956984375 0.92256584375 0.7780385640625 0.9215366109375 0.7721023109375
0 0.910315390625 0.6939902109375 0.8807560984375 0.68481536875 0.87391910625 0.6837318265625 0.8661579187499999 0.6882749578125 0.8498116890625 0.6901745921875 0.8529997234375 0.6951700578125 0.8465233156249999 0.697992421875 0.8677029421875 0.703273396875 0.9060001359375001 0.708059896875 0.919416225 0.705695890625 0.9183869937500001 0.6997596359375 0.910315390625 0.6939902109375
0 0.9101484328125 0.627893375 0.8768374937500001 0.6232556437500001 0.8647587015625 0.62968035 0.8557629046875 0.629537596875 0.8819813078125 0.6407488046875 0.9146235953125 0.6433561875 0.9231561203125 0.6402182203125 0.9231035999999999 0.6344367578125001 0.9101484328125 0.627893375
0 0.8936328937500001 0.5515080609375 0.8708627734375 0.5620115203125 0.881864515625 0.5682453203125 0.8850525515625 0.5732407875 0.9013987796875 0.571341153125 0.9219097609375 0.5745917796875 0.9214966562500001 0.564904409375 0.903555234375 0.5582122546875 0.8936328937500001 0.5515080609375
0 0.9354144359375001 0.49847391406249997 0.9203004640625 0.49287131874999995 0.9119709671875 0.4825708015625 0.9025644171874999 0.48492879218749996 0.8815399984375001 0.48480409687500003 0.8854492031250001 0.49761137343749995 0.8924414031250001 0.5038511921875 0.9120783546875 0.506321840625 0.9358275390624999 0.5081612828125001 0.939681871875 0.502998984375 0.9354144359375001 0.49847391406249997
0 0.940849859375 0.42877473593750004 0.9142207078125001 0.420064271875 0.8817837921875 0.41620651718749996 0.9014230968750001 0.4308652765625 0.9399781875000001 0.44018287031250003 0.94624921875 0.4386108765625 0.9469680359374999 0.43423457968749996 0.940849859375 0.42877473593750004
0 0.9448693828125 0.3675008859375 0.9143333765625 0.3581712546875 0.9026128171875 0.356313753125 0.903281465625 0.3583441015625 0.8821041875000001 0.3652512421875 0.8986056250000001 0.368507884375 0.924824025 0.37971909375 0.9405541265625 0.3815705734375 0.9500633625000001 0.3785873984375 0.9530436703125 0.372645125 0.9448693828125 0.3675008859375
0 0.7683815546874999 0.6612328671875 0.7587696312500001 0.6648412265625 0.73635774375 0.6670624828125 0.7319899703125 0.675350709375 0.7279804296875 0.6753567281249999 0.7528615328125 0.6825072390625 0.788125896875 0.6874545515625 0.7973270703125 0.6863469359375001 0.7978906796875 0.67681435625 0.7683815546874999 0.6612328671875
0 0.7654301734375 0.6030337296875 0.7519113953125001 0.6060229234375 0.7478516843749999 0.612435590625 0.7617310453125 0.613352303125 0.792267053125 0.622681934375 0.8048091171875 0.61953795 0.808766140625 0.61375046875 0.8052700390625 0.6106305578125 0.7654301734375 0.6030337296875
0 0.8119088859374999 0.545612321875 0.7916534546875 0.5347046765625 0.7843030203125 0.5367470640625001 0.7767973796875001 0.5336331734375 0.743383753125 0.529620628125 0.7416882203124999 0.5338421375 0.7472404359375 0.53664644375 0.7466243078125 0.5403975578125 0.740353275 0.5419695515625 0.7509442625 0.5507040937500001 0.771147178125 0.555830275 0.8090312671875 0.550929409375 0.8133488718749999 0.5490478328124999 0.8119088859374999 0.545612321875
0 0.82139453125 0.47270627187500003 0.808336675 0.466788075 0.7822734812500001 0.4607331421875 0.7628944234375 0.46279358750000005 0.7667511078125 0.469819403125 0.7828943109375001 0.48135825 0.818261365625 0.485680378125 0.8274625359375 0.4845727609375 0.8290553796875001 0.48097643906250004 0.82139453125 0.47270627187500003
0 0.8147488140625001 0.3972436890625 0.7848312859375 0.39635105312499996 0.78313575625 0.40057256093750004 0.7927500296875001 0.40915231093750004 0.8267296171874999 0.4158203921875 0.8349540765624999 0.41455798125000004 0.8368549828124999 0.4090861015625 0.8147488140625001 0.3972436890625
0 0.8246688921875001 0.33980152656249996 0.7730582984375001 0.3367538484375 0.8037495124999999 0.3512397578125 0.8369577625 0.3565026734375 0.8454902859375 0.35336470468750003 0.8451297015625 0.34945879999999996 0.8246688921875001 0.33980152656249996
0 0.9456597546875001 0.31407422500000004 0.9309565375 0.3059708875 0.909624053125 0.30772175 0.9031476453125 0.3105441140625 0.9043822546875001 0.315229996875 0.9188800953125 0.32458370625 0.954144459375 0.32953101875 0.9626769828124999 0.326393053125 0.962829840625 0.31936121875 0.9456597546875001 0.31407422500000004
0 0.8585269015625 0.301548140625 0.8568290171875 0.2935815375 0.8409437109375 0.2865737796875 0.825777221875 0.275189721875 0.7866083515625 0.281811353125 0.80023216875 0.2903850859375 0.7807504234375 0.293070715625 0.8041915421875 0.296785715625 0.814421946875 0.30161435000000003 0.82634788125 0.302221478125 0.8436708265625 0.3004766375 0.8543119812500001 0.30280453125 0.8585269015625 0.301548140625
0 0.68430819375 0.5202582062500001 0.6657506421875 0.5173171640625001 0.650636671875 0.51171456875 0.6310020703125 0.5214320328125 0.6295119140625001 0.524403171875 0.644420509375 0.5312561375 0.6638520859375 0.53497715625 0.6810723390625 0.5338574984375 0.689707553125 0.5300943453125 0.68430819375 0.5202582062500001
0 0.7068611859375 0.45006455624999997 0.66876936875 0.44402768125 0.6449700171875 0.4485948890625 0.667589628125 0.4573113734375 0.6991525203125 0.46038914843749995 0.7081483140625 0.460531903125 0.71051249375 0.45834074375 0.7068611859375 0.45006455624999997
0 0.703403503125 0.379597440625 0.6786776078125001 0.3776032046875 0.6504054406249999 0.3788957109375 0.6733856375 0.3915181015625 0.7046404609375 0.396471434375 0.7190332640625 0.3942622171875 0.722579534375 0.3909754796875 0.703403503125 0.379597440625
0 0.70652726875 0.317870884375 0.6655053109375 0.3113696359375 0.6701835015625 0.3133939640625 0.66915661875 0.3196458203125 0.6650443890625 0.3202770265625 0.6787708953125 0.32822557343750003 0.6855577187499999 0.33571576406250003 0.7102836140625 0.33770999687500003 0.732592809375 0.3361139265625 0.736652521875 0.32970126093749996 0.70652726875 0.317870884375
0 0.7285691671875 0.2629912765625 0.698599121875 0.256317178125 0.6699663734375 0.253703778125 0.6730517203125 0.2593244296875 0.694181178125 0.27101205156249997 0.7328389546875 0.2797044625 0.7439935546875 0.2789064265625 0.7477452 0.2743693140625 0.7285691671875 0.2629912765625
0 0.9663118390625 0.2493524578125 0.955207409375 0.2437438421875 0.9241579609375 0.2375401375 0.90935440625 0.2422500984375 0.9208719390625 0.25754608125 0.9487333515625 0.2587543171875 0.9681124062500001 0.25669387499999996 0.96970525 0.25309755312500004 0.9663118390625 0.2493524578125
0 0.48239781875 0.809941128125 0.47504503593749997 0.799795403125 0.4543812015625 0.8035766125 0.4308373953125 0.8004867984375 0.41582846093750003 0.80644713125 0.42616155468750005 0.81065058125 0.431971665625 0.81798598125 0.44122535625000003 0.822659825 0.46029635 0.8224749375 0.469652728125 0.8265235953125 0.4916013421875 0.821021621875 0.49077748750000005 0.8138349953124999 0.48239781875 0.809941128125
0 0.4861349296875 0.7383791984375 0.46809081875 0.7323122296875 0.45914754375 0.7379509390625001 0.43380551718750004 0.7397078203125 0.451902146875 0.7515562515624999 0.4660394046875 0.75700405625 0.48449426874999996 0.7605702828124999 0.504181390625 0.75663428125 0.5059796109375 0.7517875859375 0.5016094843750001 0.7478876984375 0.4861349296875 0.7383791984375
0 0.5035926953125001 0.67184823125 0.463855515625 0.663626215625 0.466427421875 0.6723727953124999 0.4491044796875 0.6741176375 0.4577420421875 0.6825425984375 0.48097778281250003 0.6875079671875 0.4888440078125 0.6945277640625 0.5004618796875 0.69701045 0.5039579796875 0.7001303609375 0.5089442328125 0.7002791328125 0.513980659375 0.6940212546875 0.5239531656249999 0.6943188 0.5267280984375 0.6896268984375 0.5235400625 0.6846314312499999 0.5035926953125001 0.67184823125
0 0.5305244453125 0.6145563140625 0.4990642453125 0.6108533515625 0.48945232031249997 0.6144617125 0.4662690984375 0.6152778046875 0.46781177031250004 0.6180881312500001 0.4953149484375 0.6275785765624999 0.51885875625 0.6306683875 0.5430186921875 0.6300070875 0.547283778125 0.6223440484375 0.5305244453125 0.6145563140625
0 0.55246408125 0.554198103125 0.542902325 0.5513998140624999 0.5098492828125 0.5512931765625 0.5094385296875 0.5537939187500001 0.5316473890625 0.5650111484375 0.536378096875 0.572816940625 0.5716424609375 0.577764253125 0.5803803624999999 0.5733759140625 0.5783744171875 0.5672848687500001 0.55246408125 0.554198103125
0 0.5650966578125 0.49559216250000004 0.5175959453125001 0.47972516406250004 0.5133810249999999 0.48098155625 0.5191386171875 0.482535490625 0.524177390625 0.4884657265625 0.5153368031250001 0.49347925000000004 0.52721256875 0.5004930265625 0.54623339375 0.5067147875 0.5736840515625 0.5104237687500001 0.5809819671875001 0.50259991875 0.5759431937499999 0.49666968437500003 0.5650966578125 0.49559216250000004
0 0.6005021296875 0.43256708125000004 0.5764425328125 0.42041508437499997 0.561894521875 0.4174680234375 0.5389166765625 0.41703374374999996 0.527867115625 0.42939470625 0.5291017250000001 0.4340805890625 0.5536222453125 0.43732519375 0.5903767640625001 0.4393013703125 0.5988066 0.436788590625 0.6005021296875 0.43256708125000004
0 0.60778829375 0.363802671875 0.596941759375 0.36272515 0.56933589375 0.35385989218749997 0.56352813125 0.35871260625 0.5513968203124999 0.3593558484375 0.5481084468749999 0.367173678125 0.5638910671875 0.3748066234375 0.5757143140625 0.3760389375 0.60866466875 0.37677076249999997 0.6131351328125 0.36785735 0.60778829375 0.363802671875
0 0.584333075 0.286959003125 0.5585301265625 0.29762327499999996 0.559662046875 0.30293434375 0.57827211875 0.311656846875 0.6072129328125 0.312394690625 0.6195496203124999 0.3105010765625 0.621553215625 0.3044040109375 0.584333075 0.286959003125
0 0.5998460453125001 0.2291202953125 0.56643241875 0.2251077515625 0.552913640625 0.22809694687499998 0.55846585625 0.23090125156250002 0.562014475 0.2398026265625 0.5595476078125 0.2426189703125 0.57759171875 0.248685940625 0.620875165625 0.253621215625 0.6342912546874999 0.25125720625 0.635420825 0.2443801640625 0.5998460453125001 0.2291202953125
0 0.44598781093750006 0.47030093281249996 0.43565471875000006 0.46609748125 0.430615946875 0.46016724375000007 0.4264010265625 0.4614236359375 0.400337834375 0.455368703125 0.369804178125 0.4582271828125 0.3690853609375 0.4626034828125 0.3759748734375 0.46946848750000003 0.424605159375 0.478458440625 0.4417227265625 0.47796396874999997 0.44917584687499995 0.47529639687499997 0.44598781093750006 0.47030093281249996
0 0.41913918125 0.3897121671875 0.4051571296875 0.3894206390625 0.387320746875 0.39429141093750003 0.417137934375 0.40799734374999996 0.42166326718749997 0.41705350625 0.4273181703125 0.41923262968749997 0.45594857031249997 0.4096579171875 0.45620411406250005 0.4020008984375 0.41913918125 0.3897121671875
0 0.47546873125 0.3396250796875 0.454802546875 0.331218178125 0.43192738906250006 0.3301587125 0.4128062265625 0.33675025000000003 0.3979501515625 0.33567874531249997 0.41090532187499995 0.342222128125 0.40941516718750004 0.3451932640625 0.41507006874999997 0.3473723875 0.438613875 0.35046220156249996 0.4719749828125 0.34869328125 0.476703340625 0.3443109640625 0.47546873125 0.3396250796875
0 0.474943540625 0.28181045 0.44995974843750003 0.2752851234375 0.41742014843749997 0.27205255781250004 0.437470203125 0.2842105734375 0.4741745546875 0.2925933984375 0.478492159375 0.290711821875 0.479313665625 0.2857103359375 0.474943540625 0.28181045
0 0.482179534375 0.2194526890625 0.467579003125 0.210724165625 0.44583341875000004 0.20278765937499998 0.4282525796875 0.200001409375 0.44876825625 0.2276282578125 0.49009827812499995 0.23225395 0.498528115625 0.22974116718749998 0.49487680625 0.22146498124999997 0.482179534375 0.2194526890625
0 0.2500266828125 0.430905603125 0.234707334375 0.42655338125000003 0.2105474 0.42721468125 0.1943563765625 0.434270590625 0.2258189296875 0.4501616640625 0.2657089625 0.4513518453125 0.27228806250000004 0.4479042953125 0.2722355421875 0.44212283281250003 0.2500266828125 0.430905603125
0 0.28944169531249997 0.3678745046875 0.2728375703125 0.365243046875 0.2580316640625 0.357764896875 0.2472878171875 0.35606218749999996 0.20786105625 0.3581527265625 0.23330811875 0.3679587734375 0.2419456796875 0.37638373281250004 0.2832757015625 0.381009425 0.29257956093750004 0.379276621875 0.2939145078125 0.37114920625000003 0.28944169531249997 0.3678745046875
0 0.29287352499999997 0.30427239375 0.281152965625 0.3024148921875 0.26156618125 0.293537596875 0.22748390624999998 0.28749470312500003 0.2337047703125 0.292329359375 0.2265095421875 0.2995280234375 0.22774415 0.3042139078125 0.24820496093750002 0.31387118125 0.28768424375 0.3175621046875 0.2982728828125 0.31410853437499997 0.2989917 0.309732234375 0.29287352499999997 0.30427239375
0 0.284069003125 0.229750596875 0.270086953125 0.22945907187499998 0.24304704687499998 0.223249346875 0.22855155625 0.22608375 0.23667567812499998 0.2376346390625 0.24983622031250002 0.24292765 0.254361553125 0.25198381406250003 0.28361043124999996 0.2508461 0.29486771875 0.24942288124999998 0.299596078125 0.2450405609375 0.284069003125 0.229750596875
0 0.27603816875 0.16882207656249998 0.25748061875 0.1658810359375 0.2280263640625 0.168269121875 0.267507996875 0.18414815625 0.30354369999999997 0.19050063125 0.30554729375 0.1844035671875 0.3012798578125 0.17987849375 0.27603816875 0.16882207656249998
0 0 0.7353905734375 0.01418795 0.7380134046875 0.036394457812499996 0.7370425203125001 0.0428708671875 0.7342201546875 0.044771775 0.7287482765625 0.0413783625 0.72500318125 0.0165999484375 0.7172274843750001 0 0.7145966859375 0 0.7353905734375
0 0 0.651012053125 0.012737503124999999 0.6553258390625001 0.0358180390625 0.6551349328125 0.048412621875 0.6577724093749999 0.06537498124999999 0.6521216640625 0.0682526 0.646804575 0.0648591890625 0.6430594796875 0.054423407812500005 0.6394812140624999 0.0201357578125 0.63468869375 0.0026074375 0.63768390625 0 0.6389743671875 0 0.651012053125
0 0.065563471875 0.5716583609375 0.0479301125 0.56309065 0.01621436875 0.5670447078125 0.0022848375000000002 0.5725346453125 0.012309865625 0.5786136515625 0.0276292125 0.5829658765625 0.0553879359375 0.5847993 0.0814511296875 0.5908542328124999 0.08592159218749999 0.581940821875 0.07748940625 0.572265490625 0.065563471875 0.5716583609375
0 0.0870919296875 0.5199046828125 0.072080646875 0.5136769015625 0.048947595312499995 0.5080863453125 0.0293631609375 0.511397159375 0.012861725 0.5081405171875 0.03661325625 0.5221680703125 0.0402645640625 0.5304442593750001 0.06159705 0.5286933968749999 0.07408894375 0.531956059375 0.08858443437499999 0.52912165625 0.0903826546875 0.5242749625 0.0870919296875 0.5199046828125
0 0.0479207140625 0.5143382015625 0.048281298437499995 0.51824410625 0.0546048484375 0.5224535765625 0.06262393125 0.5224415390625 0.066478265625 0.5172792421875 0.05234100781249999 0.5118314390625 0.0479207140625 0.5143382015625
0 0.10121743750000001 0.4644119265625 0.0875434515625 0.46224484375 0.06297041249999999 0.45321877343750006 0.0351615203125 0.457792 0.054595446874999995 0.47370113125 0.0828174421875 0.4788152734375 0.1042526140625 0.476439228125 0.10918635000000002 0.4708065375 0.10121743750000001 0.4644119265625
0 0.12367008906250002 0.407031575 0.10768209375 0.40064900468750003 0.06049179375 0.3950945609375 0.0488237546875 0.3990185234375 0.077664228125 0.4125696671875 0.12552317968749999 0.42015445781249994 0.129840784375 0.4182728796875 0.13076497812500001 0.41264620937499996 0.12367008906250002 0.407031575
0 0.103966515625 0.32565079531249996 0.09301729375 0.325198459375 0.0703498625 0.3350767328125 0.08962858124999999 0.3458295859375 0.10674615000000001 0.345335115625 0.1171819296875 0.34891338125 0.1364583 0.3474781234375 0.13738249375 0.3418514515625 0.103966515625 0.32565079531249996
0 0.1255451453125 0.26749046718749997 0.1091463953125 0.2636086375 0.0869398859375 0.264579521875 0.0869924046875 0.270360984375 0.07779123437499999 0.271468603125 0.10945915937499999 0.2861093046875 0.12030569531249999 0.2871868265625 0.1505312875 0.2862039046875 0.1537169703125 0.279011259375 0.1255451453125 0.26749046718749997
0 0.12219015 0.1963981640625 0.092169934375 0.1961307140625 0.08677292812500001 0.198482684375 0.0880075359375 0.20316856875 0.1083656578125 0.213451028125 0.1112456296875 0.2203220515625 0.1293399078125 0.21998237187499997 0.1510831453125 0.21573076875 0.15123600312500002 0.20869893281250002 0.12219015 0.1963981640625
0 0.149989640625 0.143072490625 0.1222810859375 0.1348324203125 0.09848173593750001 0.1393996265625 0.099100215625 0.14783662343749998 0.11010195781250001 0.154070421875 0.14927317499999998 0.159636903125 0.1625865765625 0.1578980796875 0.16438479374999998 0.1530513859375 0.149989640625 0.143072490625
0 0 0.8273567296875 0.007628512499999999 0.8267582062500001 0.0193992390625 0.8222090578125 0.020426121875 0.8159572 0.000376065625 0.803799184375 0 0.8038098124999999 0 0.8273567296875
0 0.1517849859375 0.9314006375 0.14448472343750002 0.9270363765624999 0.12135166875 0.9214458171875 0.1044394796875 0.92068991875 0.0837756421875 0.9244711265625 0.0812060875 0.927912659375 0.085062771875 0.934938475 0.1141587921875 0.9408325937500001 0.1474172125 0.9396888609375 0.15183750625 0.9371821 0.1517849859375 0.9314006375
0 0.308935915625 0.9630315375 0.3102708640625 0.9549041234375 0.2982924078125 0.9485155328125 0.28765125 0.9461876374999999 0.24765852656249998 0.9456226437499999 0.2444226734375 0.9592219375000001 0.2613873828125 0.9657593015625 0.272233915625 0.966836825 0.28457060312500004 0.9649432093750001 0.2973705640625 0.966330315625 0.308935915625 0.9630315375
0 0.44119739999999996 0.9692590843750001 0.4256726765625 0.9661572312500001 0.42130254999999994 0.9622573453125 0.39076889375 0.9651158234375 0.3757599625 0.9710761546875 0.3785372453125 0.9785723640624999 0.39725000312500003 0.986669684375 0.42202606875 0.98225726875 0.434620653125 0.9848947453125 0.4447460171875 0.97816045625 0.444488121875 0.9736293640625 0.44119739999999996 0.9692590843750001
0 0.5881552671875 1 0.58961085 0.999174534375 0.5850855187499999 0.9901183703124999 0.5744443609375 0.9877904781250001 0.5652933578125 0.9824914453125 0.535067765625 0.9834743671874999 0.5164600453125 0.986939975 0.5210880671875 0.9953709546875 0.529387453125 1 0.5881552671875 1
0 0.46148975625000005 0.8884237687500001 0.45789096875 0.88592904375 0.41990183906249995 0.879266984375 0.40751498281250004 0.8875672484375 0.405871971875 0.8975702203125 0.4263829484375 0.9008208453125001 0.4605153921875 0.9004570890625001 0.4642670390625 0.895919978125 0.46148975625000005 0.8884237687500001
0 0.5982296109374999 0.9100945984375001 0.5754046234375 0.9026284859375 0.5617306359375001 0.900461403125 0.54517903125 0.9036114078124999 0.5347456015625001 0.9122212546874999 0.5517103109375 0.9187586187499999 0.548061353125 0.9226705421875 0.5606559359375 0.9253080203125 0.5818857328125 0.9241823437500001 0.5883119703124999 0.9277666281249999 0.5963310546875 0.927754590625 0.6049137453125 0.9182099750000001 0.5982296109374999 0.9100945984375001
0 0.3405329453125 0.8682820921875001 0.3319980703125 0.8592319484375001 0.2914393875 0.8560114203125 0.2538633625 0.859036728125 0.25304185625 0.8640382140625 0.266613153125 0.8668304828125001 0.2839384453125 0.877273753125 0.29576169375 0.8785060671875 0.316322840625 0.8753500421875 0.338221284375 0.8762547156249999 0.3405329453125 0.8682820921875001
0 0.17526025781250001 0.837288353125 0.13151353593749998 0.8290723578125 0.110233571875 0.8366046812500001 0.10309086406250001 0.849584809375 0.112394725 0.8478520062499999 0.1250418265625 0.8562709453125 0.132855534375 0.8575092796874999 0.172898428125 0.8516676249999999 0.1770106578125 0.85103641875 0.1785509796875 0.8416586328125 0.17526025781250001 0.837288353125
0 0.1815148375 0.750399578125 0.1757047265625 0.7430641796875 0.140750775 0.7484294203124999 0.11957114843750001 0.743148446875 0.1331447953125 0.7581288265625 0.15617516250000002 0.7643445703125 0.1945750421875 0.7685058875 0.20737265312500003 0.75770488125 0.1908186984375 0.748666775 0.1815148375 0.750399578125
0 0.2109549890625 0.674882821875 0.19671504374999998 0.6700602046874999 0.150964728125 0.667941275 0.1368823390625 0.6804630453125 0.1573933203125 0.6837136703125 0.173381315625 0.6900962421875 0.1955878234375 0.689125359375 0.2028880890625 0.6934896203124999 0.2196450703125 0.6890892453124999 0.22252269062500002 0.68377215625 0.2109549890625 0.674882821875
0 0.21463915625 0.60364321875 0.1986535109375 0.609448759375 0.182718034375 0.6088476484374999 0.16436585937499998 0.6046562359375 0.170381346875 0.6107412625 0.1962916828125 0.6238280296875 0.200919703125 0.6322590078125 0.22312621250000003 0.631288125 0.23967781875 0.6281381171875 0.2426581265625 0.6221958453124999 0.21463915625 0.60364321875
0 0.2122162640625 0.5512809390625 0.1637937046875 0.5532287265625 0.2341719296875 0.5823432984375 0.23848953437499998 0.5804617234375 0.2521611703125 0.5704406953125 0.24198093437499998 0.559205409375 0.2122162640625 0.5512809390625
0 0.2466503984375 0.4971224328125 0.24767727968750003 0.4908705765625 0.2310731546875 0.48823911875 0.214213484375 0.49326468125 0.18193177968750002 0.49456320624999994 0.2091794125 0.5117106687499999 0.244546465625 0.516032796875 0.2559064390625 0.5139843921875 0.25857868281249996 0.509917675 0.2466503984375 0.4971224328125
0 0.6222225875 0.8433364640625 0.615641140625 0.8345959000000001 0.601709259375 0.8278977265625 0.5753380015625 0.8237183515625001 0.5600210046874999 0.8315542390624999 0.544959553125 0.8317331078124999 0.5414132828125 0.835019846875 0.5551397890625 0.84296839375 0.5814083578125 0.8477729546875 0.601353375 0.8483680421875001 0.6097832109375 0.8458552625 0.6206297453125 0.8469327859375 0.6222225875 0.8433364640625
0 0.635008446875 0.7715948984375001 0.5973273828125001 0.7630572812499999 0.5822659296875 0.76323615 0.5763554828124999 0.7687140484375 0.5682337109375 0.7693512703125001 0.5986168609375 0.7857127390625 0.6250908078124999 0.789266928125 0.6461653968750001 0.7829849765625 0.643285425 0.7761139515625 0.635008446875 0.7715948984375001
0 0.6310373234375 0.7042537109375 0.6092917359375 0.6963172015625 0.586263721875 0.7022895703125 0.5904284703125 0.7074398296875 0.607187803125 0.7152275625 0.6497524328125001 0.7245391390625 0.6572557234375 0.7154649171874999 0.6511877171875 0.7035984296875 0.6310373234375 0.7042537109375
0 0.659966384375 0.6440509953125 0.6282482890625001 0.6358169421875 0.6201265171875 0.6364541640625 0.59576355625 0.6505539484375 0.6055832078125001 0.6578833281249999 0.6402816140625001 0.660175109375 0.64459921875 0.65829353125 0.654160975 0.6610918203125 0.6678851296875 0.6568522531250001 0.6680379875 0.6498204203125 0.659966384375 0.6440509953125
0 0.6656095359374999 0.5852895578124999 0.642579171875 0.5790738140625 0.62283953125 0.577228353125 0.6135356703125 0.5789611546875 0.633843621875 0.595650265625 0.6592381656249999 0.5996748484375 0.6784118484375 0.5988647734375 0.6811867796875 0.594172871875 0.6656095359374999 0.5852895578124999
0 0.3434344171875 0.780551165625 0.3237449453125 0.77229905625 0.3119742171875 0.7768482046875 0.2791790703125 0.78127265625 0.318763390625 0.79652650625 0.3265770984375 0.797764840625 0.33911916249999996 0.7946208546875 0.353769859375 0.7969427296875 0.3632790984375 0.793959553125 0.36230003437499997 0.7816166499999999 0.3434344171875 0.780551165625
0 0.3660999625 0.7004227390625 0.351809846875 0.7020067703125 0.33823854999999997 0.6992145015625 0.3141813015625 0.699250615625 0.3021025109375 0.7056753234375 0.3191699078125 0.7115875015625 0.321639125 0.7209592671875 0.3496557453125 0.7273237828125 0.3665154140625 0.7222982203125 0.377927909375 0.726031278125 0.38609985 0.7189874046875 0.3860473296875 0.713205940625 0.3660999625 0.7004227390625
0 0.3980112609375 0.6525696515625 0.3720005859375 0.6522961828125 0.35549915 0.6490395390625 0.3288723453125 0.6525171859375 0.3283087359375 0.6620497624999999 0.342856746875 0.664996821875 0.35211043750000004 0.6696706671875 0.3759623078125 0.670884925 0.4057246265625 0.6666212812500001 0.40402674687499995 0.658654678125 0.3980112609375 0.6525696515625
0 0.3834519328125 0.5825781796875 0.3425350140625 0.5876398578125 0.35050392812500003 0.5940344671875 0.3683426609375 0.601351809375 0.4050470125 0.609734634375 0.41789714062499994 0.604715090625 0.4191293984375 0.5972128624999999 0.4093097484375 0.5898834828124999 0.3834519328125 0.5825781796875
0 0.4014289875 0.51583886875 0.39644273281250003 0.5156900953125 0.386986015625 0.524454734375 0.3680177109375 0.5240144359375 0.36827560625 0.5285455265625 0.38503493906249997 0.5363332609375 0.413256934375 0.54144740625 0.4273416734375 0.541113746875 0.43186465625 0.5379818000000001 0.4014289875 0.51583886875
0 0.7285980953125 0.9461507203125 0.7339951015625 0.94379875 0.7339425828125 0.9380172874999999 0.7229408421875 0.9317834875000001 0.682587534375 0.9273125875 0.6664968499999999 0.9215552 0.6630532703124999 0.9242167531250001 0.672617375 0.939203153125 0.669431690625 0.9463957984375 0.6966769734375 0.9513551515625001 0.7116357375 0.9518014687499999 0.7184202109375 0.947103546875 0.7285980953125 0.9461507203125
0 0.7486293484375001 0.8608038421875 0.70693874375 0.8522722437500001 0.676815840625 0.8526299796875 0.678255828125 0.8560654921875 0.6736301546875 0.859822625 0.682781159375 0.8651216578125001 0.6771787765624999 0.8687239984374999 0.6789268265625 0.8702839515624999 0.7222102734375 0.875219228125 0.7495057265625 0.87377193125 0.7520227625 0.8645489375000001 0.7486293484375001 0.8608038421875
0 0.7503131296875 0.7956417765625 0.7181341125 0.7963151140625 0.6905831140625 0.80541943125 0.741577578125 0.812218225 0.74615308125 0.8148677421875 0.7538115796875 0.810949796875 0.7678963171875 0.8106161359374999 0.7689231999999999 0.8043642796875 0.764553075 0.8004643921874999 0.7503131296875 0.7956417765625
0 0.7593998609375 0.734218784375 0.742898425 0.730962140625 0.712622665625 0.7383517109375 0.744187903125 0.7536176 0.7654176984375 0.7524919234375 0.776624815625 0.7574753515625 0.7853627171875 0.7530870125 0.7862869109374999 0.74746034375 0.7593998609375 0.734218784375
0 0.958897134375 0.184672821875 0.949180171875 0.1767182578125 0.9348375359375 0.17252082500000002 0.9106776015625 0.1731821265625 0.934687028125 0.1917407703125 0.968461240625 0.19965922187500001 0.9809006171875 0.1971404234375 0.9815167468749999 0.19338930781250002 0.958897134375 0.184672821875
0 0.9671600124999999 0.1160632046875 0.9276305593749999 0.11877893125000001 0.9333881515625 0.1203328671875 0.9446477874999999 0.1310977578125 0.9647480140625 0.1368491234375 0.979809465625 0.13667025625 0.9881366109374999 0.13478266249999998 0.9901402062500001 0.12868559531249998 0.9671600124999999 0.1160632046875
0 0.8851160968749999 0.10306070781250001 0.8454816078125 0.09421350625 0.8334004640625 0.08845010156250001 0.8293384046875 0.08267465625 0.8251234875 0.083931046875 0.829959234375 0.1032997671875 0.8453311015624999 0.113433453125 0.8631173171875 0.11496933125 0.8856318890624999 0.112122890625 0.8884068218750001 0.1074309859375 0.8851160968749999 0.10306070781250001
0 0.7544395500000001 0.06888014375 0.7293530687499999 0.06298000312499999 0.722105325 0.064397203125 0.740101615625 0.0890589359375 0.770790478125 0.0913567328125 0.778038225 0.08993953125000001 0.7788597312500001 0.0849380453125 0.7544395500000001 0.06888014375
0 0.6578339078125001 0.048438190625 0.6225554515625 0.0428471828125 0.6319921609375 0.0578133921875 0.6719347140624999 0.064785034375 0.6780505406249999 0.05805676562499999 0.6701843140625 0.05103696875 0.6612912078125001 0.0502690296875 0.6578339078125001 0.048438190625
0 0.5343710046875 0.035927578125 0.535089821875 0.0315512796875 0.5322448640624999 0.0285345640625 0.52620389375 0.027577178125 0.4731132515625 0.024794815625 0.473814784375 0.026330496874999998 0.491808725 0.0388041140625 0.5258384796875 0.0390655453125 0.5343710046875 0.035927578125
0 0.168215625 0.026007971875 0.145801390625 0.016041115624999998 0.107454028125 0.0176612625 0.10401044687500001 0.0203228171875 0.1063244578125 0.024538304687500002 0.1302813671875 0.0373154875 0.14796489375 0.039476551562500004 0.1748495921875 0.0405299984375 0.17937257499999998 0.03739805 0.168215625 0.026007971875
0 0.16848762343749998 0.10366773437500001 0.17311329375 0.0999106 0.17218675 0.093349159375 0.1527026546875 0.08384667968750001 0.1275134859375 0.07857172500000001 0.1068998203125 0.0759462859375 0.09466582031250001 0.077214715625 0.11430512343749999 0.09187347500000001 0.10654393749999999 0.096416603125 0.116774340625 0.1012452390625 0.1285975875 0.1024775546875 0.1428877015625 0.1008935234375 0.15635631249999998 0.10431097656249999 0.16848762343749998 0.10366773437500001
0 0.3194149046875 0.1243797203125 0.286256821875 0.11271015625 0.25232975625 0.1118235390625 0.2437447125 0.10918004375000001 0.24215186875 0.112776365625 0.262870575 0.1269647296875 0.282765425 0.13396646875 0.300654325 0.13487716249999998 0.3197253203125 0.134692275 0.3225002515625 0.130000371875 0.3194149046875 0.1243797203125
0 0.48905494374999997 0.15318902343750002 0.48987645 0.14818753906249998 0.46556130781249994 0.143692559375 0.450294478125 0.1451218015625 0.43322708125 0.1392096234375 0.436878390625 0.147485809375 0.45631231562499996 0.1633949390625 0.49049727968749995 0.168812646875 0.5016518796875 0.1680146125 0.5065856125 0.162381921875 0.48905494374999997 0.15318902343750002
0 0.6089355515625 0.1737816265625 0.5745452109375 0.1696142921875 0.5730550578125 0.17258542968749999 0.5944424125000001 0.1888041421875 0.6372124171875 0.1968653453125 0.650062546875 0.191845803125 0.6378261953125001 0.18092611875 0.6089355515625 0.1737816265625
0 0.7363711234375 0.20328905156250002 0.714317471875 0.1972281 0.6937563234375 0.20038412499999997 0.7069693874999999 0.2114585984375 0.7249108109375 0.21815075468749998 0.738687484375 0.2196926515625 0.7499447703125 0.21826943281250002 0.7517429875 0.21342273750000001 0.7363711234375 0.20328905156250002
0 0.8267947015624999 0.220185415625 0.80731295625 0.22287104531250002 0.8236113656249999 0.239566175 0.857435746875 0.241077975 0.8651969328125 0.236534846875 0.85470863125 0.2271751171875 0.8267947015624999 0.220185415625
0 0.8623553812500001 0.162316615625 0.8354683312500001 0.1490750578125 0.8220522406249999 0.151439065625 0.8214361109375 0.155190178125 0.8296629203125001 0.16611588125 0.8441607624999999 0.1754695921875 0.854904609375 0.1771723 0.877727246875 0.1724503 0.8732019140625 0.16339413593750002 0.8623553812500001 0.162316615625
0 0.7563020390624999 0.1307554703125 0.750596965625 0.1349829984375 0.7387737203125 0.13375068437499998 0.7237624375 0.1275229046875 0.6989863734374999 0.13193531875 0.7064920125 0.135049209375 0.7187808828125 0.15175035312500001 0.732968309375 0.1507915078125 0.757283453125 0.1552864859375 0.76386255 0.1518389359375 0.7655055625 0.14183596406250001 0.7563020390624999 0.1307554703125
0 0.6550844453125 0.11856304375 0.6289687328125 0.10672665156250001 0.596789715625 0.10739998906249999 0.5961735874999999 0.11115110312500001 0.6027025125 0.1141102015625 0.6135513984375 0.1273758359375 0.6448062218749999 0.13232916875 0.6583249999999999 0.1293399734375 0.65924919375 0.1237133046875 0.6550844453125 0.11856304375
0 0.471204459375 0.084931125 0.44246902187500003 0.082942909375 0.46786591718750004 0.099155603125 0.5049810203125 0.1050376859375 0.51274220625 0.10049455624999999 0.50400195625 0.0926947828125 0.471204459375 0.084931125
0 0.29009940625 0.046607300000000004 0.2686117125 0.043201884375 0.265373509375 0.044613065625 0.26825348125000004 0.0514840890625 0.27961580625 0.06162379531249999 0.3259846 0.072179721875 0.3291702859375 0.064987078125 0.322691528125 0.055621331249999996 0.29009940625 0.046607300000000004