0 1 0.039303318749999996 0.98895589375 0.035248825 0.9766928078125 0.035622521875 0.9555501640624999 0.029474925000000003 0.9493883578125001 0.03030954375 0.9398430265625001 0.0380391515625 0.9425305171874999 0.046042832812500004 0.9585584984375 0.0524540984375 0.997260465625 0.0540777203125 1 0.0525840046875 1 0.039303318749999996
0 1 0.1157288296875 0.9960481390625 0.113141103125 0.98483219375 0.1129438515625 0.96973030625 0.1085527109375 0.9501372234375 0.1129230484375 0.9318031187500001 0.11218805624999999 0.9475890015624999 0.1237814703125 0.9453131421875 0.128809978125 0.9391513359375001 0.1296445953125 0.9400169046875 0.13296025625000002 1 0.1327163015625 1 0.1157288296875
0 1 0.195007390625 0.98987286875 0.190366303125 0.9451301437499999 0.1869862234375 0.9265236781249999 0.1920811484375 0.959505734375 0.20692380781250003 0.980890478125 0.207889259375 0.9973118734374999 0.2058795359375 1 0.20370274687499998 1 0.195007390625
0 0.9944965187499999 0.266142234375 0.9969236921875 0.257874884375 0.9669014890625001 0.245205990625 0.9578403546875001 0.2425713046875 0.95257438125 0.24607381562500003 0.9320249421875 0.24907179687499997 0.9383562781249999 0.26645151562499997 0.9565390703125001 0.2704253484375 0.9944965187499999 0.266142234375
0 1 0.3167928875 0.99625038125 0.3159734109375 0.9666095468749999 0.31698447500000004 0.9459995859375001 0.3212779921875 0.936605565625 0.325768759375 0.9354071093749999 0.32957855 0.9393535796875 0.332476903125 1 0.3347130140625 1 0.3167928875
0 0.9304681546875001 0.391610678125 0.9261887984375001 0.395837778125 0.9422470421875 0.4016012765625 0.9490928406249999 0.40796893125 0.956211 0.40850667031250004 0.9879461203125001 0.406353709375 0.9973098765625 0.4025107109375 0.999616 0.3968344359375 0.9866083968750001 0.391301396875 0.9470105984374999 0.38700988281250004 0.92454845 0.3872631484375 0.9304681546875001 0.391610678125
0 0.988091565625 0.46876993906250003 0.989380809375 0.4630168421875 0.9814576046875001 0.4578679046875 0.9480216125 0.4527417734375 0.9192160828124999 0.45771626562499995 0.9283074796875 0.4597031828125 0.9390997484374999 0.4689691921875 0.9736434078125 0.47222883906249996 0.988091565625 0.46876993906250003
0 0.9521014859375001 0.5401573 0.9716037828124999 0.5377302687500001 0.9740914796875 0.5281673828125 0.9527369968749999 0.5265541625 0.936678753125 0.520790665625 0.9323993953124999 0.5250177640625 0.9199849984374999 0.528630303125 0.9406737062499999 0.5444944265625 0.9521014859375001 0.5401573
0 0.9354321265625 0.613004240625 0.944402471875 0.6175822296875 0.9549949484375 0.609281671875 0.971416340625 0.60727195 0.976682315625 0.6037694390625 0.9739040375 0.5977090625 0.9495897031249999 0.5939220781250001 0.9292823640625001 0.5917379125 0.9209052249999999 0.5963054984375 0.9142289578125 0.6081521796875 0.9354321265625 0.613004240625
0 0.9635477968749999 0.6664825453125001 0.9227212828125 0.6666485890625 0.8998051953124999 0.6766183796874999 0.9333017124999999 0.680448975 0.9619861921874999 0.6780655546875 0.969316190625 0.674068915625 0.9695280265624999 0.6695345359375 0.9635477968749999 0.6664825453125001
0 0.9090847265625 0.7394097328125 0.9079770609375 0.74127621875 0.9201796218749999 0.7421980578125 0.9529316203124999 0.7401219171875 0.9622651140625 0.7369266875 0.9605339781250001 0.7302953640625 0.9515938953124999 0.7250696046875 0.9353540765625 0.723192715625 0.9065485499999999 0.7281672109375 0.8892313234375001 0.7275090390625001 0.9090847265625 0.7394097328125
0 0.8290707296875001 0.3995519453125 0.8379805515625 0.4054254734375 0.8710351749999999 0.3968716484375 0.8725059906249999 0.3872319421875 0.8634751218750001 0.3839494875 0.8268977015625 0.3805362015625 0.8003075078125 0.38177772656250003 0.804344765625 0.3827327734375 0.80697173125 0.392031990625 0.8290707296875001 0.3995519453125
0 0.8643147734375001 0.4646196890625 0.8685033421874999 0.46233589531249997 0.8657553265625 0.4556277515625 0.8537948671875 0.4495237625 0.8210428671875001 0.451599903125 0.8068670703124999 0.4492288875 0.809584825 0.4565848015625 0.8225621656250001 0.4627656078125 0.8643147734375001 0.4646196890625
0 0.796780984375 0.5115222328125 0.7842455375 0.51772584375 0.7902257671874999 0.5207778390625 0.79004419375 0.5246644484375 0.783852125 0.526146834375 0.7846571703125 0.530758034375 0.8191705656250001 0.5346654484375 0.82739639375 0.5333367015625 0.834363240625 0.5371132843749999 0.8570977515625 0.5310301015625 0.8592828234375001 0.5279448999999999 0.8553363546874999 0.5250465484375 0.818226253125 0.5111921453125 0.796780984375 0.5115222328125
0 0.8366434484375 0.608791546875 0.85106134375 0.6059804171875001 0.8605461515625 0.5995463421875 0.8597108453125 0.5955829125000001 0.850679975 0.592300459375 0.8141328171875 0.5882394046874999 0.7954053015625 0.5959254031250001 0.790018278125 0.6020189874999999 0.8090968999999999 0.6086607125 0.8366434484375 0.608791546875
0 0.844270203125 0.66397229375 0.808618875 0.6625791328124999 0.797100309375 0.668859565625 0.7979053515625 0.6734707640625001 0.8282301796875 0.6796619734375 0.8530287124999999 0.6730846625 0.8522841953125001 0.667177928125 0.844270203125 0.66397229375
0 0.7733025765625 0.7301170671875 0.825938240625 0.7392938499999999 0.8486122265624999 0.7345062062500001 0.8498106796875 0.730696415625 0.8418874765625001 0.725547475 0.8073135562499999 0.7229355984375 0.7733025765625 0.7301170671875
0 0.9257601890625 0.7981891875 0.9423026312499999 0.793588390625 0.9607275218750001 0.792380075 0.962077290625 0.78533144375 0.9541540859375001 0.7801825046875 0.9175766671875 0.7767692171875 0.9009736984375 0.782665553125 0.8987281015624999 0.787046290625 0.9046478078125 0.7913938218750001 0.9257601890625 0.7981891875
0 0.7961140015625 0.777344171875 0.77170888125 0.7755004921875 0.7907572390625 0.7827899859375 0.7752014140625 0.788115371875 0.813237609375 0.8039898984375 0.8309482421875 0.7962270796875 0.8484470406250001 0.7929986390625 0.8518608296875 0.785455878125 0.8478840968749999 0.78320529375 0.8366681546875 0.7830080421875001 0.8195930296875 0.777167725 0.8074509937500001 0.7749503484375 0.7961140015625 0.777344171875
0 0.7038314375 0.524652075 0.723152159375 0.526111653125 0.73069399375 0.517580634375 0.7228010515625 0.5117839265625 0.705695665625 0.506591378125 0.6853278031250001 0.505702746875 0.6688458859375 0.5090080078125 0.6697114515625 0.5123236703125 0.68741004375 0.526661796875 0.7038314375 0.524652075
0 0.7253011015624999 0.5893292890625 0.6928517265624999 0.5849277453124999 0.66820450625 0.5882662140625 0.6911993375 0.5984540609375 0.7308576578125 0.6014500390624999 0.736305209375 0.5940609171875 0.7343924984375 0.5913162062499999 0.7253011015624999 0.5893292890625
0 0.717160196875 0.6543698 0.684620034375 0.6519115609374999 0.6587743578125 0.6590598203125 0.6869746359375 0.66704069375 0.7123058515625 0.6709044984375 0.7340537453125 0.664096728125 0.7311846796875 0.659979659375 0.717160196875 0.6543698
0 0.664990821875 0.7225847359375 0.664688196875 0.7290624203125 0.659543271875 0.7299738578125 0.7022522328125 0.733200296875 0.7351252828125 0.7285330812499999 0.7324075296875 0.7211771687499999 0.7102782671875 0.7143049828125 0.6849470546875 0.710441178125 0.6765093890625 0.716304303125 0.6609838265625 0.7209819203125 0.664990821875 0.7225847359375
0 0.734465684375 0.786338109375 0.731657146875 0.780925503125 0.7205925140625 0.777489409375 0.6797962609375 0.7770076859375 0.656014609375 0.7836618171875 0.651704990625 0.788536684375 0.6811037234375 0.7927077671875 0.71271779375 0.79314588125 0.734465684375 0.786338109375
0 0.9534824453124999 0.86008848125 0.9526471421875 0.8561250499999999 0.9335685187499999 0.8494833234374999 0.9052471890625 0.8440935234375001 0.8903753562500001 0.8566211812500001 0.904278790625 0.8648221125 0.9368794781249999 0.8659848140624999 0.9492636125 0.86302004375 0.9534824453124999 0.86008848125
0 0.54297831875 0.16700664062499998 0.53265820625 0.16947728281250002 0.525237421875 0.175417225 0.513930690625 0.17716328125 0.5277735984375 0.1866597484375 0.5521484609375 0.18915119687499998 0.572153175 0.197813046875 0.5817287671875 0.18943566875 0.5910017390625 0.18753597500000002 0.5933683859375 0.18056416250000001 0.572437578125 0.16988218593749999 0.562147728125 0.171705059375 0.54297831875 0.16700664062499998
0 0.5177658515625 0.24797374374999998 0.542915490625 0.25572415625 0.5507176453125 0.26346416875 0.570189678125 0.26168490625 0.587809525 0.2558653921875 0.5930452374999999 0.25301065 0.592270459375 0.247751684375 0.5732826234374999 0.2391666515625 0.5539316390625 0.238354840625 0.538527125 0.240441384375 0.5177658515625 0.24797374374999998
0 0.5988593375 0.31457531250000004 0.5887510625 0.3125115765625 0.5850164296875 0.3050788453125 0.5799622921875 0.304046975 0.575773721875 0.3063307703125 0.5635408984375 0.3060566984375 0.554116615625 0.311195234375 0.5296509687500001 0.31064709375 0.51914928125 0.3170043453125 0.5362244046875 0.3228446640625 0.5317634734375 0.33095837499999997 0.5735463421875 0.3321646859375 0.5963716406249999 0.32413819843749997 0.6006509984374999 0.3199111 0.5988593375 0.31457531250000004
0 0.5559416234375 0.3919195671875 0.5884212609375 0.39567334375 0.6069672015625 0.39187395468749997 0.6043099734374999 0.38322250625 0.5801166890625 0.37684444687499996 0.55574183125 0.3743530015625 0.5260102078125 0.37730736875000004 0.5238553984375 0.37974480312500003 0.547031803125 0.38604604062500003 0.5559416234375 0.3919195671875
0 0.5873829109375001 0.4615855625 0.5976122375 0.4610582234375 0.626508553125 0.45414042343750005 0.62983155625 0.44854096875 0.621968878125 0.4420964953125 0.5853914578125 0.43868320625 0.578957290625 0.44534774062500004 0.5541890203125 0.45127728281249996 0.5540679703125 0.45386835468750003 0.5873829109375001 0.4615855625
0 0.5472319078125001 0.5128218015625 0.5550643234375 0.5199140453125 0.54872094375 0.524635271875 0.5425894 0.5248221234375 0.546566134375 0.5270727078124999 0.59780355 0.5224927140625 0.6089589656250001 0.523985503125 0.615302346875 0.5192642734375 0.6096247406249999 0.5097345984375 0.5811823609375 0.5069358703125 0.560693446875 0.5086383125 0.5472319078125001 0.5128218015625
0 0.5931551749999999 0.6001481046875 0.61998746875 0.593724434375 0.6191824265625 0.5891132359375 0.6112289609375 0.5846120640625 0.573785971875 0.5778831156249999 0.548394234375 0.57531485 0.5461486375 0.5796955875 0.5546347828125 0.5946378734375 0.5778717125 0.599643575 0.5931551749999999 0.6001481046875
0 0.5669525265625001 0.658623709375 0.571764565625 0.664837725 0.6014659250000001 0.662531125 0.6126213421875 0.6640239109375 0.618873934375 0.6612459890625 0.61627723125 0.6512990046875 0.5829320265625 0.644229565625 0.570759728125 0.6426599578125 0.55323066875 0.6465361671875 0.5548710171875 0.6551107953125 0.5669525265625001 0.658623709375
0 0.6010484265625 0.7151540046875 0.5717404796875 0.7090396171875 0.5511305171875 0.713333134375 0.5488546578125 0.718361640625 0.5725637421875 0.7351039953125 0.61378366875 0.7265169593749999 0.6130694140624999 0.7199624546875001 0.6010484265625 0.7151540046875
0 0.5345216828125 0.7848845375 0.5283296156249999 0.786366921875 0.5413069562499999 0.7925477296875 0.575820353125 0.7964551453125 0.61491573125 0.7896577765624999 0.61524861875 0.7825323234375 0.602241015625 0.7769992859375 0.5575890796875 0.771675903125 0.5381170453124999 0.7734551656249999 0.53999949375 0.7768476484375 0.5345216828125 0.7848845375
0 0.39310803125 0.5135295906249999 0.42325128437500004 0.523607409375 0.45079783124999995 0.5237382421875 0.454774565625 0.525988828125 0.46111794531249994 0.5212676 0.4724246765625 0.5195215453124999 0.476704034375 0.5152944453125 0.469767446875 0.5108700953125 0.4526317984375 0.5063253140625 0.40172726875000003 0.503779853125 0.3933198671875 0.5089952109375 0.39310803125 0.5135295906249999
0 0.4681091890625 0.5900514828125 0.46948921875 0.5823550828124999 0.44269923125000005 0.5660300375 0.43653742500000003 0.56686465625 0.430042734375 0.574824725 0.397078896875 0.5814352453125 0.41400270937499994 0.5905144046874999 0.42814824375000005 0.5935331890625 0.4681091890625 0.5900514828125
0 0.40969926562500003 0.6389433953125 0.39525110625000004 0.6424022953125 0.41044378437500006 0.6448501328125 0.4282936890625 0.6559494171875 0.45156088125 0.66030735 0.47417434218750004 0.6568152406250001 0.47641994062500004 0.6524345015625 0.47259451874999997 0.646945075 0.43937036249999994 0.6372845640625 0.414995503125 0.634793115625 0.4088336984375 0.6356277343750001 0.40969926562500003 0.6389433953125
0 0.4628132625 0.70341095625 0.4240507703125 0.7030828703124999 0.401255734375 0.710461590625 0.43472199062500005 0.714939953125 0.46128192187500006 0.7143462 0.466517634375 0.7114914578125 0.4667597328125 0.706309309375 0.4628132625 0.70341095625
0 0.46845474062500003 0.779243471875 0.4739022890625 0.77185435 0.4659488234375 0.7673531796875 0.4233306484375 0.7621834359374999 0.396758675 0.7848781390624999 0.415062515625 0.786260896875 0.43866259375 0.7834933765625001 0.4552352984375 0.7782448125 0.46845474062500003 0.779243471875
0 0.29138976250000004 0.5064953625 0.29267900468749997 0.500742265625 0.2867895609375 0.4957469671875 0.24635645625000002 0.4874920234375 0.2112680734375 0.4958922078125 0.22606733750000002 0.50676103125 0.2502606234375 0.513139090625 0.266621490625 0.5124249046875 0.29138976250000004 0.5064953625
0 0.2478578453125 0.5864137406250001 0.2590435265625 0.5872587609375 0.27555570937499996 0.5833057328125 0.2928426703125 0.5846116718750001 0.29804811875000004 0.5824046968750001 0.29844153125 0.5739837078125001 0.28944092499999996 0.5700534890625 0.246822746875 0.5648837437500001 0.23632105937499998 0.5712409968750001 0.2085929359375 0.574996775 0.2478578453125 0.5864137406250001
0 0.21483966250000003 0.6378739234374999 0.22054753124999998 0.6467558312499999 0.2132477953125 0.650104703125 0.248868859375 0.65214563125 0.2704957046875 0.647928934375 0.282698265625 0.648850775 0.2900282640625 0.6448541343749999 0.2902401 0.64031975625 0.2803134 0.634369409375 0.2397592453125 0.6287055390625 0.21708525937499998 0.6334931828125 0.21483966250000003 0.6378739234374999
0 0.20119068125 0.7115990890624999 0.21518490156249998 0.7178567171875 0.24374833125 0.7180643703125 0.25789386406250003 0.72108315625 0.27680295625 0.7095105453125 0.272977534375 0.70402111875 0.26194316562500003 0.6999372578124999 0.23272600625 0.6918795624999999 0.2262313125 0.6998396328125 0.2118436796875 0.7020029953125 0.20119068125 0.7115990890624999
0 0.26911598593749997 0.7648345296875 0.231461159375 0.7626399609375001 0.1882982609375 0.7691300484375 0.217454896875 0.7784832796875001 0.2367756171875 0.779942859375 0.264564265625 0.7748915453125 0.26983024218749996 0.7713890343750001 0.26911598593749997 0.7648345296875
0 0.1228297859375 0.1609132875 0.1169100796875 0.15656575625 0.09475055624999999 0.1503413375 0.06929829062500001 0.149068609375 0.058887390625 0.15348255625 0.042465996875 0.15549227968749998 0.0422087671875 0.1609983109375 0.0451837515625 0.1628481921875 0.07341429375 0.170181296875 0.0927350140625 0.1716408765625 0.1193554703125 0.1697515859375 0.12357430312499999 0.1668200234375 0.1228297859375 0.1609132875
0 0.0602329609375 0.233896440625 0.052781914062500004 0.2404841546875 0.061631209374999996 0.24765321718750002 0.0786458078125 0.254789071875 0.1142063484375 0.2581255390625 0.12548281562500002 0.2570272546875 0.1297016484375 0.2540956921875 0.12794025 0.248112134375 0.11206358125 0.23846202500000002 0.098813878125 0.23811113593750002 0.0756072109375 0.232457665625 0.0602329609375 0.233896440625
0 0.047374365625 0.3125465421875 0.06023065625 0.321318421875 0.09133026250000001 0.3327685984375 0.11092334687500001 0.32839826250000004 0.12306538281249998 0.3306156390625 0.133627596875 0.322962846875 0.1310308921875 0.3130158625 0.1034843421875 0.312885028125 0.0751327515625 0.308142996875 0.058771882812499995 0.3088571828125 0.047374365625 0.3125465421875
0 0.0711804140625 0.3708997125 0.0442573328125 0.3792666890625 0.0615745578125 0.379924859375 0.080592653125 0.38786212343750004 0.1050885609375 0.3877624953125 0.12154021875000001 0.38510500625 0.1257893125 0.3815256734375 0.1250145328125 0.37626670624999997 0.1110203125 0.37000908125 0.0977403453125 0.37030595625 0.0766279640625 0.363510590625 0.0711804140625 0.3708997125
0 0.0820937328125 0.37757465 0.080895278125 0.38138443906249997 0.0848114859375 0.3849305609375 0.100216 0.38284401875 0.09743772187500001 0.37678364062499997 0.0893632046875 0.3748735453125 0.0820937328125 0.37757465
0 0.13329501875 0.4392974953125 0.129530121875 0.4325125296875 0.108448003125 0.42506939531250004 0.07892821875 0.4234893859375 0.055951609375 0.434754715625 0.082983696875 0.4458976109375 0.109664678125 0.442712784375 0.123901 0.44378826250000003 0.13329501875 0.4392974953125
0 0.1425923859375 0.502405103125 0.142864746875 0.49657518749999996 0.1389182765625 0.49367683281249997 0.0890911546875 0.48991265625 0.057144196875 0.49659999375 0.068057515625 0.50327493125 0.116776971875 0.5089055921875001 0.1342455078125 0.5063249203125 0.1425923859375 0.502405103125
0 0.1341185921875 0.5745710640625 0.134390953125 0.5687411484375 0.11528206875 0.562747190625 0.10400560156250001 0.563845478125 0.086869953125 0.5593006968750001 0.0651523234375 0.5654607 0.0858712921875 0.5806770546875 0.09699644843750001 0.5828176093749999 0.1341185921875 0.5745710640625
0 0.088946328125 0.6459148156250001 0.1062938140625 0.6459252171875 0.137133103125 0.6411043640625 0.1354624921875 0.6331775015625001 0.1052284515625 0.6250429890625 0.094073034375 0.6235501984375 0.059045175000000005 0.63065485 0.06807604687499999 0.6339373015625 0.066786803125 0.6396903968750001 0.088946328125 0.6459148156250001
0 0.0574171796875 0.7091884671875001 0.08771174375 0.7160274453125 0.1195981765625 0.7106356421875 0.1209479421875 0.7035870078124999 0.0999566109375 0.69420056875 0.08180408125000001 0.6895789671875 0.07743393750000001 0.6957493718750001 0.05472969062500001 0.7011847875 0.0524840921875 0.705565525 0.0574171796875 0.7091884671875001
0 0.1209420765625 0.769242078125 0.1201672953125 0.7639831109374999 0.10712942968750001 0.759097840625 0.066484490625 0.7553772750000001 0.054070092187499995 0.758989815625 0.05164292031249999 0.7672571640625 0.07463775 0.7774450140625 0.1043088453125 0.77578618125 0.1209420765625 0.769242078125
0 0.07281983125 0.0518467609375 0.047194140625 0.0542862421875 0.04652230625 0.06866687187500001 0.0949067875 0.08146766093749999 0.11770182343749999 0.07408894218749999 0.11800444843749999 0.0676112578125 0.10712139218750001 0.060288554687499996 0.08298863281249999 0.0526149609375 0.07281983125 0.0518467609375
0 0.3808138015625 0 0.4147092359375 0.007468815625 0.42592518124999995 0.0076660671875 0.439356459375 0.004130346875 0.4395494203125 0 0.3808138015625 0
0 0.5110390406249999 0 0.5087776109375 0.0035039531249999997 0.5226205187499999 0.0130004234375 0.552763771875 0.0230782421875 0.5579994859374999 0.0202235 0.574299828125 0.02080485 0.5785489234375001 0.01722551875 0.5797776406249999 0.0127679609375 0.5710191328125 0.003655590625 0.5577694281250001 0.0033047 0.55003888125 0 0.5110390406249999 0
0 0.6538878890625 0.020987125000000002 0.67188910625 0.0288475671875 0.702123146875 0.03698208125 0.7124735203125 0.0338636703125 0.7236894656249999 0.0340609234375 0.7301841578125 0.026100853125 0.7223517421875 0.0190086078125 0.7131695578125 0.018964996875 0.7003132671875 0.0101931171875 0.6748307390625 0.00956815625 0.66035231875 0.0136748234375 0.6538878890625 0.020987125000000002
0 0.5818530703125 0.0994023140625 0.57904453125 0.09398970625 0.54474296875 0.0855479125 0.5233884890625 0.0839346953125 0.5229042890625 0.0942989875 0.5336057703125 0.105508303125 0.57329435625 0.1078565109375 0.5774526640625 0.1062204859375 0.5818530703125 0.0994023140625
0 0.68522373125 0.0929102234375 0.6719740265625 0.09255933281249999 0.6748128296875 0.097324171875 0.6563274156250001 0.09982802187499999 0.6649951359374999 0.11088369687499999 0.68099285625 0.1179427328125 0.6952291765624999 0.11901821093750001 0.7198158734375 0.11697527968749999 0.7282838 0.11046438750000001 0.7216801015625001 0.098914584375 0.7136055859375 0.0970044875 0.706366375 0.0990578203125 0.68522373125 0.0929102234375
0 0.36204006093749996 0.0863820140625 0.39924095 0.0982931125 0.440781721875 0.104681571875 0.4513136703125 0.0976765515625 0.450690203125 0.089178740625 0.428439890625 0.084897628125 0.4084049140625 0.07688354375 0.3962326140625 0.07531393593749999 0.37654874375 0.081627578125 0.3622821609375 0.081199865625 0.36204006093749996 0.0863820140625
0 0.2081556671875 0.060120509375 0.21257429375 0.0747555140625 0.232397434375 0.0873039765625 0.27821756249999996 0.08946533749999999 0.28246665625 0.08588600468749999 0.28292059375 0.0761694796875 0.2789135984375 0.0745666625 0.23983026093749998 0.0592630859375 0.2316952203125 0.058648526562500004 0.217156275 0.06405073125 0.2081556671875 0.060120509375
0 0.25851578124999997 0.18353499375 0.2659365671875 0.17759505 0.274937175 0.181525271875 0.2935436421875 0.176430346875 0.28296320937499997 0.16262996093749998 0.24339567343750002 0.157690675 0.2188695015625 0.158438071875 0.20199417187500002 0.17016431875 0.22445632187500003 0.169911053125 0.25851578124999997 0.18353499375
0 0.2060255640625 0.2367744390625 0.21753208906250002 0.25259495 0.264066471875 0.2613108171875 0.279440721875 0.259872040625 0.29299305000000003 0.2537452484375 0.291231653125 0.24776169375 0.2752944578125 0.23940712187500002 0.2670081046875 0.2420314046875 0.24484858125 0.2358069859375 0.22738004531249997 0.23838765624999997 0.2060255640625 0.2367744390625
0 0.2174969046875 0.31887755625 0.23687815156249997 0.319041596875 0.25305744531249996 0.322214021875 0.267917234375 0.33178731093749997 0.300106290625 0.3199178234375 0.29837515468750003 0.3132864984375 0.28237743593750003 0.30622746562500003 0.2602179109375 0.300003046875 0.25375348125 0.3073153484375 0.22485716562500002 0.3142331484375 0.2174969046875 0.31887755625
0 0.20592304375 0.370027884375 0.25427935156250003 0.3834317671875 0.2859539453125 0.38257434375 0.29861044375 0.3737796578125 0.28698286875 0.36055021875 0.283036396875 0.3576518640625 0.20592304375 0.370027884375
0 0.277078365625 0.45206912343749994 0.277380990625 0.4455914390625 0.292131771875 0.4356548546875 0.29030985 0.43096683750000003 0.2793057421875 0.42623520625 0.24275858593750002 0.42217415156250004 0.2116469359375 0.432824921875 0.243884471875 0.4417608421875 0.25979140312500004 0.45076318437499996 0.277078365625 0.45206912343749994
0 0.6620596796875 0.1737172328125 0.6465341171875 0.17839485 0.6494031828125 0.18251192031250002 0.6645353328125 0.18625529375 0.67828745625 0.19769506718750002 0.7057432171875 0.19976920625 0.7212082546875 0.1963871265625 0.7297064453125001 0.1892284640625 0.728871140625 0.185265034375 0.7177157203125 0.183772246875 0.70976225625 0.17927107656250002 0.6895457031250001 0.1751436046875 0.6620596796875 0.1737172328125
0 0.687463771875 0.263393746875 0.7272431453125 0.263798653125 0.7365463765625 0.261251190625 0.740916521875 0.2550807859375 0.7210328578125 0.24382786093750003 0.693607359375 0.24110595468749998 0.6595055921874999 0.2502307265625 0.66754984375 0.2527885921875 0.6723316203125 0.2596503765625 0.687463771875 0.263393746875
0 0.7289986765625 0.335437278125 0.7376481781249999 0.325039775 0.732031096875 0.3142145609375 0.6871673234375 0.31342555625 0.668621384375 0.3172249453125 0.663325146875 0.32137522500000004 0.685242571875 0.332781790625 0.70884265 0.3300142703125 0.7289986765625 0.335437278125
0 0.66183024375 0.375216821875 0.6833542578125 0.3950443765625 0.691398509375 0.3976022421875 0.725106865625 0.3968984578125 0.7344706203125 0.393055459375 0.7358203890625 0.386006825 0.722903571875 0.3785304828125 0.712674246875 0.37905781875 0.7087277765625 0.37615946562499997 0.6732882859375 0.370231925 0.66183024375 0.375216821875
0 0.735814521875 0.45166189531249995 0.7340228625 0.446326109375 0.714883715625 0.4409799203125 0.688444834375 0.4389826015625 0.6644210796875 0.45081887812500004 0.6734216890625 0.4547490984375 0.6936987671875 0.4575810359375 0.7182249374999999 0.4568336421875 0.735814521875 0.45166189531249995
0 0.370909359375 0.16992388281249998 0.40299558593749996 0.1820986484375 0.413878640625 0.1894213515625 0.435475221875 0.1858524234375 0.4547051546875 0.18925530625 0.4583307828125 0.17717816718749999 0.449390696875 0.1719524078125 0.43413749687500003 0.170800109375 0.4221770359375 0.1646961234375 0.41404199531249997 0.16408156406250002 0.370909359375 0.16992388281249998
0 0.4303590875 0.240405659375 0.400778778125 0.2401211859375 0.396287584375 0.2488826640625 0.3778324296875 0.25073874687500003 0.3886246984375 0.2600047546875 0.4128482453125 0.2657350453125 0.42711482968750003 0.2661627578125 0.4411695765625 0.27112484531250003 0.46399487500000003 0.263098359375 0.465284115625 0.2573452625 0.45855936875000003 0.24838653281249998 0.4462660203125 0.249408 0.4303590875 0.240405659375
0 0.3934282546875 0.31008669375000003 0.4195039859375 0.319857234375 0.43682121093750004 0.3205154046875 0.4630785171875 0.326399334375 0.470438778125 0.32175492656250004 0.47385256875000004 0.314212165625 0.44478671875 0.302915628125 0.420502646875 0.2984808765625 0.41018253437499996 0.3009515203125 0.3948990703125 0.3004469875 0.3934282546875 0.31008669375000003
0 0.4610535484375 0.39158702968750003 0.47251159062500003 0.386602134375 0.472874740625 0.37882891406249997 0.46100506562500004 0.370781621875 0.422242575 0.3704535375 0.40271001562500003 0.3735283375 0.39331599375000004 0.3780191046875 0.4334464734375 0.392751734375 0.4610535484375 0.39158702968750003
0 0.43222749687500006 0.46253032968749996 0.437281634375 0.463562196875 0.4726726421875 0.44868432656249996 0.4687866953125 0.4444904375 0.454671425 0.44082388437500003 0.42515164062500005 0.43924387343750004 0.4066057015625 0.4430432625 0.40537698281249995 0.447500821875 0.42457665625 0.4515514734375 0.43222749687500006 0.46253032968749996
0 0.8091376531250001 0.03986603125 0.8384456 0.04598041875 0.8496918046875 0.0455299015625 0.8560654484375 0.04016090625 0.8463808453125001 0.0290284109375 0.8312184328125 0.025932806250000003 0.820274853125 0.0199056390625 0.791771946875 0.01840245 0.801153925 0.0360126296875 0.8091376531250001 0.03986603125
0 0.8009664843750001 0.1055543078125 0.7881284109375 0.11823560625 0.7910277390625 0.12170490781250001 0.8084660124999999 0.1197720046875 0.8500673093750001 0.12486492812500001 0.8624817046875 0.1212523890625 0.8637709484375 0.11549929375000001 0.8588378593750001 0.1118763515625 0.8487901078125001 0.108517078125 0.8429611906250001 0.10222624218750001 0.8277987781249999 0.0991306390625 0.799295875 0.097627446875 0.8009664843750001 0.1055543078125
0 0.7953617562499999 0.181837340625 0.7850113796875 0.1849557546875 0.7888670624999999 0.1897974109375 0.786681990625 0.1928826140625 0.81694629375 0.200369359375 0.8607629234375 0.2017293140625 0.86498175625 0.19879775156249999 0.8644188140625 0.189004403125 0.8372354124999999 0.18110035 0.7925834765625 0.175776965625 0.7904891921874999 0.1769188640625 0.7953617562499999 0.181837340625
0 0.8162564343750001 0.25882215625 0.848524234375 0.26711031093750004 0.8638984859375001 0.26567153593750004 0.8691341984375001 0.26281679375 0.8694368234375001 0.2563391109375 0.8553215515625 0.25267255624999996 0.8484454890625001 0.2469526703125 0.843270303125 0.248511875 0.7904530640625 0.243221703125 0.8162564343750001 0.25882215625
0 0.8744548312499999 0.3236738171875 0.8747271937500001 0.3178439015625 0.8668645156249999 0.311399425 0.8545106421875 0.3137164265625 0.833367996875 0.30756883125 0.7983098765625 0.315321246875 0.8272244109375 0.329856625 0.8445416359375001 0.330514796875 0.8744548312499999 0.3236738171875
0 0.9526110109375001 0.9224278890625 0.9527925859374999 0.9185412765625 0.9408018625000001 0.9130850609375001 0.9050900109375 0.9129874359375 0.8769382125 0.9258119718750001 0.9011314968749999 0.9321900281250001 0.9164754859375 0.931399021875 0.927963790625 0.9257663562499999 0.9526110109375001 0.9224278890625
0 0.7793919812500001 0.97901671875 0.8299308921874999 0.9775461859375 0.816585315625 0.9726069374999999 0.798342 0.9699286421875 0.780691890625 0.9763959249999999 0.7793919812500001 0.97901671875
0 0.6724074609375 0.9821296500000001 0.7253907203125001 0.9805879953125001 0.725538265625 0.97742979375 0.7185411562499999 0.9743009812500001 0.687138921875 0.9693284890625 0.6724074609375 0.9821296500000001
0 0.616958896875 0.9837430390625 0.6132880484375 0.9774005875 0.5715657015625 0.974898740625 0.5610839609375 0.9853688328124999 0.616958896875 0.9837430390625
0 0.3999188078125 0.9762329187500001 0.463958040625 0.981070746875 0.4683463546875 0.9781519875000001 0.46855819062500004 0.9736176078125001 0.46063498750000004 0.9684686703125 0.4263031640625 0.9606746453125 0.4055116265625 0.968854771875 0.3999188078125 0.9762329187500001
0 0.2833044453125 0.9635229890625 0.2764283828125 0.9578030999999999 0.23886434531249998 0.953665225 0.22102539375000002 0.962718459375 0.2831228703125 0.9674095984375001 0.2833044453125 0.9635229890625
0 0.055070910937499995 0.9455310234375001 0.055342965625 0.9502020218749999 0.10218601093749999 0.95374076875 0.0831909078125 0.9438550796875 0.0587555234375 0.9426591671875 0.055070910937499995 0.9455310234375001
0 0.10742032187499999 0.8839302968749999 0.080115871875 0.8786173171874999 0.0618422921875 0.876586790625 0.0512182578125 0.879383515625 0.052167285937499995 0.8956777125000001 0.0729251421875 0.901476059375 0.097632890625 0.8968420546875 0.11130626875 0.8881241875000001 0.10742032187499999 0.8839302968749999
0 0.11836976875 0.82430239375 0.11451408593750001 0.8194607359375 0.1024325765625 0.8159478234374999 0.0881357296875 0.81616788125 0.0740809828125 0.811205790625 0.061908684375 0.8096361828124999 0.050571690625 0.8120300046875 0.057417490625 0.8183976609375 0.04790721875 0.8225351671875 0.048501274999999996 0.8327347453125 0.067876871875 0.8347891234375 0.094376278125 0.8354909046874999 0.11603338437499999 0.8306264390625 0.11836976875 0.82430239375
0 0.1914943453125 0.8317767375 0.2007067921875 0.8311725796875 0.23506887812500002 0.8383188359375 0.2709623046875 0.83452985 0.27527192500000003 0.8296549828125 0.2734802640625 0.8243191953125001 0.25431085468750003 0.8196207734375 0.23609779999999997 0.8162947109375001 0.21456174374999998 0.8185681015625 0.19065904218750002 0.8278133046875 0.1914943453125 0.8317767375
0 0.40722423281250003 0.8448237234375 0.42229585937499997 0.8498626328125001 0.44774812343750003 0.8511353640625 0.44799022187500004 0.845953215625 0.46761356875000004 0.8409351109375001 0.4638486734375 0.834150146875 0.4527840421875 0.8307140531250001 0.4171932390625 0.8280253562500001 0.3942166296875 0.8392906859375 0.388769078125 0.84667980625 0.40722423281250003 0.8448237234375
0 0.606559428125 0.8374656875 0.56175618125 0.8353811484375001 0.5367458109375 0.8464928359374999 0.5376113796875 0.8498084984375 0.5731416546875 0.853792734375 0.6037691078125 0.853506259375 0.618429103125 0.84551298125 0.606559428125 0.8374656875
0 0.7254592109375 0.8480629578125001 0.72468443125 0.842803990625 0.7136500625 0.8387201296875 0.699444003125 0.8369968828125 0.679941709375 0.8394239140625 0.6642648328125 0.8473403718749999 0.684299809375 0.8553544562500001 0.7078091015625 0.854530240625 0.7254592109375 0.8480629578125001
0 0.7834516390624999 0.851793928125 0.8024999968750001 0.8590834234375 0.8321105687499999 0.8587201265625 0.8446762781249999 0.8518687453125 0.8378304796875 0.8455010906249999 0.8034381328125001 0.8390026015625001 0.7834516390624999 0.851793928125
0 0.7960297015625 0.93205079375 0.8259428984375001 0.9252098156249999 0.8370983140625 0.9267026015625 0.8435930062500001 0.9187425328125001 0.8216150578124999 0.9086315031250001 0.810429378125 0.907786484375 0.793826409375 0.9136828187500001 0.7832036734375001 0.9226311453125 0.7830220984375 0.92651775625 0.7960297015625 0.93205079375
0 0.6631210359375 0.9155096953124999 0.654895209375 0.9168384421875 0.67890691875 0.9271031109375001 0.6953585734375001 0.9244456187500001 0.707530871875 0.9260152250000001 0.712373175 0.9315814734375 0.724012790625 0.9227099671874999 0.7244969890624999 0.912345671875 0.7186075468750001 0.907350375 0.693155284375 0.9060776421875 0.6790702734375 0.901763321875 0.6631210359375 0.9155096953124999
0 0.5789803109375 0.9254046703125001 0.6078161015625 0.9197824078125001 0.6131123390625 0.9156321281249999 0.6133847 0.9098022140625 0.600407359375 0.9036214078125001 0.5678671984375 0.9011631687499999 0.5541030328125001 0.9118243390625 0.5468940859375 0.91322990625 0.5467125109375 0.9171165171875 0.5789803109375 0.9254046703125001
0 0.386045459375 0.9049789640625001 0.4154139328125 0.9097978171875001 0.45010890468750003 0.9098186203124999 0.4605803296875 0.9041091359375001 0.45373452968750005 0.89774148125 0.4150930875 0.894822321875 0.386045459375 0.9049789640625001
0 0.2595589203125 0.90387428125 0.2680873734375 0.89606785 0.2664167625 0.8881409890624999 0.21745520468750001 0.8876924718750001 0.203842353125 0.8951148046874999 0.19947220937500001 0.9012852078125 0.20243206093750002 0.9034589734375 0.224803421875 0.9051490109375001 0.2595589203125 0.90387428125