0 0.032283540625 0.0879564484375 0.06952987499999999 0.0857386234375 0.0845015140625 0.0792663046875 0.0864643515625 0.07147577968749999 0.0766355625 0.06415485 0.070619128125 0.06345008125 0.050687403124999995 0.0697526765625 0.0388153625 0.0695958953125 0.0200204 0.0770599140625 0.0196073625 0.0815358890625 0.032283540625 0.0879564484375
0 0.030694371874999998 0.16417353125 0.09379748125000001 0.1633393640625 0.094371346875 0.16011614375 0.0883549140625 0.15941137656249998 0.0857597328125 0.15458301562500001 0.10008806249999999 0.1430996765625 0.08244083125 0.144117259375 0.0631743546875 0.14021515 0.048937406249999996 0.14471700468749998 0.0381217140625 0.14509526875 0.0227370375 0.1560435609375 0.02549304375 0.16212467656250001 0.030694371874999998 0.16417353125
0 0.060246903124999994 0.236535353125 0.080821940625 0.2352437765625 0.11149991249999999 0.22032867500000003 0.0931289546875 0.21570885781250002 0.0501878421875 0.2197274265625 0.034401096874999995 0.22754383125 0.044229884375 0.2348647609375 0.060246903124999994 0.236535353125
0 0.08870500625 0.29664835312500004 0.10595016875 0.2924988828125 0.11069095 0.2755737453125 0.09060936562500001 0.273015725 0.0852472109375 0.2697141140625 0.0767050453125 0.2724152265625 0.048713632812500005 0.2851772 0.05171088124999999 0.2931374484375 0.08870500625 0.29664835312500004
0 0.03612503125 0.35637183281249996 0.0454713375 0.359934496875 0.11020466250000001 0.3564121546875 0.11378674531249999 0.3535413203125 0.1123283265625 0.34987438437499996 0.10290160781249999 0.34568534375 0.0826591953125 0.3418745671875 0.0539550296875 0.3413912796875 0.045332446875 0.3434660140625 0.036790278125 0.346167128125 0.0334494375 0.3509170953125 0.03612503125 0.35637183281249996
0 0.0691167 0.42871882499999997 0.09993356406250001 0.4302722046875 0.1067651046875 0.42963288750000006 0.1128729203125 0.4233561703125 0.1279249734375 0.41751023125 0.12345833749999999 0.4134909109375 0.1288314609375 0.409184659375 0.107119665625 0.4093148109375 0.0692190515625 0.4141294765625 0.0570948 0.41970142499999996 0.05977039375 0.4251561625 0.0691167 0.42871882499999997
0 0.0881346015625 0.49223108125000004 0.1212359578125 0.488499446875 0.1309258546875 0.4793518953125 0.1395484359375 0.4772771609375 0.11133772187499999 0.47294427656250004 0.0794535421875 0.4784637140625 0.0722089640625 0.48357900468750004 0.0739086234375 0.48912507187500004 0.0881346015625 0.49223108125000004
0 0.1256842859375 0.561615909375 0.1444098046875 0.545917646875 0.1321356953125 0.542628978125 0.1276690625 0.5386096578124999 0.11261700781249999 0.5444555984375 0.0921223859375 0.5463735515625 0.0952804609375 0.555586553125 0.114305696875 0.5576095296875 0.1256842859375 0.561615909375
0 0.10095693593749999 0.6228829546875 0.1169739546875 0.62455354375 0.12785909374999999 0.6324095234375 0.13616001875 0.6278292765625 0.15625257343750001 0.6227794359375001 0.1488691046875 0.611426246875 0.14041831875 0.607145875 0.12098004375 0.6095988734375 0.0977988625 0.6136699515624999 0.0955947828125 0.61958134375 0.10095693593749999 0.6228829546875
0 0.11565806249999999 0.691236509375 0.14354712187500002 0.69306388125 0.1755921296875 0.6887972015625 0.152674121875 0.6795316875 0.1132346796875 0.680053040625 0.1077007296875 0.6831065390625 0.108263625 0.68749118125 0.11565806249999999 0.691236509375
0 0.1293060421875 0.751140796875 0.1610988375 0.7526028453125 0.17281005 0.7515068734375 0.171592875 0.749719071875 0.189824940625 0.7378704078125 0.1731536421875 0.7387966593749999 0.144942928125 0.734463775 0.129408390625 0.7365514484375 0.1211878796875 0.741758071875 0.1200401484375 0.7482045109375 0.1293060421875 0.751140796875
0 0.213865675 0.4253152 0.22200577500000002 0.4194822 0.24275260625 0.411835515625 0.24455461562499997 0.4027922359375 0.24837794062500002 0.40180053281249994 0.22260157656250001 0.401043253125 0.187548353125 0.40495755000000005 0.179086596875 0.40828504062500004 0.181268740625 0.41758937500000004 0.213865675 0.4253152
0 0.2332865171875 0.48054900624999997 0.2453303546875 0.4743506828125 0.2473736046875 0.467186534375 0.23387134999999998 0.469717925 0.2020785546875 0.4682558765625 0.1910106515625 0.4743628703125 0.1888869875 0.4809006390625 0.1931123796875 0.48304082656249997 0.2332865171875 0.48054900624999997
0 0.205329903125 0.5471894828125 0.2277654234375 0.5526967296875 0.234194896875 0.5489255265625 0.2422436109375 0.5500740093750001 0.27526455312500003 0.545715996875 0.275677590625 0.541240021875 0.26958074375 0.539908875 0.2690982609375 0.5361506109375 0.2746322125 0.5330971140625 0.262036446875 0.52730293125 0.24130058437500002 0.527341753125 0.2065580453125 0.5413694203125 0.2029759625 0.5442402562499999 0.205329903125 0.5471894828125
0 0.217082159375 0.6196224171875 0.23122772343750003 0.62210205 0.2578191921875 0.62151524375 0.2757186359375 0.61476893125 0.2700348265625 0.6089618109375 0.251342215625 0.6018364843749999 0.2163694046875 0.60637715625 0.20790765000000003 0.609704646875 0.20741419843750003 0.61355424375 0.217082159375 0.6196224171875
0 0.24495291406250003 0.690546934375 0.2737484625 0.6840487359375 0.27416150156249997 0.6795727625 0.262541671875 0.67368725 0.22822314062500001 0.675631084375 0.22073732031249998 0.6788672421874999 0.22048511093749998 0.684595971875 0.24495291406250003 0.690546934375
0 0.2518786 0.7482178859374999 0.3019838765625 0.7384576484375 0.268571834375 0.732075909375 0.235390065625 0.735181165625 0.22814548750000002 0.7402964578125 0.22960390468749997 0.7439633921875 0.2518786 0.7482178859374999
0 0.14379562968749998 0.8027058484375 0.1601343046875 0.8068819515625 0.17998561562499998 0.7999529765625 0.1853587390625 0.7956467234375 0.1828439734375 0.7914447421874999 0.166344471875 0.7860158859374999 0.1312912484375 0.7899301828125 0.12404667031250001 0.795045475 0.12590715624999999 0.8018442984374999 0.14379562968749998 0.8027058484375
0 0.2304929625 0.7933246281249999 0.2343857328125 0.8005671671875 0.25153951406249997 0.80339918125 0.2692561890625 0.8106158406249999 0.3047334203125 0.79461770625 0.289290265625 0.7897238953125 0.307109296875 0.7823512078125 0.2836868703125 0.784543153125 0.2725495234375 0.78241590625 0.2609991375 0.784764634375 0.24497114999999997 0.7907019078124999 0.234155459375 0.791080171875 0.2304929625 0.7933246281249999
0 0.334293003125 0.540191925 0.35283575625 0.538456634375 0.368852775 0.5401272265625 0.3848113171875 0.5259557125 0.3853851828125 0.5227324953125 0.3692073359375 0.5198091484375 0.349608234375 0.5210093921875 0.3334998328125 0.5263202859375 0.32633566875 0.5320619546875001 0.334293003125 0.540191925
0 0.3328053125 0.613229996875 0.3708667546875 0.609668084375 0.392267865625 0.5994245593749999 0.3682021296875 0.5966054828125 0.3372134703125 0.6014072109375 0.3285908890625 0.603481946875 0.3269606734375 0.6061701187499999 0.3328053125 0.613229996875
0 0.356209434375 0.6801351921875 0.380366553125 0.67597278125 0.40696899062499997 0.667778115625 0.3814448375 0.6612921046875 0.3502149390625 0.6642146984374999 0.337114753125 0.6698779765625 0.3346694328125 0.6739102359375 0.356209434375 0.6801351921875
0 0.3708411140625 0.74025450625 0.411830359375 0.7364186015625 0.406789859375 0.7356225015625 0.40598572187500004 0.729358725 0.40972863125 0.72774064375 0.394365890625 0.7234732125 0.38575427812499996 0.717940084375 0.361597159375 0.7221024953125 0.3407699125 0.7291228000000001 0.3387266640625 0.736286946875 0.3708411140625 0.74025450625
0 0.36547162499999997 0.798442175 0.3959668328125 0.7974900453125 0.4240276890625 0.792962309375 0.41948064062499996 0.7883166140625 0.39598876875 0.7822743187500001 0.3566297375 0.7834220515625 0.346216115625 0.7869322046875 0.3439316234375 0.7922172187500001 0.36547162499999997 0.798442175
0 0.14256015 0.8700151890625 0.1547538453125 0.8726774828125 0.1861445734375 0.87100764375 0.19892310156249998 0.8628388546875 0.1835713328125 0.850963559375 0.1566472390625 0.8566527171875 0.138747796875 0.863399028125 0.13825434375 0.8672486265625 0.14256015 0.8700151890625
0 0.444260628125 0.2120083671875 0.4541698328125 0.21995567500000002 0.4728039671875 0.21123889999999998 0.4961459796875 0.20842057500000002 0.50876368125 0.19899903125 0.49770674687499994 0.1974981640625 0.49007106875 0.19187370312500002 0.47990965625 0.1896551265625 0.46176897187500004 0.1945223046875 0.4516879734375 0.19293010625 0.43231914531250004 0.2036173453125 0.43515556406250006 0.21032483750000003 0.444260628125 0.2120083671875
0 0.4611134 0.2817353890625 0.48005822187499997 0.2831319875 0.48698114375 0.275511184375 0.5106557781250001 0.2675905078125 0.4900112984375 0.2606478421875 0.4749702125 0.2588859203125 0.45634704531250003 0.259994834375 0.43868884531249996 0.268620278125 0.438356221875 0.273722628125 0.44363796093749996 0.2763978625 0.4611134 0.2817353890625
0 0.4634414484375 0.3499988484375 0.5036959984375 0.34813340937500004 0.4987468828125 0.34035582343750004 0.5147748703125 0.3344185515625 0.5041309734375 0.32844170781250004 0.480547721875 0.3293808984375 0.4710405875 0.3245654796875 0.4592489609375 0.32503507656249997 0.45502356875 0.32289488906249997 0.4502243109375 0.32397792187499996 0.44720512343749996 0.3312334 0.43760660781249994 0.3333994671875 0.4362980515625 0.33859315 0.44076468437500005 0.34261246875 0.4634414484375 0.3499988484375
0 0.45409539062500004 0.4117083734375 0.48516446406249997 0.40753302343750003 0.4933045625 0.401700021875 0.51518815625 0.3952147640625 0.5129146328124999 0.39289191562500003 0.48396922499999995 0.390529496875 0.4606272140625 0.3933478203125 0.4377676859375 0.3999244078125 0.4358852625 0.4083413125 0.45409539062500004 0.4117083734375
0 0.4503866046875 0.47513867187500003 0.4603067765625 0.47547811875 0.4918693015625 0.4674531703125 0.49154764531249995 0.4649476609375 0.46716025468750005 0.45962307343750003 0.46042009687499996 0.45328090468750004 0.4253668734375 0.45719520312500006 0.4182831203125 0.4635632515625 0.42193464843750006 0.46892665625 0.4503866046875 0.47513867187500003
0 0.45505665625 0.5345956015625 0.504898753125 0.53817195625 0.50856125 0.5359275 0.5026252296875 0.5358491078125 0.49612631250000006 0.531386075 0.5031296515625 0.52439165 0.48979919218749995 0.5205679328125 0.4698784359375 0.519262665625 0.4426326875 0.5224463140625 0.43790287499999997 0.5317635859375 0.4444017921875 0.536226621875 0.45505665625 0.5345956015625
0 0.43926257343749997 0.6039012859375 0.465682246875 0.6096695875 0.4804016765625 0.6089259984375001 0.5024460984375 0.6036934953124999 0.5094604046875 0.589091209375 0.5069456390625 0.584889228125 0.4826276921875 0.58779888125 0.44700060468749997 0.594936396875 0.43967561093749996 0.5994253109375001 0.43926257343749997 0.6039012859375
0 0.4519314171875 0.671811125 0.4625862828125 0.6701801046875 0.491451275 0.671916146875 0.4956072234375 0.66582209375 0.50699678125 0.662220609375 0.50790326875 0.6538950406249999 0.4906690734375 0.6504366453125 0.479038275 0.652158996875 0.4473953375 0.659557565625 0.4456737421875 0.6692272218750001 0.4519314171875 0.671811125
0 0.49623222968749997 0.7399302578125 0.5178051375 0.7233316249999999 0.51520995625 0.7185032671875 0.494967546875 0.714692490625 0.4671479328125 0.7210993578125 0.45591920156250004 0.7259535953125 0.45574740468749997 0.732308703125 0.49623222968749997 0.7399302578125
0 0.497935521875 0.79935774375 0.5309564625000001 0.7949997296875 0.5430003 0.7888014046875 0.5369034515625 0.7874702578125 0.5309784015625 0.77978400625 0.5325281984375 0.7764694546875 0.5135833765625 0.77507285625 0.47088350625000003 0.78097055625 0.45875925625 0.7865425046875 0.45964380781249997 0.793432659375 0.497935521875 0.79935774375
0 0.575900721875 0.52962565625 0.5869576546874999 0.531126525 0.593456571875 0.5355895609375 0.59711906875 0.533345103125 0.6237105374999999 0.532758296875 0.6520236046875 0.5225018328125 0.65146070625 0.5181171890625 0.642929509375 0.5132104390625 0.5939719609375 0.5165242375 0.5777831453125 0.521208753125 0.5714340875 0.5256063359375001 0.575900721875 0.52962565625
0 0.6245073421875 0.6005113515625 0.63792918125 0.597353584375 0.6535550999999999 0.5882844234375 0.6211994062499999 0.58243773125 0.6142984203124999 0.5748428078125001 0.6082819875000001 0.5741380390625 0.5837008625 0.5903842859374999 0.5856417625 0.5978094875 0.6245073421875 0.6005113515625
0 0.5850605625 0.6625219859375 0.6071744296875 0.6655237234375 0.6292992640625 0.6609175984375 0.645659875 0.649877975 0.6601380640625 0.647255253125 0.6459120859375 0.6441492453125 0.6464859515625 0.6409260265625 0.6404695171875 0.6402212578124999 0.61712750625 0.6430395812499999 0.5858062234375 0.6529436609375 0.5825457953125001 0.65832000625 0.5850605625 0.6625219859375
0 0.6020571484375 0.7179826640625 0.6277530984374999 0.7181135656250001 0.659717690625 0.7132205093749999 0.637121340625 0.7064605046875 0.59971418125 0.707425575 0.5961320984375 0.7102964093749999 0.5967754078125 0.7153074296875 0.6020571484375 0.7179826640625
0 0.6129459203125001 0.7797200578125 0.6293650093750001 0.7845225359375 0.6523743953125 0.786806565625 0.6699412140625001 0.78516260625 0.6424871296875 0.76364353125 0.601739128125 0.76935856875 0.594414134375 0.773847484375 0.6002587734375 0.780907359375 0.6129459203125001 0.7797200578125
0 0.774084846875 0.5193196875 0.7899410375 0.5197375234375 0.8128005671875 0.5131609359375 0.8262333749999999 0.5023953046875 0.7916845718750001 0.49485213906250003 0.75329050625 0.5035164046875 0.747997796875 0.508449034375 0.7496974562500001 0.5139951015625 0.774084846875 0.5193196875
0 0.754467440625 0.5896170749999999 0.771058325 0.588064446875 0.7873165859375 0.59161416875 0.798051865625 0.590609528125 0.8350679265625001 0.5789047078125 0.8079939734374999 0.5757332468749999 0.797350078125 0.5697564046875 0.756602075 0.5754714421875 0.7482207359374999 0.579425309375 0.749266115625 0.5875682203125 0.754467440625 0.5896170749999999
0 0.7693403640625001 0.6516155218749999 0.781051575 0.6505195484375 0.8022699234375 0.65423899375 0.8365080390624999 0.651668784375 0.829194015625 0.6485498375 0.8340042406249999 0.639858940625 0.8314894781250001 0.635656959375 0.8092147828125 0.6314024671875 0.7704990625 0.6375612203125 0.7613830296875 0.6434855515625 0.761945925 0.6478701953125 0.7693403640625001 0.6516155218749999
0 0.7990021609375 0.72110461875 0.812424 0.7179468515625 0.8399914046875001 0.7172687140625 0.853011175 0.7109790593749999 0.8419652093750001 0.7018703281249999 0.8279000609375 0.7000170734375 0.8209990734374999 0.6924221515625 0.7934207 0.7007081515625 0.7830874921875 0.70484468125 0.7798270656249999 0.7102210265625 0.7990021609375 0.72110461875
0 0.8240474624999999 0.77771378125 0.8425902171875 0.775978490625 0.8700077609375001 0.766439734375 0.8278123109375001 0.7608799765625001 0.791622325 0.763632846875 0.791450528125 0.7699879546874999 0.7968126843750001 0.7732895656250001 0.8240474624999999 0.77771378125
0 0.8849149828125 0.1824679890625 0.8892207890625 0.18523455312499998 0.915077565625 0.1866182109375 0.9336203203125001 0.1848829203125 0.9603031734374999 0.177314628125 0.965756709375 0.173634753125 0.9623464234375 0.1701504828125 0.94632940625 0.1684798890625 0.9359267499999999 0.1643821796875 0.9114479765624999 0.1660390796875 0.8905403171874999 0.17243300625 0.8851671937500001 0.17673925937499999 0.8849149828125 0.1824679890625
0 0.8902004625 0.269798659375 0.9011769828125 0.27067315000000003 0.935254271875 0.2668501859375 0.9511214328125 0.2596601578125 0.959100703125 0.252574403125 0.951384609375 0.24632356562500002 0.936423940625 0.245188021875 0.91445993125 0.2510469015625 0.9016923718750001 0.251607828125 0.8871228 0.2612120359375 0.88589465625 0.2670320953125 0.8902004625 0.269798659375
0 0.9099006218750001 0.33862531093750003 0.9291670984374999 0.34252741875 0.9582952718750001 0.3309268671875 0.9700174531249999 0.32222303281250003 0.9587192765625 0.3188430296875 0.9428630859375 0.31842519375 0.915858578125 0.32348797500000004 0.8892671078125 0.32407478125 0.8875455140625 0.3337444390625 0.8983502375000001 0.3409740375 0.9099006218750001 0.33862531093750003
0 0.9041290609375 0.393681090625 0.9202264953125001 0.395978059375 0.9438901625 0.39566524687500004 0.9616287765625 0.3876661796875 0.9783000749999999 0.386739928125 0.9516391609375001 0.37909249375 0.945794521875 0.37203261875 0.9259432109375 0.37896159375 0.9130952359375 0.3788961421875 0.9000754656250001 0.385185796875 0.8997428421875 0.39028815 0.9041290609375 0.393681090625
0 0.943086025 0.3894014703125 0.94162760625 0.3857345359375 0.9343939953125 0.383241965625 0.92674735 0.38522537031250004 0.9245432687499999 0.39113675937500003 0.9395843546875 0.3928986828125 0.943086025 0.3894014703125
0 0.9064866328125 0.45051173437500003 0.9201497140624999 0.44923309843750003 0.94616731875 0.4518695109375 0.9713917546875 0.4406342859375 0.9483129218749999 0.4301160171875 0.9199304109374999 0.43213824062499995 0.9001595124999999 0.43969359218750004 0.8970599125 0.4463226921875 0.9064866328125 0.45051173437500003
0 0.9014387984375001 0.5112049140625 0.918512165625 0.5134105515625 0.9651157734375 0.507147528125 0.975127328125 0.5005054859375 0.9437475687499999 0.4945674609375 0.8959267859375 0.4990426859375 0.8923447031249999 0.5019135203125 0.8930684281250001 0.50755091875 0.9014387984375001 0.5112049140625
0 0.94345511875 0.584609059375 0.9540295703125 0.5823516640624999 0.9728355000000001 0.5672797796875 0.9513759125 0.5616812015625 0.9351870968749999 0.5663657171875001 0.9242105781250001 0.5654912265625 0.906230721875 0.5716111609375 0.9069544453124999 0.577248559375 0.94345511875 0.584609059375
0 0.93946363125 0.6458372875 0.95621534375 0.6455374140625 0.9771230046875001 0.6391434874999999 0.97542334375 0.63359741875 0.9838851 0.6302699281249999 0.9494971234375 0.623979521875 0.9388422578125001 0.625610540625 0.910287953125 0.6339878718749999 0.9093010484375 0.641687065625 0.93946363125 0.6458372875
0 0.9629481656250001 0.7133688625 0.9916633015625 0.7062442859375 0.9961409046874999 0.7026557421875 0.9936261390625001 0.6984537609375 0.97127103125 0.6935728890624999 0.9665631546875 0.6876744390625 0.9493984046874999 0.6924502875 0.92986875 0.70188476875 0.9317292359374999 0.7086835921875 0.9629481656250001 0.7133688625
0 1 0.757488459375 0.9988311 0.7543840328125 0.9865569921875 0.7510953625 0.9476000296875 0.7553749828125 0.935395365625 0.7603205546875 0.9350627421875 0.7654229046875 0.9516426578124999 0.7714781390625001 0.9804272359375 0.772587803125 1 0.7632194078125 1 0.757488459375
0 0.87680326875 0 0.873538975 0.0092290609375 0.8789011312499999 0.012530671875 0.919396921875 0.012544364062499999 0.9320146250000001 0.00312281875 0.939503865625 0 0.87680326875 0
0 0.905854428125 0.099388621875 0.9610915875 0.083443 0.9571184046875001 0.07557408437499999 0.9507803156250001 0.072363803125 0.924843125 0.07035376875 0.9150837812500001 0.07126707812500001 0.8923850796874999 0.079096425 0.8824539390625 0.0863648421875 0.8832580765625 0.09262861875 0.905854428125 0.099388621875
0 0.7433398546875 0 0.7268076328124999 0.0048844828125 0.723305965625 0.008381693749999999 0.7250056218750001 0.0139277625 0.7332151671875 0.0163290015625 0.7568788359374999 0.0160161890625 0.7732284765624999 0.0125844265625 0.7918626125 0.003867653125 0.7933046781249999 0 0.7433398546875 0
0 0.56606116875 0.022156246875 0.5671065484375 0.030299156249999997 0.5803565921875 0.0334964953125 0.591172284375 0.033118231250000005 0.629485934375 0.023827590625 0.628692765625 0.00995595 0.6106434640625 0.00784164375 0.5999886 0.0094726640625 0.5887598703125 0.014326903125000002 0.5761531375 0.016140582812500002 0.56606116875 0.022156246875
0 0.438108903125 0.0486903984375 0.4538042671875 0.04785548125 0.4590860078125 0.0505307125 0.4873990734375 0.04027425 0.500016775 0.03085270625 0.495228484375 0.024327875 0.4750664875 0.0211434765625 0.4526894421875 0.0314783296875 0.43992188125 0.032039254687500004 0.4321838515625 0.041004146875 0.4337226828125 0.045297457812500004 0.438108903125 0.0486903984375
0 0.287989315625 0.05641984375 0.294890303125 0.0640147671875 0.30570599375 0.063636503125 0.3159478203125 0.0664814578125 0.3445021265625 0.058104126562500004 0.3612648078125 0.050196390625 0.3544442359375 0.0432278453125 0.3401378453125 0.0394954609375 0.3155786578125 0.040525981249999996 0.303856475 0.049229815625 0.294992653125 0.04942541875 0.287989315625 0.05641984375
0 0.4418140828125 0.131404753125 0.44595906249999995 0.1329185640625 0.48410091718750003 0.129983028125 0.49354957343750006 0.11895634531249999 0.492262953125 0.108934303125 0.47176833125 0.1108522546875 0.43931028593750004 0.1195949109375 0.43702579375 0.12487992343750001 0.4418140828125 0.131404753125
0 0.30518327031250003 0.14419110468750002 0.329088178125 0.145757425 0.3427512578125 0.144478790625 0.3576424859375 0.13738009375 0.36513927343749997 0.126536071875 0.347089971875 0.12442176406250001 0.349454878125 0.119763128125 0.3366873171875 0.12032405625 0.3167555921875 0.1266266515625 0.309602396875 0.1247604578125 0.3019557484375 0.1267438625 0.2964912421875 0.13803159843749999 0.30518327031250003 0.14419110468750002
0 0.56295181875 0.1210290171875 0.5736761296874999 0.127632240625 0.6132873671875 0.1207557765625 0.6482711484375 0.1086072390625 0.6476278359375 0.10359621875 0.633884340625 0.104248478125 0.6143766234375 0.0984672359375 0.602745825 0.1001895875 0.584031275 0.108279984375 0.5628823749999999 0.11279477812500001 0.56295181875 0.1210290171875
0 0.7294625156250001 0.11019081718749998 0.773540390625 0.1073336734375 0.79169204375 0.0948586328125 0.7948026109375 0.08062166875 0.7864212703125 0.08457553749999999 0.7719540515625 0.079590396875 0.7641465765625 0.08032104531249999 0.7276129984375 0.09578413125 0.7238700875 0.0974022109375 0.7250762953125001 0.106797875 0.7294625156250001 0.11019081718749998
0 0.7482866828125 0.19527390625000002 0.7559223609375 0.2008983640625 0.7877370953125 0.1871446875 0.80944889375 0.18701453750000002 0.7922256671875 0.17594828125 0.7684815859375 0.17563471718749998 0.7306613875 0.1810757609375 0.7215343859375001 0.1946079546875 0.7399053421875 0.1992277734375 0.7482866828125 0.19527390625000002
0 0.741747525 0.2751237390625 0.756708196875 0.27625928125 0.8009578671875 0.267047034375 0.8108195625000001 0.25154437343749997 0.7903249406249999 0.2534623265625 0.7732515734375001 0.2512566890625 0.7523439125 0.25765061562499997 0.7441343687499999 0.2552493765625 0.7294039703124999 0.2636008265625 0.7281758265625 0.26942088750000004 0.741747525 0.2751237390625
0 0.7585588343749999 0.3445278203125 0.7721524703125 0.3350149453125 0.7875261796874999 0.33167451406250004 0.8062297609375 0.33119197968749997 0.798754909375 0.326820275 0.7703029531250001 0.3206082578125 0.7634823796875 0.3136397125 0.742574721875 0.3200336390625 0.7276834953125 0.32713233750000004 0.726535765625 0.333578775 0.7585588343749999 0.3445278203125
0 0.7758101453124999 0.3942793328125 0.8214487874999999 0.3804997765625 0.7460021218749999 0.36981103437499996 0.7424200390625 0.37268186875 0.7322366890625001 0.38567901718750003 0.745154109375 0.3939787078125 0.7758101453124999 0.3942793328125
0 0.7584129093749999 0.45482079999999997 0.7592170484375 0.4610845765625 0.7758079312499999 0.459531946875 0.790457915625 0.45055412031250003 0.820883678125 0.44136774843750004 0.7899973703125001 0.43158012812499996 0.7550245609374999 0.43612080156250005 0.7447717640625 0.4408837109375 0.74338279375 0.4454510171875 0.7584129093749999 0.45482079999999997
0 0.30134164218750004 0.21427994843749998 0.3101140828125 0.2210658328125 0.3253159953125 0.22408050937500001 0.3516662234375 0.221614571875 0.364042684375 0.2103138921875 0.3783600453125 0.206438415625 0.380805365625 0.2024061578125 0.365442625 0.19813872500000002 0.339011984375 0.1999782875 0.3198149515625 0.20431041875 0.3124899578125 0.20879933281250002 0.30183509375 0.21043035312499997 0.30134164218750004 0.21427994843749998
0 0.309613296875 0.286404709375 0.3479963921875 0.2853483078125 0.3623137546875 0.28147283125 0.3663892875 0.2747524 0.37395552187500003 0.27214261875 0.3403022375 0.263881746875 0.3140324234375 0.2669740625 0.2957199421875 0.27819634843749996 0.30042781875 0.2840948015625 0.309613296875 0.286404709375
0 0.33261534843749996 0.35017801875 0.3556247359375 0.352462046875 0.37588908593750003 0.3410571 0.3704465171875 0.3371291109375 0.35223638749999997 0.33376205 0.30897361874999996 0.33527510625 0.304404634375 0.34584513281249996 0.3135791453125 0.35576290625 0.33261534843749996 0.35017801875
0 0.322194390625 0.41517745 0.35480229531249996 0.4152954125 0.362368528125 0.41268563281250004 0.38158749687500004 0.3931377734375 0.37012849375 0.3885050171875 0.33637286093749996 0.39483349375 0.332790778125 0.397704328125 0.3228706078125 0.3973648828125 0.3109875984375 0.4048159625 0.312848084375 0.4116147859375 0.322194390625 0.41517745
0 0.3335766140625 0.47306524687499996 0.35732069375000003 0.4733788125 0.376678553125 0.47029943437500005 0.38505989375 0.466345565625 0.3609247125 0.45529225 0.33555042031250004 0.457666859375 0.31749014999999997 0.463160415625 0.3161815890625 0.468354096875 0.3335766140625 0.47306524687499996
0 0.58521508125 0.20609734999999998 0.6063530140625 0.20919041875 0.6162841546875 0.20192199687499998 0.646307846875 0.18960374062500002 0.6041928109375 0.184670359375 0.5963853343750001 0.1854010078125 0.5853174328125 0.19150799999999998 0.570678415625 0.19287796562499998 0.562457903125 0.19808458906249998 0.56691356875 0.20971177187499998 0.58521508125 0.20609734999999998
0 0.5864545890625 0.2887155640625 0.5996351890625 0.28367866406250003 0.613378684375 0.28302640625 0.636318625 0.27707619375000003 0.646008525 0.26792864375000003 0.6280396359375 0.266440715625 0.62301010625 0.25803675312499996 0.5944667671875 0.2588062203125 0.57981678125 0.26778405 0.567864328125 0.2670008890625 0.5620781671875 0.275783115625 0.5637778265625 0.2813291828125 0.5864545890625 0.2887155640625
0 0.569665053125 0.34257391406250004 0.5945568640625 0.33644104218750004 0.6112281609375 0.3355147890625 0.6356374890625001 0.3256236515625 0.6334553484375001 0.3163193171875 0.6187359171875 0.3170629046875 0.6085745046875 0.314844328125 0.5854737359375 0.3195417828125 0.5582974328125 0.3309596734375 0.5621902015625 0.33820221093749997 0.569665053125 0.34257391406250004
0 0.6035242640625 0.4062919625 0.641114190625 0.39136392343750004 0.6316874703125 0.3871748796875 0.6125818203125 0.3845255265625 0.5751746578125 0.385490596875 0.5643479984375 0.393476725 0.5653129640625 0.40099325781250006 0.576771965625 0.40562601562499995 0.6035242640625 0.4062919625
0 0.6054163609375001 0.4748834390625 0.6102156187500001 0.47380040625 0.6167364734375 0.46304771406249995 0.634957571875 0.458806915625 0.6334187390625 0.454513603125 0.6152086125 0.45114654062500004 0.5868261015625 0.4531687640625 0.573484675 0.456952909375 0.57006341875 0.4610765 0.6054163609375001 0.4748834390625
0 0.1850117859375 0.0774670671875 0.2128314015625 0.07106019999999999 0.22023680625000003 0.0671976609375 0.2279053921875 0.049998534375 0.200498815625 0.051929426562500006 0.190406846875 0.057945089062499996 0.1760090734375 0.0611941890625 0.16753635 0.0721295390625 0.17411568125000002 0.077218953125 0.1850117859375 0.0774670671875
0 0.1705262625 0.14157906874999998 0.16604866093749998 0.14516761250000002 0.1677483203125 0.1507136796875 0.180022428125 0.15400235 0.2197944953125 0.14837864375 0.23678745 0.14995790312499999 0.2393131828125 0.1465520203125 0.22591328125 0.1344940640625 0.22690018437499998 0.1267948703125 0.1994936078125 0.1287257609375 0.185095834375 0.1319748609375 0.17996395 0.13816024531249999 0.1705262625 0.14157906874999998
0 0.17576776249999998 0.22856716875 0.2179741828125 0.22651906562500002 0.24660890468750002 0.2187681109375 0.24425496562500001 0.2158188859375 0.24759580625000002 0.21106891874999997 0.2373539796875 0.20822396406250002 0.24167075468750002 0.2033826640625 0.2395580578125 0.20231257187499999 0.19685818906250002 0.208210271875 0.1712316828125 0.216313609375 0.1714619578125 0.2258006046875 0.17576776249999998 0.22856716875
0 0.19275338125000002 0.291635709375 0.22325955625 0.283075715625 0.24694516093750002 0.26754717656250004 0.1963574 0.273549146875 0.1912364859375 0.2721266703125 0.18504825625000001 0.277777009375 0.17170683281250002 0.2815611546875 0.17251096875 0.28782493124999997 0.1777927109375 0.2905001640625 0.19275338125000002 0.291635709375
0 0.20160986875 0.3529293875 0.2182811671875 0.3520031359375 0.245055403125 0.33745335781249997 0.2105870140625 0.3305365734375 0.1906552859375 0.3368391703125 0.17854200625 0.334803253125 0.17145825312500002 0.341171303125 0.172181978125 0.3468087 0.20160986875 0.3529293875
0 0.1680879375 0.9303826171875 0.179627353125 0.9356417515625 0.1945076109375 0.9361509187499999 0.2173671375 0.929574328125 0.1891673921875 0.9176335812499999 0.154688034375 0.9183246593750001 0.14353971875 0.9238052765625 0.1440222015625 0.927563540625 0.1680879375 0.9303826171875
0 0.17615125625 0.97780465625 0.161833896875 0.9816801328125001 0.1544284890625 0.98554266875 0.1542566921875 0.9918977765625 0.17540933593750002 0.99727293125 0.183685153125 0.997080309375 0.21671649375 0.9860525859375 0.2107804734375 0.9859741968750001 0.196967534375 0.9783922140625 0.17615125625 0.97780465625
0 0.25868167343750004 0.9821253515624999 0.2573731125 0.987319034375 0.261759334375 0.9907119765625 0.3020942984375 0.9894729140624999 0.315263928125 0.992043875 0.31759193125 0.9939635953125 0.324133925 0.9938113281250001 0.3143099296875 0.976919478125 0.2967540796875 0.9709555765625 0.2793480890625 0.9738522906249999 0.25868167343750004 0.9821253515624999
0 0.3961750984375 0.99144488125 0.42179063437500003 0.99094940625 0.4283005203125 0.987804578125 0.4040958953125 0.9685170203125001 0.3741635828125 0.97385379375 0.3676536984375 0.9769986218750001 0.368297009375 0.98200964375 0.3961750984375 0.99144488125
0 0.472137153125 0.9830683 0.4816442875 0.9878837203125 0.49034728281250006 0.9864353625 0.5037581125 0.9896305296874999 0.5084832125000001 0.9895205515625 0.530682246875 0.9851962984375 0.5161455828125 0.9719769171875001 0.47605186093749996 0.9750951140625 0.472137153125 0.9830683
0 0.62144414375 0.976702509375 0.66665878125 0.9750067906250001 0.675763846875 0.976690321875 0.6942261843749999 0.9743286531249999 0.6830084249999999 0.9715750296874999 0.6760270234375 0.9633537296875 0.6553021296875 0.9557846859374999 0.622763671875 0.9639009640625 0.6155190937499999 0.96901625625 0.6160819890625 0.9734009 0.62144414375 0.976702509375
0 0.8519172609375 0.962107028125 0.867158103125 0.9606807406250001 0.8357586078124999 0.9458699218750001 0.7998098625 0.9505019265625 0.793621634375 0.956152265625 0.79426494375 0.9611632875 0.7994662703125 0.9632121437500001 0.8519172609375 0.962107028125
0 1 0.9327973921874999 0.9853178093749999 0.9337754015625 0.9650534609375001 0.94518035 0.9658575984375 0.9514441250000001 1 0.9482489703124999 1 0.9327973921874999
0 1 0.8683996078125 0.9831320343750001 0.87058965 0.9571838749999999 0.8761874765625001 0.9537626203125 0.88031106875 0.9676559749999999 0.8885194265624999 0.9918825390625001 0.8925912593750001 1 0.890122096875 1 0.8683996078125
0 1 0.8044330765625001 0.9952636187499999 0.8035284218750001 0.9836328218749999 0.805250771875 0.970452221875 0.8102876734375 0.9566283125 0.8103135546875 0.94523875625 0.8139150374999999 0.9418979140625 0.8186650046875 0.9446539218750001 0.8247461203125 0.9659526828124999 0.82909194375 0.991487803125 0.8279700906249999 1 0.8269091703125 1 0.8044330765625001
0 0.7953469296875 0.8311119109374999 0.830308771875 0.8341791000000001 0.86292764375 0.8266892 0.87187188125 0.8271199749999999 0.872365334375 0.8232703796875 0.8485518078125001 0.8147225734375001 0.8275747015625001 0.8128822609374999 0.810249125 0.816405353125 0.7921084406250001 0.8212725296875 0.7907998828125 0.8264662140624999 0.7953469296875 0.8311119109374999
0 0.62529310625 0.8451243843749999 0.6259364171875 0.8501354062500001 0.6504151921875 0.8484785078125 0.6645717234374999 0.8433502734375 0.6825406125 0.844838203125 0.6766959734375 0.8377783265625001 0.6536171421875 0.8272600593749999 0.6194594390625 0.8304566453125 0.609045815625 0.8339667984375 0.6059462156250001 0.8405959 0.62529310625 0.8451243843749999
0 0.5050533953125 0.8548019140625 0.539050271875 0.850352571875 0.5396241374999999 0.8471293531249999 0.5145934343749999 0.8367937453125001 0.47149149531249995 0.83955955625 0.460664834375 0.8475456843750001 0.47545370781249996 0.8550363359375 0.5050533953125 0.8548019140625
0 0.3750628078125 0.8577653890624999 0.3978309515625 0.8581702859375 0.41654549999999996 0.8500798890624999 0.4007806921875 0.8426805671875 0.38175545781250003 0.840657590625 0.3681727890625 0.8425626046874999 0.357839578125 0.8466991343749999 0.35750695625 0.8518014859375 0.3750628078125 0.8577653890624999
0 0.283979253125 0.8637536703125 0.30179828125 0.8563809812500001 0.281486425 0.8443359625 0.2487871375 0.8511994843749999 0.24267932343749998 0.8574762015624999 0.25535550156250003 0.863896759375 0.283979253125 0.8637536703125
0 0.2665659265625 0.9281396640624999 0.2959938171875 0.93426035 0.3081180671875 0.928688403125 0.307635584375 0.9249301359375 0.2966700328125 0.9164477828125 0.28017053125 0.9110189249999999 0.2694352515625 0.9120235671874999 0.2490100765625 0.9221757609375001 0.2559110609375 0.9297706828125 0.2665659265625 0.9281396640624999
0 0.3767441609375 0.9324085984374999 0.38098052031249996 0.9269409234375001 0.392611321875 0.9252185734375 0.408708753125 0.9275155421875001 0.43108579999999996 0.9171806859375 0.4230370828125 0.9160322031250001 0.40654855 0.9029954828125 0.3932875390625 0.9074060062499999 0.3688087640625 0.9090629046875 0.3635160546875 0.9139955343749999 0.364802675 0.9240175781250001 0.3767441609375 0.9324085984374999
0 0.47678291718750004 0.9192432328125 0.5050740484375 0.9242024953125 0.5355802234375 0.9156425015625 0.5350977390625 0.9118842359375 0.5280249578125 0.9106444203124999 0.5138903625 0.9005569265625001 0.4826604625 0.903479521875 0.4706166265625 0.9096778453125 0.47134035 0.91531524375 0.47678291718750004 0.9192432328125
0 0.6617974125 0.906366303125 0.68977785625 0.901212190625 0.6609238296875 0.8918682859375 0.6238383234375 0.8953388671875 0.6177305078125 0.9016155843749999 0.6282939890625 0.9069660484375 0.6617974125 0.906366303125
0 0.8455033500000001 0.89868305625 0.8669739046875 0.8966737734375 0.86966046875 0.8945206484374999 0.86495259375 0.8886221953125 0.851220065625 0.8816665890625 0.8039731453125001 0.88291859375 0.80298624375 0.8906177874999999 0.8118390984375001 0.8980300484375 0.8455033500000001 0.89868305625