0 0.9690546109374999 0.10406060937499999 0.954697778125 0.1032050546875 0.9346712421875001 0.0975988453125 0.9217284421875 0.1049589734375 0.9024069828125001 0.1074766203125 0.9012537171874999 0.1098374046875 0.9260613421875 0.12509949375 0.9346576687500001 0.125710934375 0.9489275781250001 0.123041 0.9681582375 0.1250298890625 0.9787945078125 0.1223913265625 0.9847346765625 0.1176383875 0.9842053828124999 0.11254949843749999 0.979864728125 0.108473028125 0.9690546109374999 0.10406060937499999
0 0.9132749359375 0.1756547171875 0.8996270578125 0.17489099218749998 0.8951917265624999 0.1833530828125 0.9021016171875 0.18926844062499998 0.914773953125 0.1914119046875 0.9283310296874999 0.1966821671875 0.9687453671874999 0.19388445781250002 0.9746855359375 0.189131515625 0.9756630156250001 0.1837357640625 0.9712334984375 0.18014981562500001 0.9575875609375 0.1753700796875 0.9320651640625 0.17206419687500002 0.9132749359375 0.1756547171875
0 0.947271834375 0.2483347765625 0.9319414 0.2448429453125 0.9088974390625 0.2478824859375 0.901096990625 0.25088836875 0.899588278125 0.2552112453125 0.9052579828124999 0.25996189687500004 0.916423546875 0.262412225 0.9234203624999999 0.2718530734375 0.9173932703125001 0.2730805234375 0.9166823765625001 0.27700470625 0.9259007359375 0.274182484375 0.9270540015625001 0.2718217 0.958607365625 0.2658681078125 0.9594090609375 0.2574373890625 0.947271834375 0.2483347765625
0 0.9288021531249999 0.322251434375 0.8914941000000001 0.315912871875 0.8747418765624999 0.32026940625 0.8697772484374999 0.323642609375 0.8563940171875 0.32542332812499997 0.8574564812500001 0.32756907812499997 0.8653438515625 0.32808868593749996 0.8850149406250001 0.3356569859375 0.9052192015625 0.34028215 0.915944334375 0.337153065625 0.9323391750000001 0.338774634375 0.940848578125 0.3358605828125 0.94430643125 0.33279424375 0.93881445 0.32706254375 0.9288021531249999 0.322251434375
0 0.876918825 0.4003746265625 0.8827643109375 0.4081602453125 0.8869291828125 0.4092017484375 0.9006678625 0.40545893906249997 0.9272565984375 0.4028785484375 0.9343500328125 0.395764825 0.9314272859375 0.3918720140625 0.8840161343749999 0.385228875 0.8519354140625 0.38207756875 0.8501620578125 0.38385600000000003 0.876918825 0.4003746265625
0 0.8417085515625 0.45455174375 0.8409087953125001 0.458966446875 0.8330194843750001 0.462462853125 0.83691776875 0.46497592499999996 0.8569462437500001 0.46656612031250005 0.8637692156250001 0.46895599218750006 0.9072840203125001 0.46907004375000005 0.912515234375 0.4642252734375 0.9118970796875001 0.45962690625 0.9048094656250001 0.45469259375000004 0.8924037125 0.4510775625 0.8783134671875 0.4487504359375 0.8417085515625 0.45455174375
0 0.86223335625 0.5295030421875 0.8720737484375001 0.523247159375 0.8977758078125 0.5215559843750001 0.8996399671875001 0.51527101875 0.89583054375 0.5122674234375 0.8833359296875001 0.5091429140625 0.861534096875 0.5093311484374999 0.836716778125 0.5141491203124999 0.85727066875 0.5288602328125 0.86223335625 0.5295030421875
0 0.8934949281250001 0.5772291828125 0.8955368109374999 0.56996316875 0.8921697578125001 0.5685229734374999 0.84830338125 0.562338984375 0.8291577078125 0.5678915984375 0.8254332671875 0.5724295078125 0.8396104375 0.5782821203124999 0.8689441953125 0.5805755859375 0.8934949281250001 0.5772291828125
0 0.83223296875 0.6230115281249999 0.8220390671875 0.6272134874999999 0.8162785625 0.62696936875 0.8368343921875001 0.6376644671875 0.8719305953125 0.6361860359375 0.879375596875 0.635142246875 0.8827445890625001 0.6325664296875 0.8829242515625 0.6275693703125 0.8756589124999999 0.6236161046875 0.867329171875 0.6215330984375 0.842602653125 0.6218445328125 0.83223296875 0.6230115281249999
0 0.809959678125 0.6818765531250001 0.8197034546875 0.6921752453125001 0.86738506875 0.6893147875000001 0.8686291359375 0.6824474687500001 0.8579967421875001 0.67705400625 0.8202443796875001 0.67316805625 0.809959678125 0.6818765531250001
0 0.8413912187499999 0.744685696875 0.819857909375 0.73938635 0.785914971875 0.738503996875 0.7816592984375 0.741969028125 0.789811315625 0.7450330796875 0.7980483203125 0.7556386359375 0.8133768140625 0.7631464765625 0.819048459375 0.7638811171875 0.83198931875 0.7605370015624999 0.8592870109374999 0.7580484421875 0.8639869921875001 0.7521307953124999 0.8631911140625 0.748513475 0.8572548234375 0.7452343906250001 0.8413912187499999 0.744685696875
0 0.7732096703125 0.8046327468750001 0.7921698671875 0.8161252296875 0.8222995031250001 0.8220360156250001 0.8554465640625001 0.8193010484375 0.8450788171875001 0.8164520296875001 0.8402957921875001 0.8108121593750001 0.834270640625 0.8080235984374999 0.797229171875 0.8002134671875 0.7944802734375 0.8033716359374999 0.778883253125 0.801351375 0.7732096703125 0.8046327468750001
0 0.7714052890625 0.87066738125 0.7853178109375001 0.8739755499999999 0.813853753125 0.8766677078124999 0.8236033453125 0.8749183609375001 0.8254655640624999 0.8726494078125 0.825113996875 0.8665794734375 0.8171397015625 0.8625343750000001 0.785058984375 0.8593830671875 0.7713203046875 0.8631258765625001 0.7683048203125 0.867755615625 0.7714052890625 0.87066738125
0 0.751529328125 0.9203043015624999 0.753298809375 0.9265578953125001 0.7614508265625 0.9296219484374999 0.783339584375 0.932959203125 0.7980518625 0.9318526671875 0.819409390625 0.9341170468750001 0.8220694265624999 0.9314494 0.8215420734375 0.9223445 0.8108208187500001 0.9174415578125 0.7740439968749999 0.9121758718749999 0.743555034375 0.9162592046875 0.751529328125 0.9203043015624999
0 0.7401588953125 0.975059196875 0.752384984375 0.9836712875 0.7911109484375001 0.990193509375 0.8030762671874999 0.98822913125 0.8088387125000001 0.9844572359375 0.80963846875 0.9800425328125 0.8058309828124999 0.9730229250000001 0.7398981265625 0.9644827265625 0.732186540625 0.9669980859375 0.735196209375 0.9744163859375 0.7401588953125 0.975059196875
0 0.8253182562499999 0.0764060328125 0.8113149343750001 0.07760439999999999 0.794562709375 0.081960934375 0.8277020140625 0.09529001875000001 0.8587183296875001 0.1003115875 0.8685567843750001 0.09807171875000001 0.8746746734374999 0.09233773281249999 0.8580171312499999 0.08415570624999999 0.8484491406249999 0.07689198124999999 0.8293092828124999 0.07039655781250001 0.830282884375 0.07303283125 0.8253182562499999 0.0764060328125
0 0.7400542453125001 0.0904635453125 0.7548553874999999 0.08886648750000001 0.762833559375 0.0848795609375 0.7635463921875 0.076939365625 0.7535340953125 0.0721282546875 0.71321055625 0.07041942968750001 0.7018653296874999 0.07296615937499999 0.6902554578125 0.07296844687500001 0.7144429890625 0.08764818437500001 0.7400542453125001 0.0904635453125
0 0.595172384375 0.0491057015625 0.581698353125 0.05539295625 0.566365978125 0.055917139062499996 0.55847666875 0.0594135421875 0.5862978359375 0.07406190781250001 0.6169587046875 0.08104557031250001 0.6228949953125 0.08432465312500001 0.6414186374999999 0.0822057015625 0.6459408953125 0.07726909843749999 0.6463871421875 0.0708004734375 0.624235678125 0.0609027609375 0.620250471875 0.054864199999999995 0.611389496875 0.0517083171875 0.595172384375 0.0491057015625
0 0.45976383125 0.02755014375 0.4245768296875 0.0335351109375 0.41863666093749996 0.038288051562499995 0.40587352499999996 0.040651121875 0.409771809375 0.04316419375 0.44131935625 0.0492586390625 0.4797826140625 0.049220403125 0.48527847187499995 0.046920078125 0.48705376874999995 0.041125634375 0.485637796875 0.0369259625 0.4792591375 0.032083478124999995 0.46765120312499997 0.028069753125000003 0.45976383125 0.02755014375
0 0.2798610546875 0.015292298437499999 0.2789724375 0.020197526562500002 0.2916408953125 0.030373015625 0.314060884375 0.034783146875 0.33453366875 0.033920728125 0.34304307500000003 0.031006676562500002 0.34348932187500003 0.02453805 0.3388840203125 0.017917135937500002 0.3257693140625 0.014210271875 0.2919171765625 0.008821384375000001 0.286597103125 0.014156674999999999 0.2798610546875 0.015292298437499999
0 0.17834696562500002 0.095019409375 0.1819825453125 0.09097202343750001 0.1980238734375 0.0905396734375 0.20529309062499998 0.086460915625 0.20529503125 0.08244490156249999 0.1993606796875 0.075149803125 0.1924507875 0.0692344453125 0.1875769609375 0.0681011109375 0.1788029109375 0.06847071875 0.17065089218750001 0.06540666875 0.1558497515625 0.0670037265625 0.13661909375 0.0650148359375 0.1180046484375 0.0716403265625 0.1019633203125 0.07207267656250001 0.11117780156249998 0.07728248125 0.11046690781249999 0.0812066640625 0.10559114218750001 0.08408934375 0.1088693328125 0.0860200609375 0.11790997031249999 0.0841788859375 0.1703726734375 0.0909743109375 0.174093234375 0.0944684296875 0.17834696562500002 0.095019409375
0 0.1779585578125 0.165253715625 0.176899971875 0.1550759390625 0.1712302671875 0.15032528437499998 0.1695496484375 0.1435811671875 0.1520015484375 0.14432038281249998 0.1448211921875 0.14790861718749998 0.11814747031249999 0.14294750625 0.10290201875 0.14699717968749998 0.0920899640625 0.146600771875 0.0938594453125 0.1528543671875 0.0900461421875 0.1578827984375 0.1027184796875 0.16002626250000002 0.12159175156249999 0.16799325625 0.139139853125 0.167254040625 0.16546006562499999 0.17016123125 0.1779585578125 0.165253715625
0 0.0779667546875 0.21254586406249998 0.083369871875 0.2187680859375 0.0843415359375 0.2254203734375 0.10445305625000001 0.2385680828125 0.1093268828125 0.2397014171875 0.15470584999999998 0.23353050468749997 0.15550754375 0.2250997859375 0.147268603125 0.2185102453125 0.1391165859375 0.2154461921875 0.100390621875 0.2089239703125 0.08665194375 0.2126667796875 0.0779667546875 0.21254586406249998
0 0.150419153125 0.3012517375 0.1510411859375 0.297818078125 0.1459935140625 0.289633765625 0.1311943109375 0.2872148109375 0.0844882359375 0.2886955265625 0.0823574921875 0.2964520625 0.107346715625 0.30270108281249997 0.1380095234375 0.3056687296875 0.150419153125 0.3012517375
0 0.10537624375000001 0.3456206859375 0.090134671875 0.3416383328125 0.081891853125 0.343080815625 0.0693045 0.3484788546875 0.06345513281250001 0.348725259375 0.050776978125000004 0.3586298328125 0.04191406875 0.3594899625 0.067521446875 0.3703373484375 0.0753199578125 0.3713474796875 0.12716644375 0.3695285265625 0.1316887015625 0.3645919265625 0.13098168593749998 0.3604840828125 0.1271722609375 0.35748048906249996 0.1106905015625 0.3523334296875 0.10537624375000001 0.3456206859375
0 0.043210153125 0.4284363625 0.0561471359375 0.43312426718749997 0.101520284375 0.43900139375 0.11853909375 0.433173290625 0.10764399375 0.42121936875 0.0924024203125 0.41723701718750006 0.083628371875 0.4176066234375 0.0604994265625 0.4131046625 0.033464439062500004 0.4221536828125 0.043210153125 0.4284363625
0 0.08253100468749999 0.4877491 0.07579495625 0.48888472031249997 0.0514238875 0.48723406562499993 0.0406098921875 0.490853675 0.038568009375000004 0.4981196859375 0.052036223437499994 0.5038804703124999 0.0687865078125 0.5035399468749999 0.080040934375 0.505499753125 0.10024907187500001 0.5020928890625 0.1030868328125 0.4984441984375 0.09555685 0.491946484375 0.09103846875 0.4888510609375 0.08253100468749999 0.4877491
0 0.028611609375000003 0.5610902671875 0.0344590375 0.5648598734375 0.046333556250000005 0.56740203125 0.0858612171875 0.5654935359375 0.09835970625 0.5605860203125 0.0996906953125 0.557244190625 0.0966790890625 0.553841903125 0.0828554265625 0.5500432109375 0.044303309375 0.5505719671875 0.031893678125000005 0.5549889593749999 0.028611609375000003 0.5610902671875
0 0.0253062703125 0.6153837234374999 0.038420978125 0.6190905875 0.0711217921875 0.622824246875 0.0819357859375 0.619204640625 0.084064590625 0.6154641187500001 0.081052984375 0.61206183125 0.0722808734375 0.608415425 0.035415189062500005 0.6036402609375 0.0244234703125 0.6082409156249999 0.023003621874999998 0.6120732671875 0.0253062703125 0.6153837234374999
0 0.0092319796875 0.684088290625 0.01525713125 0.6868768546874999 0.031563107812500005 0.6889889453125 0.07179972343749999 0.6871722796874999 0.07640890156249999 0.68576116875 0.07977983281249999 0.679169340625 0.0727810796875 0.6737445046875 0.050892321875 0.6704072484375 0.018720804687500002 0.671762475 0.0081714546875 0.6779265265625 0.0092319796875 0.684088290625
0 0 0.7386606546875 0.008316215625 0.7452176953125 0.0551980765625 0.746771946875 0.06246729375 0.7426931875 0.06246923125 0.7386771765625 0.058039714062500004 0.735091228125 0.04776083125 0.7317516859375 0.011159793749999999 0.729520965625 0.0004346609375 0.7326500499999999 0 0.7330859546874999 0 0.7386606546875
0 0 0.8023441468750001 0.0352293765625 0.804931415625 0.040105140625 0.8020487359375 0.041880439062500004 0.79625429375 0.026198435937499997 0.786692528125 0.0152994578125 0.782770634375 0.0061718984375 0.78108631875 0 0.7821486015625 0 0.8023441468750001
0 0 0.8538022765625 0.021291646875 0.8538314078125 0.028205417187499998 0.85171474375 0.030423082812500002 0.8474836984375 0.028829387499999998 0.8442650703125001 0.0049045640625 0.8361457906249999 0 0.8353859124999999 0 0.8538022765625
0 0 0.9134789546875 0.014615378125 0.914716696875 0.0282651921875 0.911464409375 0.030749445312500002 0.905761796875 0.028535654687500002 0.9019608171875 0 0.89781433125 0 0.9134789546875
0 0.1578867578125 0.6205079109375 0.1570870015625 0.6249226171875 0.17419079531249998 0.626636015625 0.176848890625 0.62798438125 0.179060740625 0.635801375 0.1837568453125 0.6379157531249999 0.20104223906250002 0.63061608125 0.22098185468749998 0.6326968 0.2301113515625 0.6303651015625 0.229850584375 0.6197886328125 0.2037988953125 0.6113938609375 0.177922990625 0.6060340562500001 0.1578867578125 0.6205079109375
0 0.1414628375 0.67912653125 0.15838696562500001 0.6858369890625 0.18586044375 0.6863833953125 0.1978238234375 0.688435028125 0.213069275 0.68438535625 0.21262884375 0.6788059453125 0.20483227187500003 0.6737798015625 0.163268546875 0.6709062718750001 0.15378360156249998 0.6752000625 0.1464274640625 0.6757533296875 0.1414628375 0.67912653125
0 0.15535209218749998 0.730626853125 0.13736161875 0.7298026703125 0.132574715625 0.7321948265625 0.12938150625 0.737805609375 0.1435567390625 0.7476742359374999 0.1457685875 0.755491228125 0.15286008125 0.7523935171875 0.18972964375 0.7491366562499999 0.1961141203125 0.7419311015625001 0.19398919375 0.7376395984374999 0.17857183593749998 0.730622278125 0.1709510484375 0.7286311015625 0.15535209218749998 0.730626853125
0 0.14822375625 0.8100288062500001 0.172774490625 0.8066824015625 0.1770301609375 0.80321736875 0.1733984609375 0.7992327265625 0.16648662812499998 0.7973333828125 0.1305964875 0.7911784796875 0.114997528125 0.7931742296875 0.10967745312499999 0.7985095234374999 0.122434775 0.8081944906249999 0.14822375625 0.8100288062500001
0 0.1090263359375 0.8621833734375001 0.1142536703125 0.8653706265625001 0.1347245171875 0.868524221875 0.1579442609375 0.8685196484375 0.161490978125 0.8649627843750001 0.1609616859375 0.859873896875 0.140581640625 0.8522137671875001 0.127998165625 0.8495797796875 0.1185151609375 0.8498575578124999 0.1091171375 0.8576768375 0.1090263359375 0.8621833734375001
0 0.155521725 0.9299559140625 0.1643846375 0.9290957843750001 0.1689068953125 0.9241591843749999 0.16873305 0.9171082046875 0.1629744828125 0.912848075 0.1546447421875 0.9107650671874999 0.11804370625 0.9085343484375 0.1090899921875 0.9139010125 0.11484661874999999 0.9221771578125001 0.155521725 0.9299559140625
0 0.34191789687499996 0.52586544375 0.3881757859375 0.534869365625 0.3929626890625 0.5324772109375 0.39615589687499997 0.5268664249999999 0.3880058171875 0.5197863609375 0.35114207343750004 0.510995184375 0.328453559375 0.5120726343750001 0.322071021875 0.515262178125 0.325082628125 0.518664465625 0.34191789687499996 0.52586544375
0 0.3763668609375 0.5800288375 0.333031715625 0.5749177249999999 0.3158313046875 0.5897589015625 0.3338198375 0.5945990953125 0.3578374 0.5941958281249999 0.375387440625 0.5894406015625 0.378936096875 0.5818677265625001 0.3763668609375 0.5800288375
0 0.3457677078125 0.6287788328125 0.3376156890625 0.625714778125 0.3113843375 0.622317065625 0.3034061640625 0.62630399375 0.3009219125 0.6320066062499999 0.308718484375 0.63703275 0.305969584375 0.6401909203125 0.30862768281249997 0.6415392859375 0.3409749875 0.6432190249999999 0.344873271875 0.6457320984375 0.35276064375 0.6462517046875 0.358256503125 0.6439513796874999 0.36065189375 0.6387392875 0.358438103125 0.6349383078125 0.3457677078125 0.6287788328125
0 0.2796241640625 0.68949189375 0.276077446875 0.69304875625 0.279798009375 0.6965428734375 0.3174595703125 0.7049353578125 0.34856474843749996 0.709466403125 0.3546807015625 0.70774843125 0.35645405937499997 0.70597 0.3537979015625 0.7006056203125001 0.339356084375 0.6922085625000001 0.310200046875 0.6889340515625 0.2847645765625 0.6891536578124999 0.2796241640625 0.68949189375
0 0.277464334375 0.7574886171874999 0.298110965625 0.7636771796875 0.3243423171875 0.7670748921875 0.3386122265625 0.764404959375 0.34216088125 0.7568320843749999 0.33968050625 0.7545026734375 0.3155779609375 0.7473644375 0.297942934375 0.7445781625000001 0.28305099375 0.75068175625 0.271972353125 0.7517569187500001 0.277464334375 0.7574886171874999
0 0.2606927203125 0.8020052796874999 0.2752234 0.809911815625 0.31067117031249997 0.8145033187499999 0.31598930625 0.8131840390624999 0.31758688125 0.808370640625 0.3152842296875 0.805060184375 0.29641095625 0.7970931890624999 0.26610359687499996 0.7921634515625 0.2599876421875 0.7938814234375 0.2592767484375 0.7978056078125 0.2606927203125 0.8020052796874999
0 0.3067379828125 0.884278475 0.3065641375 0.8772274937500001 0.3005389875 0.8744389312499999 0.24453150625000003 0.8671843562499999 0.233095478125 0.8742376234375 0.24895520625 0.882818340625 0.2922014890625 0.8884199765625 0.30186221875 0.8871611546875 0.3067379828125 0.884278475
0 0.25805949687499996 0.9326948078124999 0.26868995 0.9421042843749999 0.2912876625 0.9455333687499999 0.3122916796875 0.9457438281250001 0.3175228921875 0.9408990562499999 0.316018059375 0.9371899046875001 0.3115885421875 0.933603959375 0.299714025 0.9310618015625 0.2965246921875 0.9286405609375 0.26595074687500003 0.9251823890624999 0.25894811406249996 0.9277895796875001 0.25805949687499996 0.9326948078124999
0 0.4584047 0.639854321875 0.4699218328125 0.6483745859375001 0.490481540625 0.6510376578125 0.5062562828125 0.6520768734375 0.510156509375 0.6505739328125 0.5129942703125 0.6469252390625 0.5075911515625 0.64070301875 0.5015659984374999 0.63791445625 0.47746151406250004 0.6347922328125 0.4582289140625 0.6368193578125 0.4584047 0.639854321875
0 0.495598684375 0.6988915734375001 0.48700235625 0.698280134375 0.456254565625 0.687770984375 0.4534168046875 0.691419678125 0.45695964375000003 0.6958948406250001 0.4380824921875 0.695959871875 0.433737959375 0.699915428125 0.427888590625 0.7001618328125 0.4314314296875 0.7046369953125 0.44631755625 0.7105814390625 0.48894374375 0.7156007203125 0.4986933359375 0.7138513750000001 0.5030378703125 0.7098958203125 0.5008260203125 0.702078828125 0.495598684375 0.6988915734375001
0 0.422983740625 0.7632847015625 0.4168639109375 0.7730347 0.4123435921875 0.7739552875 0.44353763125 0.7779958125 0.46542832812499996 0.7773170546875 0.470922246875 0.7790327390625 0.47810260312499997 0.77544450625 0.4860788359375 0.775473590625 0.49387928593749997 0.7724677078125 0.4962746765625 0.7672556171875 0.490604971875 0.7625049640625 0.44602964062500006 0.756229146875 0.422983740625 0.7632847015625
0 0.41807889062500003 0.8264075703125 0.44076158593750003 0.83737815625 0.4753284984375 0.8308108390625 0.47976189375 0.8263647609375001 0.4794991859375 0.8198043046875 0.43687299687500003 0.8147850218749999 0.41807889062500003 0.8264075703125
0 0.41086945 0.8902359921875 0.4194638390625 0.89486344375 0.4511021875 0.896451353125 0.47113454218750006 0.8900095234375 0.470429465625 0.8818856687500001 0.423727265625 0.8753343609375 0.406621534375 0.877636975 0.40254164843750007 0.8841369734375 0.40803556875 0.8858526609374999 0.41086945 0.8902359921875
0 0.3917913078125 0.9394742218750001 0.3932961421875 0.9431833718749999 0.40667549375 0.9494346796875 0.4389339375 0.951604940625 0.45559729843749996 0.9477389296875 0.45657477812499997 0.9423431796875 0.4494871640625 0.9374088640625 0.4387659078125 0.9325059234375 0.42316888906249994 0.9304856609375 0.396933659375 0.9351199749999999 0.3917913078125 0.9394742218750001
0 0.6564624328125 0.4958213390625 0.6521217781249999 0.4917448703125 0.6333334890625 0.49131937968750006 0.6256219 0.4938347375 0.6169367109375 0.493713821875 0.6127699015625 0.49668833125 0.61737714375 0.49929323437499995 0.617375203125 0.503309246875 0.61055029375 0.5049353890625 0.6452891109375 0.5094350624999999 0.666648575 0.50768343125 0.670726525 0.50519944375 0.6682480875000001 0.49885401875 0.6564624328125 0.4958213390625
0 0.648549853125 0.5475098968750001 0.6406644203125 0.5429742765625 0.612659709375 0.54135499375 0.592980865625 0.54985074375 0.5930677875 0.553376234375 0.5980285375000001 0.5580350578125 0.6106120109375001 0.56066904375 0.6202688625 0.567442246875 0.6392368140625 0.562870678125 0.6486309578125 0.5630834234375001 0.6613960359375 0.5567043390624999 0.66458924375 0.5510935578125 0.6587418140625 0.5473239484375 0.648549853125 0.5475098968750001
0 0.5872820765625 0.6053402796875 0.5838242203124999 0.60840661875 0.59020288125 0.6132491015625 0.58869416875 0.617571978125 0.6037580171875 0.6225353765625 0.6220170125 0.6178719781249999 0.6469212546875001 0.6165794953125 0.650379109375 0.61351315625 0.649229721875 0.607841915625 0.6289366015625 0.603707275 0.602349803125 0.6022716531250001 0.5872820765625 0.6053402796875
0 0.6266048640624999 0.66063700625 0.605158478125 0.65886315 0.581672146875 0.6603392921875 0.5738716968750001 0.663345175 0.5820237171875 0.666409228125 0.5849464609374999 0.6703020375000001 0.5955788546874999 0.6756955 0.620925465625 0.675966415625 0.646894109375 0.6728036734375 0.64849168125 0.667990275 0.6460132468750001 0.66164485 0.633340909375 0.6595013859375001 0.6266048640624999 0.66063700625
0 0.6087533359374999 0.7391520296875 0.6286948906250001 0.7372167359375 0.631356865625 0.730533078125 0.6279028890625 0.725567390625 0.6086741703125 0.7195624890625 0.59998898125 0.719441575 0.584038453125 0.7153673921875 0.5654259484375 0.71797686875 0.5661290875 0.7301167359375 0.6087533359374999 0.7391520296875
0 0.554849453125 0.780365096875 0.555378746875 0.7854539843749999 0.5475782984374999 0.7884598656249999 0.586128478125 0.791947121875 0.6020809453125 0.7920052921875 0.6126283546875 0.789857253125 0.6151126062500001 0.7841546390625 0.6115697671875 0.779679475 0.587289496875 0.7735222875 0.5759462109375 0.77205300625 0.5612319921875 0.777175553125 0.554849453125 0.780365096875
0 0.5364725109374999 0.8457592046875 0.5552569234375 0.8542167218750001 0.593720178125 0.8541784874999999 0.6038252187500001 0.85046705 0.6047138359375 0.8455618218750001 0.6019688140625 0.840687965625 0.5957659390625001 0.8388804484374999 0.571750315625 0.835267703125 0.558455946875 0.8365579000000001 0.538956765625 0.8400565906249999 0.5364725109374999 0.8457592046875
0 0.5692389171875 0.89719449375 0.5550598078125 0.8953578921875 0.5295354734375 0.8960680218749999 0.524481984375 0.899931746875 0.5356475484375001 0.902382075 0.5459244937500001 0.909737628125 0.58846181875 0.9152474328125001 0.598566859375 0.9115359968750001 0.6023801609375 0.906507565625 0.6031799171875 0.902092859375 0.5978637203125 0.899396128125 0.5796974640625 0.8955369781250001 0.5692389171875 0.89719449375
0 0.5796625625 0.9678252046875 0.5882608265625 0.96442063125 0.5910985890625 0.9607719390625 0.5903915734375 0.9566640968750001 0.5870245187500001 0.9552239 0.5491832953125 0.9518284749999999 0.535622340625 0.9545902390625001 0.530213403125 0.9604160546875 0.5365920656250001 0.9652585374999999 0.5796625625 0.9678252046875
0 0.759885275 0.31744097031249996 0.7828345578125 0.326939990625 0.7955088328125 0.3250674421875 0.8132327187499999 0.32736319375 0.8337055046874999 0.3265007765625 0.8355716015624999 0.3161997984375 0.8206854765625 0.31025535312499997 0.7877200171875 0.303977246875 0.7756638984374999 0.3104481609375 0.77326850625 0.3156602515625 0.759885275 0.31744097031249996
0 0.8140072671875 0.375156653125 0.7707609859375 0.36955501874999996 0.7572869546875001 0.37584227187499997 0.770044275 0.3855272390625 0.8045165046875 0.39149848125000003 0.8203820500000001 0.3880311609375 0.8207394359375 0.3820530578125 0.8140072671875 0.375156653125
0 0.73820105625 0.4411445515625 0.7515784703125 0.45141187031249996 0.7644265890625 0.45659030312500004 0.7786056984374999 0.45842690468749997 0.8089169375 0.4553246171875 0.8106033734375 0.4500206953125 0.8069716734375 0.44603605625 0.8008576609375 0.443738015625 0.76602998125 0.43972886562499996 0.7569004828125 0.442060565625 0.73820105625 0.4411445515625
0 0.7290463500000001 0.49568441406249997 0.7261197296875 0.499823628125 0.7309027546875 0.505463496875 0.7437508734375 0.51064193125 0.7453445703125 0.5138605546874999 0.7488004859374999 0.51481023125 0.757309890625 0.511896178125 0.7800872640625001 0.51032820625 0.7885078078125 0.507904675 0.7991460171875 0.5012501015625 0.791880678125 0.497296834375 0.7442029390625 0.49212526562500003 0.7290463500000001 0.49568441406249997
0 0.7127923953125 0.569386040625 0.7357416765625 0.578885059375 0.77978965625 0.5760559749999999 0.7852855140624999 0.5737556484375 0.7868830890625 0.5689422515625 0.78396034375 0.565049440625 0.7544508000000001 0.559721009375 0.736815775 0.556934734375 0.7210371531249999 0.5639275421875001 0.7098696515625 0.5654932296874999 0.7127923953125 0.569386040625
0 0.7500752421875 0.627932765625 0.764167428125 0.626243878125 0.7724121859374999 0.6207853812499999 0.7701983984375 0.6169844015625 0.7625776109375 0.614993225 0.736346259375 0.6115955109375 0.7171117234375 0.6176386468749999 0.71347614375 0.6216860343749999 0.7187034796875 0.6248732875 0.7500752421875 0.627932765625
0 0.7109705625 0.6715647859375 0.696169421875 0.67316184375 0.69226725625 0.6786807984375 0.711938346875 0.6862491000000001 0.7517306515625 0.686885046875 0.7617468296875 0.6836641328125 0.763875634375 0.6799236109375 0.7597127046875001 0.6748660937500001 0.75218078125 0.67238439375 0.740395121875 0.6693517156250001 0.7188598734375 0.66806838125 0.7109705625 0.6715647859375
0 0.707213159375 0.7443749078125 0.7178474921875 0.7457523593750001 0.7393827390625 0.74703569375 0.7490434703125 0.7457768687499999 0.754008096875 0.74240366875 0.7539211734375 0.738878178125 0.7453267859375 0.7342507265625 0.7136015140625 0.729137328125 0.68923044375 0.727486675 0.684532403125 0.7293883078125 0.707213159375 0.7443749078125
0 0.7130334421875 0.8043686937500001 0.7312924375 0.799705296875 0.73209219375 0.7952905890624999 0.7290805875 0.7918883015625 0.719332934375 0.789621634375 0.692392628125 0.7861320921875 0.6739559078124999 0.7917765359375 0.67395396875 0.7957925484375 0.6878645546875 0.8031167312499999 0.7130334421875 0.8043686937500001
0 0.660450853125 0.8623199906250001 0.6816306546875001 0.8655654171875 0.7011279 0.8660827375 0.71309321875 0.8641183578125 0.7160198421875 0.8599791437500001 0.7138949140624999 0.855687640625 0.6941349609375 0.8486098625 0.6689680124999999 0.8433418890625 0.6499092609375 0.8524199921875001 0.6491983671875 0.856344175 0.660450853125 0.8623199906250001
0 0.6582137953125 0.9067111640625001 0.6471332171874999 0.9118023390625 0.6547501234374999 0.9218255390625 0.6708783734375 0.9249186765624999 0.6985315171875001 0.9204680265625 0.7085496328125 0.9132310984374999 0.7080203390625 0.908142209375 0.705539965625 0.9058127984375 0.6956145874999999 0.9045271781249999 0.6707992093749999 0.9053291375000001 0.6582137953125 0.9067111640625001
0 0.6415194093750001 0.9748333765625 0.6668640828125 0.9791203046874999 0.685121140625 0.97847291875 0.6903523515625001 0.9736281484375 0.68751846875 0.9692448171875 0.6824688562500001 0.9650765171875 0.6734301609375 0.9629016796875 0.6442741265625 0.95962716875 0.63239766875 0.9611010234374999 0.6272553171874999 0.9654552734375 0.6415194093750001 0.9748333765625
0 0.34165291875000003 0.7075670578125 0.3505158296875 0.706706928125 0.35060856875 0.698184378125 0.33182222031249997 0.693742875 0.32278158437500004 0.6955840515625 0.32304622968749996 0.698128496875 0.3272111015625 0.6991699984374999 0.3331454515625 0.7064650968749999 0.34165291875000003 0.7075670578125
0 0.6566673 0.4386161171875 0.6283052062500001 0.4429749390625 0.6387618125000001 0.44533343593749997 0.655772865625 0.45556938437500005 0.6841310843749999 0.4592425875 0.6949431390624999 0.4596389921875 0.705490546875 0.45749095312500004 0.7090372640625 0.45393409374999993 0.7076212921875 0.44973441875000003 0.6979644406250001 0.44296121718750003 0.6681883125 0.43910435468750003 0.6566673 0.4386161171875
0 0.5681696953125 0.358374621875 0.5428269625000001 0.35007168125 0.5162382234375 0.3526520703125 0.5272260656250001 0.3560834421875 0.5359073750000001 0.364236384375 0.539714859375 0.3712559890625 0.5393574734375 0.3772340953125 0.5429022515625 0.37769324531250004 0.5578811171875 0.3751151421875 0.579149778125 0.37787004375 0.591470546875 0.3739435734375 0.5936901515625 0.365696515625 0.5755258343749999 0.3578213546875 0.5681696953125 0.358374621875
0 0.5711522171875 0.422017096875 0.55936268125 0.4270164421875 0.5448300640625 0.4231259203125 0.5230262921875 0.4273301671875 0.520455115625 0.42950729218749994 0.5219599500000001 0.43321644062500003 0.5413644546875 0.442256309375 0.567331159375 0.4431095796875 0.586476834375 0.43755696562499996 0.5820511953125 0.4259389921875 0.579393096875 0.4245906265625 0.5736325921875001 0.424346509375 0.5711522171875 0.422017096875
0 0.40670945625000005 0.3284242921875 0.38889670781249996 0.3266190625 0.379326778125 0.32337135 0.3631057859375 0.3288007609375 0.365939671875 0.33318409375 0.374445196875 0.3383020671875 0.3730253453125 0.34213442031249997 0.3644270796875 0.3455389953125 0.3708076796875 0.34636546562500004 0.3794948078125 0.34247036875000003 0.4230965359375 0.3461099109375 0.42699676093749994 0.3446069703125 0.42779651718749995 0.340192265625 0.423722446875 0.3346442265625 0.40670945625000005 0.3284242921875
0 0.46206193906250004 0.4073847421875 0.4539079828125 0.408336703125 0.4477051078125 0.4065291859375 0.43999739687500006 0.4010125203125 0.4263495203125 0.40024879375 0.40924766874999996 0.3945193828125 0.39790437968750003 0.3930501 0.3656459390625 0.3908798390625 0.35740311875 0.3923223234375 0.36590670625 0.401456309375 0.38699570781250003 0.40920826874999994 0.3998457671875 0.41037068593750003 0.40241500312499995 0.41220957656249996 0.4166829734375 0.4135556546875 0.423420959375 0.4084040203125 0.45062591249999995 0.41443800937499997 0.4630355421875 0.41002101562500004 0.46206193906250004 0.4073847421875
0 0.2603999875 0.30696285156249997 0.23532190000000003 0.3012043546875 0.2077576203125 0.3051644859375 0.2131626796875 0.30737069375 0.2170590265625 0.31389977812500003 0.2365523921875 0.3224491234375 0.26384814687499997 0.323976575 0.2790008578125 0.3284494515625 0.2850279484375 0.327222 0.290879253125 0.322959584375 0.28671826093749997 0.3138860546875 0.2771483328125 0.31063834218749997 0.2735166328125 0.3066537015625 0.2603999875 0.30696285156249997
0 0.207904321875 0.368439640625 0.2117118046875 0.375459246875 0.20151790625000002 0.3796612078125 0.20116245781250003 0.3816233 0.21303697656249998 0.38416545625 0.22428946249999998 0.3901412734375 0.2430758140625 0.394582775 0.26142173125 0.39344486875 0.2747180375 0.388138659375 0.27666912187500003 0.3853791828125 0.2677251015625 0.3706657859375 0.198600978125 0.36372035937499997 0.207904321875 0.368439640625
0 0.21353718437500002 0.44949453437500003 0.23737702343749997 0.4500723125 0.2519965625 0.45748832500000003 0.25846796250000004 0.45380825937499997 0.27397805937499997 0.45230303125000004 0.2773489921875 0.44571120156250005 0.274426246875 0.44181839375000004 0.2522747828125 0.43192068125 0.23845112031250001 0.42812198749999997 0.219398184375 0.425152053125 0.1908564265625 0.4345079328125 0.21353718437500002 0.44949453437500003
0 0.23106783437499998 0.48489943281250003 0.21608897031250002 0.4874775359375 0.20252995468749999 0.4862232875 0.18949829375 0.49407393906249997 0.1889631828125 0.501033090625 0.18390969375 0.5048968125 0.20641854375 0.508816421875 0.22822231718750002 0.504612175 0.2440859234375 0.5051608671875 0.2497595046875 0.5018794953125 0.252154896875 0.49666740468750004 0.2500299703125 0.49237590156250005 0.24205567499999997 0.4883308046875 0.23106783437499998 0.48489943281250003
0 0.22193445937499998 0.49526315781249997 0.221134703125 0.4996778609375 0.22556422031249998 0.503263809375 0.234073625 0.5003497578125 0.2297349078125 0.4922572734375 0.2256589 0.49072524843750004 0.22193445937499998 0.49526315781249997
0 0.2364399296875 0.55537785625 0.227134646875 0.5546745875 0.21924921406250003 0.550138965625 0.2175647171875 0.551426875 0.1900043171875 0.5473549796875 0.17325403281250001 0.547695503125 0.169796178125 0.5507618421875 0.1693203109375 0.557393975 0.16402985625 0.5625657609375 0.19539968125 0.5696412515625 0.2328873953125 0.5709827546875 0.23749657656249998 0.5695716453124999 0.242107696875 0.5641445203125001 0.2415784015625 0.5590556328125 0.2364399296875 0.55537785625
0 0.542556165625 0.54382133125 0.5322792203125 0.5364657765625 0.5227962140625 0.536743553125 0.5078212265625 0.5312896312500001 0.4903600484375 0.5355543375 0.47449644375 0.53500564375 0.46979840156249997 0.5369072765625 0.46935409375 0.539359890625 0.477413371875 0.550946490625 0.494691009375 0.5597108703125 0.4990336046875 0.559771328125 0.5064786046875 0.5587275359375 0.5141032703125 0.5526866890625 0.535373871875 0.551425578125 0.5426430890625 0.5473468203125 0.542556165625 0.54382133125
0 0.45825024374999995 0.5926432187499999 0.4651620765625 0.5945425640625001 0.46861605156249997 0.5995082515625 0.464006871875 0.6009193625 0.46577829218750005 0.6031569421875 0.48288014375 0.6088863546875001 0.49794593281250005 0.6098337421875 0.5126582125 0.6087272046875001 0.533930753125 0.6034500828125 0.5357060515625001 0.5976556375000001 0.5315431171875 0.5925981234375 0.52099765 0.5907301484375 0.45825024374999995 0.5926432187499999
0 0.5007568796874999 0.4781631671875 0.5229064046875 0.4920768921875 0.5400971218749999 0.4973157796875 0.55986095 0.4963615328125 0.5675725375 0.49384617343750004 0.5695236203125 0.49108669687499995 0.5668674593749999 0.48572231875 0.545511875 0.479441925 0.5381596125 0.47196316875 0.531867875 0.47064617656249996 0.5146713421875 0.4774553234375 0.5007568796874999 0.4781631671875
0 0.3782022671875 0.44973800312499995 0.3717914015625 0.4504137109375 0.339916734375 0.4487951921875 0.34133270625 0.45299486250000004 0.351522728125 0.4568249296875 0.362508628125 0.46427231406249997 0.39892806406250003 0.4755161046875 0.41709625937499994 0.47535924375 0.413555359375 0.46686806875000003 0.39167048125 0.4554987875 0.3850291140625 0.4440958484375 0.3782022671875 0.44973800312499995
0 0.8056933718750001 0.1566994875 0.79691738125 0.16108510781250002 0.775557915625 0.162836740625 0.774847021875 0.166760925 0.7787453078125 0.169273996875 0.8200405078124999 0.1776351078125 0.8422847125 0.17901027187500002 0.8568231468749999 0.17085275625000002 0.85983863125 0.16622301875 0.858422659375 0.1620233453125 0.8518662750000001 0.1581619078125 0.8435365359375 0.15607890156249998 0.8056933718750001 0.1566994875
0 0.826929071875 0.2277266046875 0.8181608375 0.216048175 0.811863284375 0.2267792171875 0.7861651015625 0.22043836875 0.774553290625 0.22445666874999998 0.7613477843750001 0.22525634062500002 0.7724225453125 0.2322132046875 0.7733942093749999 0.238865490625 0.7777348640625 0.2429419609375 0.800774946875 0.2479344453125 0.8321505874999999 0.24296189687499997 0.8364951218750001 0.2390063421875 0.8367636468749999 0.23351876093750001 0.826929071875 0.2277266046875
0 0.6706286328125 0.157277915625 0.6865791609375 0.16135209687500002 0.696591459375 0.1661632078125 0.7410818078125 0.164897525 0.7481733 0.1617998125 0.750037459375 0.15551484531249998 0.7432164296875 0.1491089625 0.718227203125 0.1428599453125 0.6911941578125 0.14789295 0.67346639375 0.15362922343750002 0.6706286328125 0.157277915625
0 0.5972604703125 0.1297014453125 0.5789164890625 0.126823340625 0.5595061671875 0.12983150937500001 0.5442626578125 0.12986516875 0.54780355625 0.13835634375 0.5592357046875 0.139335103125 0.5746530609375 0.1463524234375 0.604518053125 0.1497187640625 0.628804140625 0.143827915625 0.6302259296875 0.1359795484375 0.626151859375 0.130431509375 0.6186199343750001 0.12794981249999998 0.5972604703125 0.1297014453125
0 0.47957968281249996 0.1024096140625 0.4670831296875 0.10330111718749999 0.45077715625000003 0.10118902656249999 0.43642226093750003 0.09631745781249999 0.4220615515625 0.1034939265625 0.41319863906250004 0.10435405625000001 0.41390371718749996 0.11247791250000001 0.4353481640625 0.11826777968749999 0.4414583 0.128597846875 0.4612240671875 0.12362758437500002 0.474783084375 0.124881834375 0.484799259375 0.12166091875 0.5004020984374999 0.11163314375 0.4852493875 0.107160265625 0.47957968281249996 0.1024096140625
0 0.3374195734375 0.11411777812499999 0.332995871875 0.09848379375 0.318109746875 0.09253934999999999 0.2946253546875 0.0899994796875 0.27965036875 0.0845455578125 0.2775640546875 0.0920568296875 0.265021134375 0.09720960625 0.2628923296875 0.10095013125 0.265815071875 0.1048429390625 0.27866319375000004 0.11002137187500001 0.285484225 0.11642725312499999 0.29408055 0.1170386921875 0.308174675 0.111333790625 0.31703565 0.11448967343750001 0.31685598593750003 0.11948673125 0.32155596875 0.11356908437499999 0.3374195734375 0.11411777812499999
0 0.2937057140625 0.1591609078125 0.2764261375 0.15441254375 0.27163729375 0.16082071250000002 0.258076340625 0.163582475 0.24850253281249998 0.1683667890625 0.23671493593749998 0.169350121875 0.23963768124999998 0.1732429328125 0.25673953437499997 0.1789723453125 0.28828708125 0.1850667875 0.30609983125 0.18687201874999998 0.318331734375 0.183436071875 0.31780244375 0.1783471828125 0.321082571875 0.1762618875 0.316212625 0.1670965296875 0.2937057140625 0.1591609078125
0 0.25627001875 0.233633121875 0.237839115625 0.2272295265625 0.22702512187499999 0.23084913437500001 0.20708356874999997 0.232784428125 0.22675271874999997 0.2443687390625 0.23782942031249998 0.24730959062500002 0.2485487359375 0.25622854375 0.25953851562499997 0.255643903125 0.2673350859375 0.260670046875 0.2893165828125 0.2554847546875 0.29374997812500003 0.2510386765625 0.2894112609375 0.24294619375 0.2658418859375 0.23286482031250003 0.25627001875 0.233633121875
0 0.3680086984375 0.26969390625 0.385201353125 0.27091678125 0.41479782031249995 0.27977070312499996 0.42365685312499995 0.2869425984375 0.445993796875 0.2797952140625 0.44254175937499995 0.270813515625 0.424908675 0.264011228125 0.413476525 0.2630324703125 0.38990521093749997 0.2569671109375 0.36012520625 0.261142271875 0.3680086984375 0.26969390625
0 0.454460878125 0.1809873828125 0.4503848671875 0.17945535625 0.4434691578125 0.185588034375 0.41989784375 0.1795226765625 0.3997785671875 0.182439015625 0.4024347265625 0.1878033921875 0.41687654218750003 0.1962004515625 0.4146588765625 0.2004314953125 0.41643029374999996 0.2026690796875 0.42839561406250004 0.2007047 0.45941193125 0.20572626875000002 0.4700482015625 0.20308770781250002 0.4727971 0.1999295375 0.45472552187500004 0.183531825 0.454460878125 0.1809873828125
0 0.625131721875 0.22417953906250002 0.624693228125 0.21458411718749998 0.61326301875 0.20958934375 0.5937657734374999 0.209072025 0.5867670203124999 0.2036471890625 0.579146234375 0.2016560109375 0.5537976828125 0.20540110937499997 0.562480934375 0.2095380359375 0.5595543109375 0.2136772515625 0.5516650000000001 0.21717365625 0.5516630609375001 0.2211896671875 0.5706271359375 0.2246501265625 0.5775370265624999 0.2305654859375 0.5824108515625 0.23169881874999998 0.5941115265625 0.2271899953125 0.6193692765625001 0.22795143437499998 0.625131721875 0.22417953906250002
0 0.6656349203125 0.22089130625000003 0.662175128125 0.227973659375 0.673960784375 0.23100633906249998 0.6797193515625 0.23526646874999999 0.7039126984374999 0.23789816875 0.7252741 0.232130521875 0.7280229984375 0.228972353125 0.7267847515625 0.223791634375 0.701088509375 0.21343477187499998 0.685580353125 0.21092398750000002 0.6789292890625 0.21960110937500002 0.6656349203125 0.22089130625000003
0 0.6998964640625001 0.296115809375 0.6835016281249999 0.294494240625 0.6710958781249999 0.29087920624999997 0.6572663984375 0.2991285515625 0.6458323109374999 0.3021658046875 0.645210278125 0.305599465625 0.6489308390625 0.3090935828125 0.644319721875 0.31452070781249997 0.6514981375 0.314948484375 0.655133715625 0.31090110000000004 0.6620474859375001 0.3087844328125 0.70502718125 0.3158576375 0.7124780000000001 0.3027658078125 0.7087574375 0.2992716921875 0.6998964640625001 0.296115809375
0 0.5799902546875 0.2891190734375 0.5550860125 0.29041155625 0.5448921125 0.294613515625 0.5310665125 0.2948308375 0.53026675625 0.299245540625 0.5331006390625 0.303628875 0.5448862953125 0.3066615546875 0.554547025 0.30540273125 0.5729798671874999 0.3077903125 0.599124296875 0.3076625359375 0.6081668703124999 0.3018053484375 0.6083465328125001 0.2968082890625 0.603385784375 0.292149465625 0.5799902546875 0.2891190734375
0 0.6739006734374999 0.3555027296875 0.6544903546875 0.3585108984375 0.6413717703125 0.3628360609375 0.6303781109375 0.37145272500000004 0.6336563046875 0.3733834453125 0.6615721515625 0.3754932484375 0.6767268015625 0.3759501125 0.68514734375 0.373526584375 0.694274903125 0.375210896875 0.701277534375 0.372603709375 0.7050908359375 0.367575278125 0.7010167671875001 0.3620272390625 0.694282659375 0.359146846875 0.6739006734374999 0.3555027296875