0 0 0.8917544015625 0.009618428125 0.8962332843749999 0.0248830625 0.8981189437499999 0.0463669171875 0.905443115625 0.059776125 0.89849373125 0.0801604859375 0.8971287140624999 0.08128150625 0.8946959375000001 0.054308615625 0.8767759937499999 0.0451644390625 0.8755414515625001 0.03014460625 0.8774117328125 0.0096614828125 0.8739893578125001 0 0.8757922234375 0 0.8917544015625
0 0 0.8117464046875 0.004013753125 0.815149790625 0.0186942390625 0.8211612593750001 0.045907712499999996 0.8264120625 0.0656821796875 0.8238697374999999 0.0801908828125 0.8256095421874999 0.084528934375 0.8169098890625 0.0769438890625 0.8101482156250001 0.063410171875 0.8070070875 0.0488027046875 0.8004798921875 0.0060582703125 0.8007094546875001 0 0.8053336390625001 0 0.8117464046875
0 0.026477246875 0.744250346875 0.042888646875000005 0.7490063484375 0.06719869218749999 0.7473391578124999 0.07534213906250001 0.744671903125 0.07675523281249999 0.740176221875 0.0705360125 0.7347377109375001 0.058587171874999996 0.73137256875 0.0507573265625 0.720854953125 0.0570968390625 0.71995889375 0.0576809859375 0.715833084375 0.04802568125 0.7182086265625001 0.046904659375000005 0.7206414031249999 0.013695237499999999 0.72482999375 0.013209856249999999 0.7337431953125 0.026477246875 0.744250346875
0 0.0428675546875 0.6668809390625 0.0827127796875 0.6761584671875001 0.1002924734375 0.672662846875 0.1054122015625 0.6694121703125 0.1195300671875 0.6684274859375 0.11831028125000001 0.666072871875 0.109922034375 0.6649841859375 0.088730253125 0.655597109375 0.0671003625 0.6493043921874999 0.0558601796875 0.65190395 0.0384007734375 0.6490649984375 0.0295014 0.651586396875 0.025966551562500002 0.6546130578125 0.0320397359375 0.6610830203125 0.0428675546875 0.6668809390625
0 0.0945160171875 0.5873076875 0.0879789765625 0.5786289640625 0.08351641562499999 0.577238103125 0.06910647656249999 0.580285690625 0.0410167828125 0.5812236046875 0.033801048437499995 0.5883083796874999 0.03706956875 0.59264774375 0.0876438484375 0.6029357937500001 0.1218067265625 0.6084678453125 0.12361066093749999 0.6066966515625001 0.0945160171875 0.5873076875
0 0.129516715625 0.53207265625 0.13017388125 0.5274311203125001 0.1383903453125 0.5242481406249999 0.1341468390625 0.5213101015625 0.11283476875000001 0.5182575968750001 0.105494525 0.5152518625 0.059335534375 0.5121735140625 0.0539967515625 0.5169713703125 0.054851445312500004 0.5219046171875 0.06258252656249999 0.5276348390625001 0.07589718906250001 0.5323231453124999 0.0909427671875 0.5357559843749999 0.129516715625 0.53207265625
0 0.10450266562499999 0.4509528578125 0.09433623125 0.45693848593749997 0.0671485046875 0.4569908015625 0.065443334375 0.46354938749999997 0.06961382187500001 0.46700315156250005 0.083001503125 0.47117573281249997 0.1061175078125 0.47245704218749995 0.1322314875 0.4690186578125 0.109794175 0.4519738453125 0.10450266562499999 0.4509528578125
0 0.069279128125 0.3980626109375 0.06742792187499999 0.40565264843750004 0.0710615328125 0.40741338125000004 0.11785616406249999 0.41697215468750004 0.1379227046875 0.412366925 0.1416766078125 0.407793084375 0.126386228125 0.40060430625 0.0951740515625 0.3961714046875 0.069279128125 0.3980626109375
0 0.13227497500000002 0.3535273578125 0.142905265625 0.3497504890625 0.14902572187500002 0.3504016109375 0.12676019375 0.33762846562500004 0.089599340625 0.3368161125 0.08174796875 0.3374204609375 0.07828613749999999 0.3399313953125 0.078311884375 0.3452345140625 0.0861890015625 0.3499332828125 0.095114121875 0.35271500312500004 0.12132686562499999 0.354064009375 0.13227497500000002 0.3535273578125
0 0.15335111875000002 0.2924267140625 0.142570571875 0.2808099515625 0.092120803125 0.28061240781249996 0.09109854375000001 0.2878325765625 0.1026092734375 0.2942920765625 0.142819590625 0.300990971875 0.15335111875000002 0.2924267140625
0 0.11729441249999999 0.22348125625 0.14036314375 0.2305814109375 0.176402975 0.23382654062500002 0.180766771875 0.23043000781249998 0.17198768749999999 0.226616834375 0.16279201875 0.21477605781250003 0.1462088359375 0.20574838906249998 0.1401613984375 0.20458154374999998 0.1265804078125 0.20725926249999999 0.0977347828125 0.20805131875 0.09300589375 0.214026484375 0.094006625 0.21792827812499999 0.10044490156250001 0.2218196109375 0.11729441249999999 0.22348125625
0 0.1870163921875 0.164349346875 0.1664087578125 0.1508364625 0.13419584843750001 0.14250176406249998 0.09915675 0.1431584296875 0.1102766421875 0.14689344375 0.11559389687499999 0.15321754999999998 0.122105190625 0.1565931578125 0.1617313609375 0.1674178609375 0.1645102796875 0.16424534531249999 0.1811407359375 0.16745416875000002 0.1870163921875 0.164349346875
0 0.1860718046875 0.094231496875 0.1711722640625 0.08976720625 0.1407890328125 0.084964434375 0.1305238359375 0.08616266875 0.128646884375 0.08844958750000001 0.129282521875 0.094930015625 0.13791557031249999 0.0997746421875 0.1720784484375 0.105306690625 0.1864883890625 0.102259103125 0.1894863609375 0.0975394078125 0.1860718046875 0.094231496875
0 0.20500466875 0.042783796875 0.20285716874999998 0.036011659375 0.1940780859375 0.0321984875 0.1707172796875 0.0271612359375 0.15516057187500001 0.02733848125 0.132409659375 0.023478540625 0.129703759375 0.026135331249999998 0.1306572171875 0.0358559703125 0.142240965625 0.04179974375 0.1814762984375 0.0498999625 0.213637715625 0.047628421875 0.20500466875 0.042783796875
0 0.1632697109375 0.9354167578125001 0.1780704890625 0.93509365625 0.1956501828125 0.9315980390625 0.15992395312500002 0.915168040625 0.126809078125 0.9077189406249999 0.11647086250000001 0.9094329015625 0.11023011406250001 0.9151163546875001 0.1282521375 0.924951459375 0.1387148640625 0.933328009375 0.159296753125 0.941537778125 0.158149984375 0.938667434375 0.1632697109375 0.9354167578125001
0 0.2530966328125 0.9262579828125 0.23746690625000003 0.926950953125 0.2291774234375 0.9306496609374999 0.228765059375 0.9390471375 0.239592878125 0.9448450578124999 0.28243607656249997 0.949402884375 0.294359171875 0.9474649093749999 0.30667310468750003 0.9482514203125 0.2803831234375 0.9309930578125 0.2530966328125 0.9262579828125
0 0.408556065625 0.9800953437500001 0.4225751671875 0.9743232687500001 0.43881478593749995 0.97480760625 0.44703125000000005 0.9716246249999999 0.41688860156249996 0.9541527125 0.3840658015625 0.9446407062500001 0.3776275234375 0.940749375 0.3580721140625 0.9417445203125 0.3534892625 0.9466882312499999 0.3532959515625 0.9535385296875001 0.377219378125 0.9655719312500001 0.38170768437499997 0.9722659109375 0.39124269843750004 0.9762249390625 0.408556065625 0.9800953437500001
0 0.606882675 1 0.6054586937499999 0.999014090625 0.571733925 0.9903876828125 0.5309394609375 0.9878145984375 0.525209840625 0.9898879656249999 0.523577690625 0.995930825 0.5250789984375 1 0.606882675 1
0 0.8486752203125001 0.9595825234375001 0.8449943359375001 0.963640634375 0.8279987875 0.96301044375 0.8204652359375 0.9668550046875 0.8206370171874999 0.971126671875 0.827247078125 0.9792896703125 0.8348321203125 0.98605134375 0.8400506109375 0.9875880609375001 0.8493408234375 0.98779115 0.8581199093749999 0.9916043218749999 0.873749634375 0.99091135 0.8942327578124999 0.9943337250000001 0.9136894046874999 0.9885511875 0.930684953125 0.9891813781250001 0.9206860812500001 0.9830135890625 0.9212702296874999 0.9788877781249999 0.9263169375 0.9761528296875 0.92275634375 0.9738763718750001 0.9132470765624999 0.9752204624999999 0.85730826875 0.9644271453125001 0.8532107999999999 0.9604576546875 0.8486752203125001 0.9595825234375001
0 0.8460469921874999 0.8849012953125 0.8476103421875001 0.89579924375 0.8538295640625 0.9012377546874999 0.8559040437500001 0.9085256171875 0.8744844703125001 0.9089317953125 0.8819450046874999 0.9056029593750001 0.9104512828125 0.91269265 0.9264461015625001 0.9094210468749999 0.937931084375 0.9105774296875 0.9357835874999999 0.903805290625 0.9396105078125 0.898715725 0.926076790625 0.895574596875 0.9057139578125 0.8858176515625 0.8871335312499999 0.8854114734375 0.859091109375 0.88053054375 0.8460469921874999 0.8849012953125
0 0.9500563609375 0.8413919468750001 0.94405619375 0.8344062578125 0.9427376437499999 0.8272642484375 0.9208372062500001 0.8119124718749999 0.9156187156250001 0.8103757578125 0.8677545546875001 0.8138559953125 0.8672691718750001 0.8227691984375 0.8762930578124999 0.8303383109375 0.8850721406250001 0.8341514828125 0.926429225 0.8437207203125 0.940839165625 0.84067313125 0.9500563609375 0.8413919468750001
0 0.86936983125 0.7421128078125 0.8688587015625 0.7457228921875 0.8745667953125 0.7547714859375 0.890368303125 0.75835018125 0.9398430890625 0.7599490453125 0.9417673109375 0.75184328125 0.9149919484375 0.7434981203125 0.8823409296875001 0.73825778125 0.86936983125 0.7421128078125
0 0.91522409375 0.6979788140625 0.9315624765624999 0.7032505421875 0.9402427953125001 0.7022763249999999 0.95335993125 0.69738984375 0.9595534062500001 0.6975252375000001 0.9725717765624999 0.6878513671875 0.981935009375 0.6875387296875 0.9543049515625001 0.6742603218750001 0.9459897249999999 0.672655909375 0.8910773937500001 0.6710675078125 0.8864945421874999 0.6760112203124999 0.8874222546875 0.680428740625 0.8915927421875001 0.68388250625 0.9092969468750001 0.6904773984375 0.91522409375 0.6979788140625
0 0.977575865625 0.6141129703125 0.9636513093750001 0.6082473562499999 0.9152718015625 0.598912596875 0.89747305 0.6039553921875 0.9095464 0.617411046875 0.9258847828125001 0.6226827765625 0.9351749953124999 0.622885865625 0.959901625 0.629246278125 0.9881846281250001 0.6214580671875 0.977575865625 0.6141129703125
0 0.933302696875 0.54835049375 0.9403981390625 0.5476002890625 0.9663188078125 0.5510122015625 0.9776320109375 0.547896915625 0.979483215625 0.540306878125 0.9649487671875001 0.5332639546875 0.9471972890625 0.5324879078125 0.9351754296875001 0.529638490625 0.9138891031249999 0.5318891046875 0.9110371671875 0.5355773484374999 0.9193051234375 0.54300060625 0.9242315390625 0.5466002249999999 0.933302696875 0.54835049375
0 0.9873177140625 0.4740022 0.98095245625 0.4695951421875 0.9682476859375001 0.46608414375 0.9264052171875001 0.4654281109375 0.9133611015625 0.4697988609375 0.9120940421875 0.473263090625 0.9154355796875 0.47708672500000004 0.9302621046875 0.4820667421875 0.9711295859375 0.4841241015625 0.984100684375 0.480269075 0.9873177140625 0.4740022
0 0.988473353125 0.416475334375 0.974402759375 0.41164117187500004 0.93955696875 0.4054475390625 0.92824376875 0.4085628265625 0.9261477593749999 0.4123969234375 0.9294893 0.41622056093750004 0.9389512953124999 0.4206953140625 0.978259646875 0.42827980625000006 0.989718884375 0.42413306874999995 0.9910589609375 0.42015311562499996 0.988473353125 0.416475334375
0 1 0.343165953125 0.996037303125 0.34111159999999996 0.9786509171875 0.33775692031250004 0.9360525203125001 0.3369550296875 0.9312248671875001 0.3381428 0.9279348187500001 0.34492540312500003 0.9355928812500001 0.35117135 0.9589536875 0.3562086 0.9930178015625 0.356953259375 1 0.3532201453125 1 0.343165953125
0 1 0.279441696875 0.9510812234375001 0.274687540625 0.9435476703125 0.2785321015625 0.943719453125 0.28280376875 0.9485728515625 0.286919115625 0.9596197249999999 0.29116985624999997 0.9985372390625 0.29602985937500004 1 0.2956915625 1 0.279441696875
0 1 0.21833524375 0.9697435390625 0.21418078125 0.96469683125 0.21691573125 0.96306468125 0.2229585921875 0.9801117203124999 0.2341950203125 0.9918415046875 0.2391073421875 1 0.2411246609375 1 0.21833524375
0 1 0.1642644609375 0.9824099078125 0.16311341562499998 0.9751684296875001 0.1648950734375 0.972999403125 0.169244896875 0.9748290828125 0.1727768234375 1 0.18281707656249999 1 0.1642644609375
0 0.8476298234374999 0.40201533281249996 0.8482869890625 0.397373796875 0.8300716546875 0.3943889875 0.827193971875 0.3927741125 0.8245095984375 0.384308940625 0.8194371453124999 0.381740771875 0.8014193390625 0.3883307484375 0.7801802859375 0.38476251562499997 0.770598 0.38662233281249997 0.771332403125 0.397890153125 0.7993275515625 0.40858992812499995 0.82700488125 0.416049490625 0.8476298234374999 0.40201533281249996
0 0.8625124906250001 0.3407792953125 0.844271409375 0.33249136875 0.8151079671874999 0.3300432140625 0.802330178125 0.32704794062500003 0.7863353609375 0.33031954531249996 0.7870440171875 0.33628424687499997 0.795531028125 0.342160321875 0.8397400484374999 0.3480413171875 0.8496144109375001 0.344118596875 0.8573927640625 0.344029971875 0.8625124906250001 0.3407792953125
0 0.845551559375 0.2850550140625 0.8646688593749999 0.287154225 0.8696425484375 0.284935 0.8727865593749999 0.27918385 0.8573243968750001 0.26772340781250004 0.8546400249999999 0.259258234375 0.8472525093750001 0.26207134375 0.8082877234374999 0.263030184375 0.8018279203124999 0.27026081562500004 0.8042674921874999 0.27497004999999997 0.82092369375 0.283481990625 0.8290928859375001 0.28611785625 0.845551559375 0.2850550140625
0 0.8496752078125 0.20108025000000002 0.8237802828125 0.20297145625000002 0.8194164875000001 0.2063679890625 0.8234409375 0.21085320625 0.8308541984375 0.213343215625 0.8691875640625 0.22232903125 0.8856462390625 0.2212661890625 0.8910580375 0.21595260624999998 0.8771077359375001 0.20478387343749999 0.8496752078125 0.20108025000000002
0 0.8889924296875 0.1482675328125 0.8833100828125 0.14452205625 0.8614611359375001 0.1397765171875 0.8368332703125001 0.1382034953125 0.8332254046875001 0.141745884375 0.8340070796875001 0.1471948578125 0.8559547921874999 0.1567277875 0.869415490625 0.16038464218749998 0.879461634375 0.1607335875 0.88909119375 0.153054925 0.8889924296875 0.1482675328125
0 0.8231470109375 0.0836408703125 0.8232868984374999 0.08578712187500001 0.8295791359375 0.09070990625 0.8385042578125 0.0934916265625 0.8774217703125 0.09835163125 0.88312298125 0.0952131515625 0.8231470109375 0.0836408703125
0 0.6565336187499999 0.490179946875 0.607080359375 0.47745911874999997 0.6021066703125 0.47967834218750005 0.5989626593749999 0.4854294921875 0.6079135265625 0.49351433125 0.647393659375 0.5053704875 0.67141163125 0.5057662015625 0.6780432171874999 0.5028072359375 0.674701678125 0.49898360156250005 0.6565336187499999 0.490179946875
0 0.617650721875 0.43022585312499995 0.663835459375 0.4386073171875 0.68143668125 0.4239897359375 0.6621475984375 0.417618859375 0.636690784375 0.41641570625 0.6182821406250001 0.420281196875 0.61484605625 0.42809525156249995 0.617650721875 0.43022585312499995
0 0.64799555 0.380450259375 0.6567746343749999 0.38426343125 0.6847440375 0.3896600890625 0.6930335203125 0.38596138281250003 0.6954216 0.380064378125 0.6869345906250001 0.3741883015625 0.689713509375 0.3710157828125 0.6868358265625 0.36940090937500003 0.652453890625 0.3654160375 0.6482103875 0.36247799999999997 0.639822140625 0.3613893125 0.6340925203125 0.3634626828125 0.6317774578125 0.36884395937500003 0.6342900499999999 0.373037465625 0.64799555 0.380450259375
0 0.7155227578125001 0.3203650578125 0.719130625 0.3168226703125 0.71503315625 0.312853178125 0.674724075 0.301366890625 0.64153618125 0.2944335171875 0.6351236499999999 0.2958453046875 0.633319715625 0.2976164984375 0.63636918125 0.3035030390625 0.6520503984375 0.3134163046875 0.6831165390625 0.31888065781249997 0.7100852125 0.3203755203125 0.7155227578125001 0.3203650578125
0 0.7148702453125 0.2481843046875 0.6927034796875 0.24019854999999998 0.6647340749999999 0.234801890625 0.64971424375 0.2366721734375 0.646278159375 0.2444862265625 0.6490098046874999 0.2471325546875 0.6748832015625 0.2563633109375 0.693708428125 0.260525428125 0.7092393890625 0.2550450640625 0.720943428125 0.25465426562500004 0.7148702453125 0.2481843046875
0 0.730732115625 0.20197202500000003 0.7149778812500001 0.19257448593749998 0.6771813890625 0.18528170625 0.67159780625 0.186323621875 0.67011169375 0.191335028125 0.6726973015625 0.195012809375 0.6930601328125 0.20476975468749997 0.7254190796875 0.2120729984375 0.7318316109375 0.2106612140625 0.7324157578125 0.2065354015625 0.730732115625 0.20197202500000003
0 0.678332809375 0.11132975625 0.6788224109375001 0.1188416359375 0.68533370625 0.12221724062499999 0.7450521625000001 0.1337398359375 0.75687649375 0.1270144671875 0.7396834171875 0.11680949062499998 0.6935716968750001 0.10791229843750001 0.6833795171875 0.1085948078125 0.678332809375 0.11132975625
0 0.7271377734375 0.0682949125 0.7275758828125001 0.0652005546875 0.665697628125 0.05326123125 0.66619953125 0.0544177015625 0.6710529281250001 0.058533049999999996 0.6837576999999999 0.062044046875 0.687245275 0.0648362296875 0.7198232765625 0.070592296875 0.7271377734375 0.0682949125
0 0.528047509375 0.36101515625 0.51546303125 0.3511695890625 0.493541065625 0.346939775 0.476764571875 0.344762403125 0.47269284999999994 0.34609603125 0.46984091250000004 0.349784275 0.4758410796875 0.3567699640625 0.4823523734375 0.3601455703125 0.5080539875000001 0.3651046609375 0.528365328125 0.3642553703125 0.528047509375 0.36101515625
0 0.4860421296875 0.295690246875 0.4951863046875 0.2969247875 0.5282539078124999 0.3101927328125 0.5311058453124999 0.3065044890625 0.5271544125000001 0.30150354375 0.54717368125 0.302717159375 0.5516104953125 0.2988049015625 0.5578039703125001 0.2989402921875 0.553852540625 0.2939393484375 0.53780623125 0.2866047140625 0.4923774234375 0.2783691046875 0.482112225 0.27956733906250003 0.4776754109375 0.2834795984375 0.48035978281249997 0.29194476874999997 0.4860421296875 0.295690246875
0 0.5602739421875 0.232130353125 0.5663429078125 0.2221752328125 0.5710975406250001 0.22150318750000003 0.5378366296875 0.21508554218749998 0.51464760625 0.21431995625 0.5087462046875 0.21212166093749998 0.5012856703125 0.215450496875 0.4928244046875 0.2148775375 0.484680959375 0.2175447921875 0.48236589687500003 0.22292606875 0.48858511718750003 0.2283645796875 0.536135678125 0.238069209375 0.5602739421875 0.232130353125
0 0.5627439125 0.1653204140625 0.5382105921875 0.1521097015625 0.501831415625 0.15674632187499998 0.49732158281250005 0.1611743078125 0.49788420312500004 0.168170459375 0.5433130109375 0.17640606875 0.5627439125 0.1653204140625
0 0.567627709375 0.0979165875 0.5583117515625 0.09241038124999999 0.5246857453125 0.088571365625 0.5037172390625 0.0940621921875 0.5048167328125001 0.1027513796875 0.554635084375 0.112893578125 0.572678634375 0.11160671874999999 0.5767246125 0.1049699734375 0.5708232109375 0.1027716765625 0.567627709375 0.0979165875
0 0.5857316234375001 0.0468387578125 0.5839749624999999 0.04279110625 0.5695135312499999 0.0352324578125 0.535204615625 0.030731862500000002 0.5176979390625001 0.0337117546875 0.5168947375 0.0393847421875 0.5246258171875 0.0451149640625 0.536209565625 0.051058739062500004 0.552840021875 0.0542675609375 0.5804658609375 0.051120887500000003 0.5857316234375001 0.0468387578125
0 0.32421191562499996 0.5007628640624999 0.3289922953125 0.5053939375 0.3489385453125 0.507123278125 0.35700897187499997 0.5049717499999999 0.3662261671875 0.5056905640625 0.3705169453125 0.5028097578125 0.365517509375 0.49972586406249997 0.36534572656250003 0.49545419687500003 0.3725141875 0.4941882671875 0.3354736265625 0.48704134374999997 0.312894496875 0.48745306718750003 0.3086767375 0.48981814687499997 0.3115801640625 0.49673614062500004 0.32421191562499996 0.5007628640624999
0 0.330366990625 0.44631989218749996 0.33892701875000003 0.45168024375 0.3687003546875 0.45530570625 0.38920500625 0.44760611875 0.3889602046875 0.4438501796875 0.3834969140625 0.43855752499999995 0.3700362140625 0.4349006703125 0.3595004703125 0.42703984687499996 0.339579965625 0.4306136234375 0.329606840625 0.4297489546875 0.3163436703125 0.43566688593749997 0.313199659375 0.441418034375 0.3195649171875 0.4458250921875 0.330366990625 0.44631989218749996
0 0.392847490625 0.388969640625 0.3963823390625 0.3859429796875 0.3894071890625 0.38035861249999997 0.3908202828125 0.37586293125000003 0.3746279375 0.3695597515625 0.3554633640625 0.3732793828125 0.329104584375 0.3729618296875 0.3255697359375 0.37598849218749997 0.3270343234375 0.38209904687499996 0.3487372328125 0.3878760375 0.376998709375 0.391209790625 0.392847490625 0.388969640625
0 0.348746103125 0.32747883125 0.3715700359375 0.3308230453125 0.39641695625 0.3308488875 0.4045604015625 0.32818163437500003 0.39578131562499996 0.3243684625 0.392512796875 0.3200290984375 0.38100206718749996 0.3135695984375 0.3541064125 0.3115590109375 0.3266996296875 0.31315850625 0.3252135140625 0.3181699140625 0.3281169421875 0.32508790625 0.3416506625 0.3282290359375 0.348746103125 0.32747883125
0 0.3642817171875 0.24517617343749998 0.34321444843750004 0.24587961093750002 0.3406803296875 0.25280806562499997 0.3445587421875 0.2583247359375 0.36521364843750004 0.2660187765625 0.37443084375 0.26673759375 0.39152515625 0.272155178125 0.41115358437499994 0.2706443046875 0.4098823078125 0.25768345 0.3642817171875 0.24517617343749998
0 0.41967099531249996 0.205001209375 0.4188893203125 0.1995522359375 0.42703276562500003 0.19688498125 0.3859934984375 0.1905559578125 0.36907096875 0.1894100390625 0.357976821875 0.19097814375 0.35558874218750003 0.19687514687500002 0.359540175 0.20187609218749997 0.38555960625 0.210075396875 0.397654484375 0.2124090859375 0.41303940937499994 0.20796017500000002 0.41967099531249996 0.205001209375
0 0.4363318484375 0.136690859375 0.41604203437500004 0.1264181875 0.3752475703125 0.123845103125 0.3646902984375 0.12710624375 0.3639601140625 0.1322635046875 0.367082596875 0.137634321875 0.3737399296875 0.1399784734375 0.399368525 0.145453290625 0.41341337187500005 0.144984334375 0.43394376875 0.142587865625 0.4363318484375 0.136690859375
0 0.3993516515625 0.0797529625 0.414470246875 0.082670075 0.44151193906249997 0.0836492125 0.44670468281250003 0.0798828078125 0.4347558421875 0.076517665625 0.4235371859375 0.0679952609375 0.37818139687499996 0.0592439234375 0.36762412499999997 0.0625050625 0.36379720312499997 0.06759463125000001 0.3631400375 0.072236165625 0.368895403125 0.0754659171875 0.388330521875 0.08080534375000001 0.3993516515625 0.0797529625
0 0.222237759375 0.6834764578125 0.19748538437500002 0.6718129265624999 0.1841234484375 0.672943465625 0.165225203125 0.669297075 0.1435480375 0.6688232015625 0.14201465156249998 0.679653453125 0.1580609609375 0.6869880875 0.1932975890625 0.6959062046875 0.2058048296875 0.68984241875 0.2081198921875 0.6844611406250001 0.222237759375 0.6834764578125
0 0.162334865625 0.6184069531249999 0.2084465828125 0.62730414375 0.2224656859375 0.6215320703125 0.2085153828125 0.6103633375 0.1716938765625 0.6016692328125 0.1550161484375 0.6042792546875 0.15489585781249998 0.6106138265625 0.162334865625 0.6184069531249999
0 0.23988247031249998 0.5533675765625 0.22524925625 0.5415372625 0.21139771875000002 0.535155921875 0.19627912187500002 0.532238809375 0.1642637421875 0.5334788984375 0.162704609375 0.53900603125 0.166729059375 0.5434912484375001 0.173313371875 0.5463511265625 0.2104269515625 0.5529823265625 0.2200092390625 0.5511225093750001 0.23988247031249998 0.5533675765625
0 0.24723158281250002 0.49597610156250005 0.2501565390625 0.49177213125 0.24483928437500002 0.485448025 0.2309877453125 0.47906668437500005 0.22915806875000003 0.475534759375 0.2254514375 0.47428975468749995 0.2165520625 0.476811153125 0.192461071875 0.4769311671875 0.183634715625 0.47893683906250006 0.1726393328125 0.4852923359375 0.18051645 0.48999110625000003 0.231309784375 0.4987319796875 0.24723158281250002 0.49597610156250005
0 0.26128108437500003 0.4186848546875 0.236528709375 0.40702132031250005 0.18993160781250001 0.4070373328125 0.1842019875 0.4091107 0.1827158734375 0.4141221078125 0.18598439375 0.4184614703125 0.21751439218750002 0.426134584375 0.23633961874999998 0.4302967015625 0.252772546875 0.4239307421875 0.2645496046875 0.4230242171875 0.26128108437500003 0.4186848546875
0 0.21920268593749997 0.353875671875 0.20432889062499998 0.3547144984375 0.19582035312499999 0.3599603828125 0.19833294375 0.36415389062500003 0.20650213437499998 0.36678975468749997 0.2344715375 0.3721864125 0.254611096875 0.36706545468749996 0.25829198125 0.3630073421875 0.252609634375 0.3592618640625 0.21920268593749997 0.353875671875
0 0.2587904546875 0.31012201250000004 0.2744201796875 0.30942903906249997 0.2783201203125 0.30382374687499997 0.2571283390625 0.2944366703125 0.21489503281250003 0.29105615 0.20441077968750002 0.2938015625 0.2023147734375 0.2976356625 0.20694911718750003 0.3032981875 0.2150452890625 0.3064497765625 0.227677040625 0.31047650312499997 0.250573990625 0.3133049921875 0.2587904546875 0.31012201250000004
0 0.25962405624999996 0.23292985000000002 0.2482851078125 0.23074201562500002 0.225388159375 0.2279135265625 0.21519597968749998 0.22859603437499998 0.210076253125 0.23184671093749998 0.2103210546875 0.23560265 0.2196370125 0.24110885781250002 0.2535078171875 0.2487038125 0.27942848593749997 0.252115725 0.2843291578125 0.2504122265625 0.25962405624999996 0.23292985000000002
0 0.2508538421875 0.1687194671875 0.23168926875 0.1724391015625 0.231032103125 0.1770806390625 0.23437364375 0.18090427343749999 0.24481062343749999 0.18397770625 0.27353595625 0.18952021875 0.2928465671875 0.18476913125 0.292674784375 0.18049746718749998 0.2776034609375 0.171761509375 0.2508538421875 0.1687194671875
0 0.3041171484375 0.11065040156249999 0.2815122734375 0.10575900625000001 0.26081009375 0.10388381093750002 0.2482040875 0.10516020468750001 0.24527913125 0.109364175 0.2477187046875 0.1140734078125 0.26898350312499997 0.1229447578125 0.295904903125 0.1302584640625 0.3157266421875 0.1218972953125 0.316310790625 0.117771484375 0.3041171484375 0.11065040156249999
0 0.3045683484375 0.0635839171875 0.31610060624999997 0.058921453125 0.30758785 0.0477422578125 0.2903475015625 0.043356125 0.261209803125 0.0462110875 0.25089733125 0.053228168750000006 0.2516790078125 0.058677142187499996 0.254410653125 0.06132346875 0.2649936703125 0.0633654484375 0.29127943125 0.064198728125 0.3045683484375 0.0635839171875
0 0.6489494421875001 0.2969235265625 0.639586209375 0.2972361640625 0.6398567578125001 0.306295221875 0.6599747890625001 0.312296228125 0.6694840578125001 0.310952140625 0.6690932187499999 0.3082276515625 0.6646306578125001 0.306836790625 0.6580206000000001 0.29867379375 0.6489494421875001 0.2969235265625
0 0.326470834375 0.5615976390624999 0.35636446093749996 0.5588885328125001 0.3451715515625 0.555669246875 0.3266856703125 0.543625378125 0.29644847812499997 0.5377911546874999 0.28496349374999996 0.5366347734375 0.27386934687500003 0.538202878125 0.27026148125 0.5417452671875 0.2719451234375 0.5463086453125 0.2824808671875 0.5541694671874999 0.31422992031249997 0.560295403125 0.326470834375 0.5615976390624999
0 0.423809346875 0.6529636390625 0.451048565625 0.6635175578125 0.4791382609375 0.662579646875 0.46733545625 0.6581830531249999 0.45777469687499994 0.648920903125 0.453432428125 0.6411954734374999 0.45355271875 0.634860903125 0.44977306875 0.634131625 0.4339973078125 0.6358560468750001 0.4113194125 0.6314803796875 0.39842133281250003 0.6348196796875001 0.396424090625 0.6434411703125 0.4160309921875 0.6530522624999999 0.423809346875 0.6529636390625
0 0.4178910703125 0.585065015625 0.4301792578125 0.5805484062499999 0.44576171093749994 0.5856742796875001 0.46870593125 0.582683925 0.4713388125 0.580542859375 0.469582153125 0.576495209375 0.448609428125 0.565560953125 0.4210308609375 0.5628887828125 0.400964321875 0.5674940140625 0.406161284375 0.5801526921875 0.4090389671875 0.5817675671875 0.41515942499999997 0.5824186859375 0.4178910703125 0.585065015625
0 0.5963588750000001 0.6957935015625 0.6153301375 0.6989241671875 0.62562108125 0.70302905 0.642590884375 0.698356125 0.6393953828125001 0.6935010359375 0.6301524421875 0.687479103125 0.63149251875 0.6834991484375 0.6404649124999999 0.6804620234375001 0.6336615453125 0.679149321875 0.6246161328125 0.682702171875 0.5782123390625 0.6758678859375 0.5741406171875 0.6772015125 0.5734834515625 0.68184305 0.5780447750000001 0.688021303125 0.5963588750000001 0.6957935015625
0 0.5342312437500001 0.6080425046875 0.5428385453125 0.607584009375 0.549495878125 0.609928165625 0.55790986875 0.61631996875 0.5724185734375 0.6180597718749999 0.5908056890625 0.6253162453125001 0.6029005671875 0.6276499359375001 0.6372094828125 0.6321505328125 0.645889803125 0.6311763140625 0.6364750796875 0.6208827140625 0.6137714390625 0.611203928125 0.6000916843749999 0.6090942515625 0.5972870218749999 0.6069636515625 0.5820954046875 0.6045622671875 0.5751717453125 0.609584134375 0.546055575 0.6013171359375 0.5330844765625 0.6051721624999999 0.5342312437500001 0.6080425046875
0 0.75247125625 0.7285642453125 0.7793196375 0.7363936796874999 0.8083843171874999 0.7340544437500001 0.8025559328125 0.7313404171875 0.7981406453125001 0.7241307140625 0.7770949015624999 0.7137121875 0.74807749375 0.7102325781250001 0.73181213125 0.7044451234375 0.72547261875 0.705341184375 0.7194509250000001 0.7094774562499999 0.7242570500000001 0.7194116484374999 0.7345479953125 0.7235165328125001 0.7385724453125 0.7280017515625 0.75247125625 0.7285642453125
0 0.8054897593750001 0.666739240625 0.8011474906249999 0.659013809375 0.81177778125 0.6552369421875001 0.8120698546874999 0.6531740375 0.799365084375 0.6496630390625 0.7871714437499999 0.6425419578125 0.7670534109375 0.63654095 0.7476440375 0.6365046453125001 0.7337709718750001 0.64124526875 0.731821003125 0.6440479140625001 0.7419443828125 0.6603062140625 0.8155616484375001 0.6723913015625 0.8054897593750001 0.666739240625
0 0.7960066718750001 0.5801390765625001 0.7706958953124999 0.5779044718749999 0.7548686421874999 0.5690226593750001 0.7481640374999999 0.5724973515625 0.7317783828125 0.5730444671875 0.7284883343749999 0.57982706875 0.7317568546875 0.58416643125 0.75568028125 0.596199834375 0.7705068046875 0.6011798515625 0.7908438921875 0.6056336796874999 0.8207117734375 0.597621453125 0.7960066718750001 0.5801390765625001
0 0.7758802015625 0.5412879046875 0.791655965625 0.53956348125 0.8060916499999999 0.5418190109375 0.8195738765625 0.5343539015625 0.8198402046875 0.526987878125 0.8250329484375 0.5232214749999999 0.8009892328125 0.51752264375 0.778045009375 0.5205129984375 0.7611954984375 0.518851353125 0.7553198421875 0.521956175 0.75300478125 0.5273374515625 0.7554443515625 0.5320466859375 0.7640773984375 0.5368913109375 0.7758802015625 0.5412879046875
0 0.785118925 0.5308847578125 0.785776090625 0.5262432203125 0.7809226921875 0.522127871875 0.772023315625 0.524649271875 0.776975478125 0.5335520109375 0.7813650203125 0.5354585984375 0.785118925 0.5308847578125
0 0.7671315171875001 0.46595555937500005 0.7770316234375 0.4673359578125 0.7855916515625 0.472696309375 0.7873225671874999 0.47144084062499997 0.8167308125 0.4776449359375 0.8344822890625 0.478420984375 0.8380171375 0.47539432187499997 0.8382347875 0.468372115625 0.843622246875 0.46323044218750004 0.8100435156250001 0.4535725828125 0.7702240375 0.44959817500000004 0.765396384375 0.45078594687500007 0.7607405140625 0.456245384375 0.7615221890625 0.4616943578125 0.7671315171875001 0.46595555937500005
0 0.44294904218750003 0.457446140625 0.4541676984375 0.465968546875 0.4642138421875 0.466317490625 0.48033316875 0.4731363984375 0.4986687953125 0.469786634375 0.5155183046875 0.471448278125 0.5204189765625 0.46974478125 0.52078406875 0.46716615 0.5117344375 0.4542939203125 0.4930295015625 0.44379723125000003 0.488420903125 0.4434378234375 0.48056953281250003 0.44404217187499995 0.47274390625 0.44994964218750005 0.45023779375000006 0.44984563906249997 0.442704240625 0.45369020156250006 0.44294904218750003 0.457446140625
0 0.5302549359375 0.411243696875 0.522841675 0.40875368749999996 0.5189632609375 0.4032370171875 0.5237909140625 0.40204924531249997 0.5218151984375 0.3995487734375 0.5034280812499999 0.3922923 0.48740751875 0.3902607828125 0.4718508109375 0.39043802968749997 0.44951648125 0.39460569218749997 0.44788432968749997 0.40064855312500003 0.45251867343749996 0.406311078125 0.463784603125 0.409014640625 0.5302549359375 0.411243696875
0 0.49012564062499997 0.5301266124999999 0.46603043125 0.51382154375 0.44757029531250003 0.5070807937499999 0.42664906093750005 0.5067527765625 0.41857863437500004 0.5089043046875 0.4166286640625 0.51170695 0.41967812968749996 0.5175934921875001 0.442600825 0.5257251000000001 0.45072274375 0.534179809375 0.45745309218749997 0.536008234375 0.47539788125 0.5299339859375001 0.49012564062499997 0.5301266124999999
0 0.621343828125 0.5686903562500001 0.6281142749999999 0.568407259375 0.66199225625 0.57229489375 0.6603086140625 0.567731515625 0.6493347578125 0.5629650500000001 0.6373601734375 0.5542967890625 0.59824513125 0.5398620015625 0.5789817937499999 0.5387942406249999 0.5831050078125 0.5480668515625 0.606809378125 0.5616474328125001 0.6143471500000001 0.5742279531250001 0.621343828125 0.5686903562500001
0 0.18060925781249998 0.851342909375 0.18972768906249998 0.8472743296875 0.21230681875 0.84686260625 0.21289096718749997 0.8427367968749999 0.20864746093750003 0.8397987578125001 0.1644857125 0.82809891875 0.1408328328125 0.825124575 0.125765728125 0.8328136984375 0.12276775468750001 0.8375333953125 0.124451396875 0.8420967734374999 0.131572584375 0.8466496859375001 0.1404977046875 0.8494314078125 0.18060925781249998 0.851342909375
0 0.1550110609375 0.7743489203125 0.16481662187499999 0.7873670046875 0.1710316234375 0.776380434375 0.19856291718750002 0.7848714515624999 0.2107050671875 0.78138629375 0.224676896875 0.7814330640625 0.2126292921875 0.77328053125 0.2113107421875 0.7661385203125 0.20653036249999998 0.7615074468749999 0.18187675 0.7546313062500001 0.1488133671875 0.75778844375 0.1443765515625 0.761700703125 0.1443292796875 0.7675195484375 0.1550110609375 0.7743489203125
0 0.32384086875 0.8599059062500001 0.30674655624999997 0.854488321875 0.2959187375 0.8486904031250001 0.24878476093750002 0.847013378125 0.2413972453125 0.8498264890625 0.2396920765625 0.8563850765625001 0.2472041015625 0.8636624765625 0.2739794640625 0.872007634375 0.30243425 0.8684910921875 0.3209889328125 0.86359415 0.32384086875 0.8599059062500001
0 0.4028526265625 0.8942244578125 0.4224337828125 0.8985324312499999 0.4428911609375 0.8966516875 0.4590577609375 0.89765175 0.454934546875 0.8883791390625 0.4427666515625 0.8865611765624999 0.42611045000000003 0.8780492359375 0.39428837968749997 0.872439025 0.36878429375 0.87705471875 0.3676159984375 0.8853063390625 0.372177321875 0.8914845921874999 0.3802734953125 0.8946361812499999 0.4028526265625 0.8942244578125
0 0.528852325 0.9312514875 0.5420682234374999 0.931152403125 0.559454609375 0.9345070812499999 0.574891025 0.94066440625 0.58981209375 0.934006734375 0.599175325 0.9336940968749999 0.59807583125 0.925004909375 0.5750801171875 0.9173890265625 0.5681522390625 0.905985815625 0.5474027859375 0.9099294640625001 0.5329671015625 0.9076739328125001 0.5224828484375 0.9104193468749999 0.5063677390625 0.9200255234375 0.522633103125 0.9258129765625001 0.528852325 0.9312514875
0 0.6791278859375 0.9284580437500001 0.68449663125 0.9453883875000001 0.700542940625 0.952723021875 0.7255616421875 0.9570205312500001 0.7416809703125 0.9638394390625 0.743568684375 0.955991534375 0.7566493109375 0.9513629203124999 0.7587453187500001 0.9475288234375 0.755476796875 0.943189459375 0.7416252609375 0.9368081203124999 0.734113234375 0.92953071875 0.7249690578125 0.9282961765625 0.7102670453125 0.9334066703125 0.70073203125 0.9294476421875 0.7007062859375 0.924144525 0.695977396875 0.9301196890625001 0.6791278859375 0.9284580437500001
0 0.7235433062500001 0.8835166125 0.7420764609375 0.8897416359375001 0.7468783671875 0.88325074375 0.7611422703125 0.881234609375 0.7710896484374999 0.8767961625 0.7835496171874999 0.8765512187500001 0.780281096875 0.8722118578125 0.76189398125 0.8649553828125001 0.7281692125 0.8563289749999999 0.7091979484375 0.853198309375 0.6963728875 0.856021884375 0.6971545640625 0.8614708578125001 0.6937657515625 0.8634660671875001 0.6993278078125 0.8735461156250001 0.7235433062500001 0.8835166125
0 0.7600259015625 0.8068450953124999 0.7798518578125 0.81490900625 0.7911650609375 0.8117937203125001 0.81223233125 0.8110902859375001 0.79086876875 0.7974315453124999 0.7789929453125 0.793550675 0.767237415625 0.7833352359375 0.75560639375 0.78321030625 0.747119384375 0.777334228125 0.7240291234375 0.7813560359375 0.719519290625 0.785784021875 0.7244714531249999 0.7946867609375 0.749906740625 0.8070118765625001 0.7600259015625 0.8068450953124999
0 0.6399491312500001 0.7608943984375001 0.6216607796875 0.758425315625 0.5898859796875 0.7469962609375 0.580179184375 0.73876556875 0.5567968515625 0.74485028125 0.560847046875 0.7546386171874999 0.57984405625 0.7630723984375 0.5920119515625 0.7648903625 0.6172754546875 0.7729438125 0.64868094375 0.770526415625 0.6399491312500001 0.7608943984375001
0 0.5520932734375 0.8493759359374999 0.5564828171875 0.8512825218750001 0.5635525125 0.8452292 0.5888160171875 0.8532826484375 0.6100293234375 0.8515477609375001 0.6069798578125 0.8456612187499999 0.5912986421875 0.8357479546875 0.5934676671875 0.8313981281249999 0.5914919515625 0.82889765625 0.5788859453125 0.8301740499999999 0.5457710703124999 0.8227249515624999 0.5346039046875 0.8248087828124999 0.5318249859375 0.8279813015625 0.5517024359375 0.8466514500000001 0.5520932734375 0.8493759359374999
0 0.36920131093749997 0.7918349499999999 0.3700817515625 0.8020713171875 0.382421428125 0.8081609484375001 0.40312360781249995 0.81003614375 0.41078167031249996 0.8162820906249999 0.41895085937500004 0.81891795625 0.44567473125 0.816656878125 0.4362857546875 0.8116663984375 0.43921071093749997 0.8074624281249999 0.4474271734375 0.8042794484375 0.4472553921875 0.8000077828125001 0.4269913234375 0.7950382281249999 0.41940627968750005 0.788276553125 0.4141877890625 0.7867398375 0.401972621875 0.79074071875 0.375149984375 0.7882144046875 0.36920131093749997 0.7918349499999999
0 0.3263838578125 0.792580240625 0.3297469234375 0.7852819140625 0.3171151703125 0.7812551875 0.3108229328125 0.776332403125 0.28504830000000003 0.7718890390625 0.2626409515625 0.7765724296875 0.2598620328125 0.779744946875 0.2613996375 0.785339775 0.2891027140625 0.7981024578125 0.30566015156250004 0.8018270062499999 0.3123390109375 0.7930491953125001 0.3263838578125 0.792580240625
0 0.2867880859375 0.7102363609375 0.3042474890625 0.713075315625 0.317562153125 0.7177636203125 0.33187332812500003 0.709928640625 0.34386944218750004 0.7074749390624999 0.34438057031249997 0.703864853125 0.34028310156249997 0.6998953609375 0.3449389734375 0.694435925 0.3373066546875 0.69349309375 0.33362577031249996 0.697551209375 0.32638429062499996 0.6993328671875 0.280491628125 0.6888884953125001 0.273155603125 0.7023078421875 0.27725307187500003 0.7062773328125 0.2867880859375 0.7102363609375
0 0.414269678125 0.7258269015625001 0.44062845937499995 0.72614445625 0.45125874843749997 0.722367590625 0.4659134890625 0.723075940625 0.4665706546875 0.7184344031250001 0.463375153125 0.713579315625 0.4507434015625 0.7095525921875 0.440551221875 0.7102351 0.42089704531249994 0.7064428546875 0.39317244375 0.7048021375 0.3838349578125 0.7104178921875001 0.3838607046875 0.7157210125 0.3893239953125 0.7210136671875 0.414269678125 0.7258269015625001
0 0.3117899140625 0.64883354375 0.33224729218750004 0.6469527984375001 0.34597432031249997 0.643243628125 0.3572617765625 0.634825228125 0.35370118281249996 0.6325487703125 0.32400086250000004 0.6284075796875 0.30790728125 0.6268917921875 0.29908092656249996 0.6288974625 0.28932685625 0.6264856140624999 0.2820123578125 0.6287829968749999 0.2781854375 0.633872565625 0.2827467609375 0.640050815625 0.2900139859375 0.643572278125 0.3117899140625 0.64883354375