0 0 0.11104524687499999 0.0052056796875 0.111025021875 0.0251037578125 0.10605882343749999 0.0495285359375 0.0984559953125 0.058470524999999995 0.08125051718750001 0.0376762578125 0.0858724078125 0.0320835171875 0.0887459890625 0 0.0942749765625 0 0.11104524687499999
0 0 0.1807315265625 0.015778001562499998 0.182047459375 0.04695965 0.17511679062500002 0.0694128421875 0.1608866984375 0.0686915734375 0.156699021875 0.059626276562500004 0.1570834484375 0.059253745312499995 0.1501007671875 0.05045892187499999 0.1520555703125 0.049581129687499996 0.1565986640625 0.04132725625 0.1616942234375 0.01812900625 0.1619589546875 0.0015192046875 0.166737771875 0 0.1680956734375 0 0.1807315265625
0 0 0.26527473437500004 0.005676509375 0.2679914921875 0.035890207812500005 0.2650804578125 0.05355811875000001 0.25680546406250004 0.0592330859375 0.2511961140625 0.0532638515625 0.2454573984375 0.0415294890625 0.2448045734375 0.0396480578125 0.2387007703125 0.018252976562500002 0.24943468906250002 0.0122956359375 0.24858481718749997 0.0027914406249999997 0.251240790625 0 0.2537619265625 0 0.26527473437500004
0 0.1328718125 0.085909975 0.1644140953125 0.0810731421875 0.18607965312500002 0.071909603125 0.1879135 0.0584580296875 0.1840842734375 0.055504653125000004 0.14001999375000002 0.0647552125 0.12457035624999999 0.071450159375 0.1263735234375 0.081919346875 0.1328718125 0.085909975
0 0.122091628125 0.1486344140625 0.1139279125 0.15425343281249998 0.11936809374999999 0.1617402375 0.1264855953125 0.1645062359375 0.1465758875 0.16547580312500001 0.17305051875 0.16013485 0.19497465625 0.1476528453125 0.19541355 0.145381296875 0.190255740625 0.1443537171875 0.1799520171875 0.1471874 0.16812749531249999 0.14601111718749998 0.15346549062499998 0.1476395078125 0.1486564171875 0.14381692031249999 0.15175248125000002 0.13769377968750002 0.1461557734375 0.1389377453125 0.14349860625 0.14278934062499998 0.13586394531249998 0.146660271875 0.122091628125 0.1486344140625
0 0.1357483578125 0.24147569687499998 0.1521897390625 0.24053880468750002 0.1679098515625 0.23541423749999998 0.18567981718749998 0.23255154843749998 0.2047664703125 0.2228742171875 0.205295525 0.2211261296875 0.1955991171875 0.21784634062500002 0.1726713421875 0.21968144843749998 0.16732131875 0.21271810468750002 0.1571979109375 0.21659870468750003 0.131985496875 0.22926808906249999 0.1301397546875 0.23783081875 0.1357483578125 0.24147569687499998
0 0.255909190625 0.0580192578125 0.291978175 0.05054579218750001 0.30138031718749997 0.042477515625000004 0.2934513875 0.035000381250000004 0.294239021875 0.029933828125 0.2484855234375 0.0390163484375 0.23943212187500001 0.044289618749999995 0.23739416875 0.046916584375 0.2404357609375 0.0549365171875 0.255909190625 0.0580192578125
0 0.2354019203125 0.14138466875 0.27742824375 0.1347610734375 0.284431796875 0.1272259265625 0.30182923281249996 0.11738055624999999 0.29133329375 0.11427847499999999 0.258889428125 0.11388071250000001 0.2289581 0.12325096875 0.224184715625 0.13409491406250001 0.2250863 0.1393295078125 0.2354019203125 0.14138466875
0 0.246887721875 0.22253054687499998 0.2639602125 0.22525786874999998 0.276662525 0.2218910609375 0.292304378125 0.22113187656250002 0.296019653125 0.21378410625000002 0.3083613328125 0.2083234578125 0.3057705328125 0.2029208234375 0.270747759375 0.202009271875 0.2609849875 0.20798370937500002 0.24801219843750003 0.2097801421875 0.241267225 0.213996825 0.242168809375 0.2192314171875 0.246887721875 0.22253054687499998
0 0 0.33433945781249996 0.003017465625 0.344128828125 0.01253355625 0.3463617 0.027375878125000003 0.34578022656249996 0.0677010890625 0.3340997484375 0.07390511250000001 0.32674230937500004 0.089444909375 0.32057082187499997 0.0741517953125 0.31853499687500003 0.05754199375 0.32331381718749996 0.0431385671875 0.3216237421875 0.028037665625000003 0.32552368125000003 0.0181847328125 0.330974659375 0 0.3318839484375 0 0.33433945781249996
0 0.1436682828125 0.32210619375 0.15789139218749998 0.322749346875 0.19546927812499998 0.31439700312499996 0.20503983906249998 0.302486803125 0.2221786953125 0.295959896875 0.20306825 0.2958595390625 0.19905870781249999 0.29185924375 0.19248215625 0.29223399843750003 0.1743634515625 0.29789169531250004 0.1700170671875 0.3015752484375 0.1580241265625 0.3042408890625 0.1484178765625 0.301484559375 0.138823521875 0.303617075 0.12853169375 0.3113396 0.1301426484375 0.31587302500000003 0.1436682828125 0.32210619375
0 0.2499274390625 0.3028362203125 0.258193209375 0.3026295046875 0.289645334375 0.2972692140625 0.31165962812500003 0.285310665625 0.3156453796875 0.2795332765625 0.3219514578125 0.277588140625 0.313505371875 0.27674793750000004 0.300983375 0.28116166875 0.2937757140625 0.277872209375 0.278235915625 0.28404369375 0.26134374375 0.282363290625 0.25263907812499997 0.28484155312500004 0.2474931625 0.2887028171875 0.2443188375 0.2991913421875 0.2499274390625 0.3028362203125
0 0.281245415625 0.35935415000000004 0.33001671250000003 0.348513871875 0.3238790546875 0.34661708125 0.3259051140625 0.339101271875 0.3382467921875 0.3336406234375 0.3344175671875 0.3306872453125 0.3294400734375 0.3307065828125 0.315769809375 0.3380930296875 0.30617545625 0.3402255421875 0.2875039078125 0.33785363749999997 0.2862654828125 0.3403028921875 0.2774706578125 0.3422576984375 0.27462127812500003 0.340173528125 0.27089410625 0.34263245468750003 0.2606141734375 0.35524382499999996 0.26782183593750003 0.358533284375 0.281245415625 0.35935415000000004
0 0.1555572953125 0.3863139890625 0.1836309828125 0.38061761875 0.197301246875 0.3732311734375 0.19924904375000002 0.3700807484375 0.1979085640625 0.3671177015625 0.17825716875 0.36387658749999996 0.163955796875 0.3675988171875 0.1515120625 0.3676471609375 0.1343732078125 0.3741740671875 0.13287620312499998 0.3799417890625 0.1359059 0.383072875 0.1555572953125 0.3863139890625
0 0.017575540625 0.409373875 0.0381948859375 0.4085953546875 0.055964851562499994 0.405732665625 0.0700859046875 0.4009635171875 0.0832934796875 0.3860709296875 0.0821333171875 0.384154803125 0.0703206921875 0.3878673640625 0.0625839765625 0.3863259921875 0.037437929687499996 0.389741146875 0.0314023265625 0.3932566609375 0.011233775 0.396652478125 0.0039597468750000005 0.4026172484375 0.007969290625 0.4066175453125 0.017575540625 0.409373875
0 0.0549731078125 0.3999746125 0.053452310937500004 0.395964646875 0.049893559375 0.3945816453125 0.0452766984375 0.3966948234375 0.046448757812500005 0.40349979375 0.051426251562500004 0.40348045624999995 0.0549731078125 0.3999746125
0 0.05694904375 0.47508174218750004 0.0808447671875 0.46922699999999995 0.1132529453125 0.45495823125 0.103568434375 0.45656728593749996 0.0842776734375 0.45542000937499993 0.0805386046875 0.452990090625 0.0367448015625 0.463811028125 0.026092339062499997 0.46943971875 0.0347306390625 0.47621568437499995 0.05694904375 0.47508174218750004
0 0.1427272578125 0.44677655156249996 0.16601566875 0.4470352828125 0.1973776328125 0.44115153124999995 0.21151058437499998 0.441271228125 0.21158884687500001 0.43690584218749995 0.19602525625 0.43329964062500004 0.1910358671875 0.42843013281250003 0.17628370468750001 0.4295350671875 0.16179011875 0.42732153281249996 0.153085453125 0.429799796875 0.136487546875 0.43946745781249996 0.13818866093749999 0.44452434218750003 0.1427272578125 0.44677655156249996
0 0.25938029687499997 0.42519635468750006 0.2763507328125 0.422511378125 0.31914089687499997 0.4010435390625 0.3241728609375 0.3868811296875 0.3059521046875 0.387126521875 0.29992839843749997 0.3955308796875 0.25774555 0.41088524218750005 0.248613884375 0.42052389687499997 0.2516435828125 0.423654984375 0.25938029687499997 0.42519635468750006
0 0.37285901093749996 0.41410468749999996 0.406168771875 0.4050705109375 0.42498495 0.393822803125 0.4254238453125 0.39155125625 0.42408336562500004 0.3885882078125 0.40844151249999994 0.389347390625 0.40532165937500003 0.38569284375 0.4055683421875 0.3774855328125 0.401312115625 0.381692546875 0.40159448593749997 0.38815177031250003 0.3912125 0.3953508359375 0.363319128125 0.4020941265625 0.3562254171875 0.409105815625 0.356946684375 0.413293490625 0.37285901093749996 0.41410468749999996
0 0.2854567296875 0.4753807765625 0.31948775937499996 0.470534275 0.3341378671875 0.4640170390625 0.33608566562500003 0.4608666140625 0.32079255 0.458830790625 0.3048019609375 0.4623849796875 0.295376028125 0.46067556718749997 0.2831126109375 0.46177083124999996 0.2768966921875 0.46423942656249995 0.27042219375 0.47002648750000003 0.27096314375 0.47316724375 0.2854567296875 0.4753807765625
0 0.1880161890625 0.5024736328125 0.2182179921875 0.4946737546875 0.21829625468749997 0.49030837031249996 0.2055701515625 0.4838974921875 0.1760658234375 0.4861073578125 0.1529696265625 0.4917843921875 0.15210373125 0.5012163296875001 0.171574809375 0.5034105249999999 0.1880161890625 0.5024736328125
0 0.0527153953125 0.5314596125 0.0794604984375 0.5276890375 0.0982885734375 0.5213301718750001 0.0975673078125 0.5171424984375 0.08723979062500001 0.5101984921875 0.063344065625 0.5160532359375 0.046012996875 0.516644378125 0.0375788046875 0.5206930187500001 0.0369714890625 0.5268064921875 0.03982086875 0.5288906609375 0.0527153953125 0.5314596125
0 0.0430715796875 0.5863224921875 0.0839377421875 0.57778276875 0.10924031249999999 0.56563684375 0.10381202812500001 0.5630388859375001 0.0919994015625 0.5667514453125 0.0753777046875 0.56664141875 0.0698592609375 0.56352 0.0522815078125 0.5723184515625 0.037799818750000005 0.574993765625 0.0342529640625 0.578499609375 0.0348058109375 0.5865292078125 0.0430715796875 0.5863224921875
0 0.053843003125 0.6295822453125 0.0734825015625 0.6279345140625 0.10439367656250001 0.6194334671874999 0.11042927656249998 0.6159179546875 0.1040211453125 0.6124507859375 0.095845534375 0.6131809625 0.0860589671875 0.6093777125 0.060203549999999995 0.6134940375 0.04546328125 0.6194878125 0.0419164265625 0.62299365625 0.0434372234375 0.6270036234374999 0.053843003125 0.6295822453125
0 0.055236074999999996 0.690687959375 0.0640427953125 0.693622 0.07870479999999999 0.691993609375 0.1010014671875 0.6864942843749999 0.1144914140625 0.678060921875 0.1081615453125 0.6702283671875 0.0766192625 0.6750651984375 0.056372446875 0.6828264015625 0.05291575 0.6868557046875 0.055236074999999996 0.690687959375
0 0.17943615625 0.5625350546875 0.213298765625 0.5615304812499999 0.22422170156250001 0.5574721703125001 0.23149572968749998 0.5515074015625 0.228285715625 0.5473293953125 0.21602229999999997 0.5484246578125 0.205784940625 0.5420041125 0.1929924703125 0.5448474625 0.18507543906249999 0.5422591734375 0.172463284375 0.5461494421875 0.162081296875 0.553348509375 0.1612936609375 0.5584150640625001 0.17943615625 0.5625350546875
0 0.297531515625 0.5503067421875001 0.335818771875 0.5412532296875 0.3503668265625 0.5293236890624999 0.3514249375 0.5258275140625 0.344307434375 0.5230615125 0.31560263437499997 0.5250936687500001 0.3100841921875 0.5219722515624999 0.2883403703125 0.535501175 0.2762572703125 0.5376433578125 0.2704921453125 0.54272925 0.2746820046875 0.5477764656249999 0.297531515625 0.5503067421875001
0 0.308591746875 0.5952433109374999 0.3298184078125 0.58835131875 0.3371707 0.5780211625 0.33210304687500003 0.577517040625 0.318871678125 0.582631940625 0.2937256328125 0.58604709375 0.2803922109375 0.5857496921875 0.2749758203125 0.5880405765625001 0.27313007968749997 0.5966033046875 0.27668882968749997 0.597986303125 0.308591746875 0.5952433109374999
0 0.1745293765625 0.6217800328124999 0.2117466265625 0.6113338515625 0.222489246875 0.6062286234375 0.227004053125 0.5987031421875 0.215269690625 0.59805031875 0.186396471875 0.6039243984375 0.1755636921875 0.6085061703125 0.1682896671875 0.6144709390624999 0.1667926609375 0.6202386625 0.1745293765625 0.6217800328124999
0 0.1854147484375 0.6753409328125 0.219794515625 0.667699425 0.2351421015625 0.6555921765625 0.2062569859375 0.6565774156249999 0.1782734546875 0.6627972468750001 0.1695806859375 0.6701643515625 0.1679033640625 0.67488515625 0.1854147484375 0.6753409328125
0 0.2766631625 0.660494359375 0.3205471234375 0.6501968796875001 0.3274724140625 0.647027115625 0.33003942343750003 0.6426520625000001 0.3273584640625 0.63672596875 0.27139140156249997 0.6491656296875 0.267045015625 0.6528491843750001 0.2685658140625 0.6568591500000001 0.2766631625 0.660494359375
0 0.29751541718749996 0.7189054265625 0.317154915625 0.717257696875 0.330656759375 0.7137131765625 0.346984190625 0.7024751375 0.31134220625000003 0.7027882109375 0.27989008125 0.708148503125 0.278483234375 0.714439684375 0.2831119921875 0.7172153515625 0.29751541718749996 0.7189054265625
0 0.21738215468750002 0.7356294546875 0.23789944531249999 0.7294386296875001 0.24418173125 0.7177158046875001 0.24133235156250002 0.7156316375 0.2038327296875 0.719618596875 0.1909500984375 0.7219384875 0.18651355625 0.7250985828125 0.1812893796875 0.73332523125 0.18538908125 0.7378489874999999 0.21738215468750002 0.7356294546875
0 0.0611677484375 0.7540458859375 0.0820575671875 0.7548377453125 0.0976092609375 0.7535551015624999 0.10853219843749999 0.7494967906250001 0.12601979218749998 0.7401748796875001 0.1300957015625 0.7349209484375 0.113822740625 0.732015915625 0.0997918453125 0.737308521875 0.0749043765625 0.7374052125 0.0704559375 0.7356764625000001 0.06654844843749999 0.7370884703125 0.052439289062500005 0.7467464609375 0.054050243750000004 0.7512798875 0.0611677484375 0.7540458859375
0 0.076807721875 0.825572446875 0.11358607812499999 0.8173978125 0.1331898875 0.8010835500000001 0.0888432375 0.8038748874999999 0.074722184375 0.8086440359375 0.0618633453125 0.820741615625 0.0658728890625 0.8247419125000001 0.076807721875 0.825572446875
0 0.1984263578125 0.79908406875 0.207671975 0.7997465625 0.23983347031250002 0.793685103125 0.25359389062500004 0.7868221156249999 0.25269230625 0.7815875234375 0.24006825625 0.7805889484375 0.1986611453125 0.785987915625 0.19413444375 0.78862455 0.192907915625 0.7959626515625 0.1984263578125 0.79908406875
0 0.2986017015625 0.7782299296875 0.311225753125 0.7792285031249999 0.33166478125 0.7774030640625 0.347204578125 0.771231578125 0.35447860625 0.7652668078125 0.35152717187500004 0.7577703375 0.31989473125 0.7620837093749999 0.2984877515625 0.76792878125 0.2938708921875 0.7700419562499999 0.293972946875 0.7754542609375 0.2986017015625 0.7782299296875
0 0.317699 0.8312714890624999 0.336009915625 0.8315495546875 0.363025496875 0.829349359375 0.38255104375000004 0.8174004828125 0.352054975 0.8138522937499999 0.3180239453125 0.8186987953125 0.31225881875 0.8237846843750001 0.31316040312500004 0.8290192796875001 0.317699 0.8312714890624999
0 0.2525101125 0.8528263468749999 0.27096565781250004 0.8394847999999999 0.272372503125 0.83319361875 0.26516484375 0.8299041578124999 0.2271242703125 0.8307503625000001 0.21912897656250002 0.83252745625 0.21398306093750002 0.8363887203125 0.20761061718749999 0.847588084375 0.21846718906249998 0.8527840031249999 0.2525101125 0.8528263468749999
0 0.0970952359375 0.8710650703124999 0.13262326875 0.860450846875 0.1449530515625 0.8501013546875 0.1384547625 0.8461107265625 0.0945708015625 0.85640820625 0.09084362812499999 0.85886713125 0.0861604015625 0.8702345375 0.0970952359375 0.8710650703124999
0 0.091472859375 0.9348170921875001 0.1041870703125 0.9363391234374999 0.12622515625 0.934158265625 0.1622703484375 0.9169071109375 0.1546118953125 0.9110003546875 0.14812550156249998 0.911898571875 0.142787375 0.909824071875 0.1410743671875 0.89987834375 0.13556781874999999 0.9016457687500001 0.13203285781250002 0.91004045625 0.11871133281249999 0.9146318953125 0.1066282328125 0.916774078125 0.09551308124999999 0.9148966265625 0.08716905 0.9194687281249999 0.084794253125 0.9297795437499999 0.091472859375 0.9348170921875001
0 0.1107141609375 0.988694734375 0.15283064375 0.9825945968750001 0.1744962 0.9734310578125 0.1683585453125 0.9715342687499999 0.16371789375 0.9638697546874999 0.1602492984375 0.9630102140625001 0.13137608125 0.9688842953125001 0.118042659375 0.968586890625 0.10942814999999999 0.9715886140625001 0.0959382046875 0.9800219765625 0.09950885468750001 0.9862938218749999 0.1107141609375 0.988694734375
0 0.2405697671875 0.9136346578125 0.2811654515625 0.9035245578125 0.28763994843749996 0.897737496875 0.281760871875 0.8925222406250001 0.26140010625 0.8899822953125 0.23474515937499998 0.8942763296875 0.22525286093750002 0.9018211453125 0.2248258609375 0.9089815359375001 0.2405697671875 0.9136346578125
0 0.2405084078125 0.9614761796875 0.2822642578125 0.9532822078125 0.2969926296875 0.9423995875 0.3002690078125 0.9373233640624999 0.29830931562499996 0.93558494375 0.284176365625 0.93546525 0.24215004375000002 0.94208884375 0.2368238109375 0.9449031890624999 0.23170168906250002 0.9585421406249999 0.235530915625 0.9614955171874999 0.2405084078125 0.9614761796875
0 0.3398917359375 0.892645603125 0.3538324734375 0.8868295375 0.377018828125 0.8816759624999999 0.3862406515625 0.8725607671875 0.391657040625 0.8702698828125 0.3367361921875 0.8743245249999999 0.3268832609375 0.8797755046875 0.3235167203125 0.8843282671875 0.326107521875 0.8897309015625 0.3398917359375 0.892645603125
0 0.349655884375 0.9464557156250001 0.3907023640625 0.9389629109375001 0.395319221875 0.9368497359375001 0.39859560312500003 0.9317735140625001 0.36925969531249997 0.930141453125 0.34056679375 0.937062453125 0.3348016671875 0.9421483437499999 0.3360519875 0.9445879312500001 0.349655884375 0.9464557156250001
0 0.42402328593750005 0 0.423907625 0.0000257078125 0.407002903125 0.0098720765625 0.380786853125 0.011894565625 0.37324235 0.01628895625 0.359560190625 0.01878655625 0.3514985296875 0.0298178796875 0.3521296390625 0.033482096875 0.3608462 0.035892678125 0.37151055781250003 0.0351528328125 0.4050907953125 0.027689035937500002 0.4182320046875 0.022050678125 0.4426329921875 0.004670159375 0.427321053125 0 0.42402328593750005 0
0 0.35331717500000004 0.12713290625 0.39738145468749997 0.11788234375 0.43103995624999997 0.1060531625 0.4286294703125 0.101697446875 0.42445150624999994 0.10153907656250001 0.387841571875 0.105871784375 0.374237675 0.1040040015625 0.3507025828125 0.1119525828125 0.33925059218750003 0.1177589796875 0.34637999062499997 0.125413825 0.35331717500000004 0.12713290625
0 0.3539464078125 0.20308286406249998 0.364700925 0.20286647812499997 0.3980106859375 0.193832303125 0.4189549765625 0.1804810875 0.4177948140625 0.178564959375 0.40002485 0.1814276484375 0.391657025 0.17622206093749998 0.3775439015625 0.1842504390625 0.3511515 0.186855621875 0.3441479453125 0.19439077031250002 0.3458490609375 0.1994476546875 0.3539464078125 0.20308286406249998
0 0.37288655625 0.2793108890625 0.40859490625 0.269743584375 0.4394822875 0.25146484999999996 0.4336933703125 0.2467730546875 0.4255177578125 0.2475032296875 0.3835934890625 0.259539128125 0.36715210625 0.2604760203125 0.36360525 0.2639818640625 0.359709659375 0.27028271406250004 0.36097187656249996 0.277611146875 0.37288655625 0.2793108890625
0 0.37462836718750003 0.3376215984375 0.3832547703125 0.3395087203125 0.400675996875 0.3394410375 0.41266893906249996 0.336775396875 0.422082975 0.33359596406250003 0.43539260625000004 0.3241156796875 0.43325259687499995 0.3213303421875 0.41806153593750006 0.324706821875 0.40641733281250003 0.32457745781249997 0.39565091875 0.319905 0.384896403125 0.32012138437500004 0.3810671765625 0.3171680078125 0.36676580468750003 0.3208902359375 0.36223910312499996 0.323526871875 0.36528069531249996 0.331546803125 0.37462836718750003 0.3376215984375
0 0.3892509296875 0.4658981609375 0.42673865781250003 0.45702235625 0.44448482968749997 0.444381978125 0.41472192343750003 0.449910309375 0.3880550796875 0.4493155 0.3787312015625 0.45301839062499993 0.37412623749999996 0.4600204109375 0.375556875 0.46350691875 0.3892509296875 0.4658981609375
0 0.40768080624999997 0.51506466875 0.41852548125 0.5153717421875 0.453794934375 0.5080759859375 0.46950315312499996 0.4980625734375 0.46566203125000005 0.49022035312499995 0.45304987656250006 0.494110621875 0.4437141015625 0.4929246703125 0.40062966875 0.503044440625 0.3955739140625 0.5074291625 0.39611486406249996 0.51056991875 0.40768080624999997 0.51506466875
0 0.42498620625 0.57698158125 0.4617526640625 0.5639181015625 0.47133512343749995 0.5568967453125 0.4698143265625 0.5528867796875 0.46394714375 0.5525603671875 0.43498376875 0.5579109859375 0.424938621875 0.5574262046875 0.4193419171875 0.5586701703125 0.41499553125000005 0.5623537234375 0.4112921515625 0.5745903390625 0.41414153125000003 0.57667450625 0.42498620625 0.57698158125
0 0.43148950625 0.6195595015625 0.47066644999999996 0.6108517390625 0.47643157656249996 0.605765846875 0.4735703 0.598792834375 0.468953440625 0.6009060109375 0.4442462890625 0.60204961875 0.43323319375 0.6055844687499999 0.42543011093749994 0.6132973265625 0.4270410671875 0.6178307515625 0.43148950625 0.6195595015625
0 0.4328587890625 0.6708875296875 0.44317440937499997 0.6729426921874999 0.48616868281250003 0.6622994624999999 0.49762067343750005 0.656493065625 0.50329564375 0.6508837140625 0.4823156625 0.649568396875 0.4375420140625 0.6595201265624999 0.43230594062499994 0.6628579296875 0.4315183078125 0.6679244828125 0.4328587890625 0.6708875296875
0 0.4446933265625 0.7492384000000001 0.494005575 0.74153888125 0.5063353578124999 0.7311893875 0.5036543984375 0.72526329375 0.45761853124999996 0.727886590625 0.4473148078125 0.730720275 0.43676440000000005 0.7417612671875 0.4382851953125 0.74577123125 0.4446933265625 0.7492384000000001
0 0.4614458828125 0.8031257125 0.4696214921875 0.8023955359375 0.4952064359375 0.7967088343750001 0.509856546875 0.790191596875 0.520947903125 0.7822913625 0.50200588125 0.778349078125 0.4583923921875 0.7902169359375 0.45626427812500003 0.79232044375 0.45850634375 0.800518084375 0.4614458828125 0.8031257125
0 0.463368009375 0.8624833421875 0.469505665625 0.8643801328125 0.4867465765625 0.8632655296875 0.5182769640625 0.8535398546874999 0.5299756390625 0.839526146875 0.5155722109374999 0.8378360718750001 0.48377135000000004 0.84599136875 0.462634846875 0.853406821875 0.4601579953125 0.858305334375 0.463368009375 0.8624833421875
0 0.4955038359375 0.9189299375 0.5188705078125 0.91482328125 0.52836280625 0.9072784640625 0.5283509109375 0.9023896203125 0.524521684375 0.8994362421875 0.48728064218749995 0.9001047359375001 0.47537785625 0.9032938359375 0.467586671875 0.9158955390625 0.47319527499999997 0.9195404171874999 0.4955038359375 0.9189299375
0 0.5338424125000001 0.09081249375 0.5719493531250001 0.0807120625 0.5851807203125 0.07559716250000001 0.5908556875000001 0.0699878125 0.58942505 0.06650130625 0.5538732234375 0.0673378390625 0.543839975 0.0717419 0.5311257656249999 0.07021986875 0.5135361171875 0.074129475 0.5141791234374999 0.0826825359375 0.5093036828125 0.08811417656250001 0.5338424125000001 0.09081249375
0 0.5577719484375 0.17191002500000002 0.5605073796875 0.163693046875 0.571159840625 0.15806435624999998 0.5749652765625 0.15124004687499998 0.556293728125 0.1488681421875 0.53195910625 0.1569944328125 0.5241203375000001 0.15004075781249998 0.52165538125 0.159828115625 0.49929235 0.17458166718749998 0.5156554671875 0.178010159375 0.5459474296875 0.17073374218749998 0.5577719484375 0.17191002500000002
0 0.5223203015625 0.25044460625 0.5631864625 0.24190488124999998 0.5858318671875 0.23361055312499998 0.5895590375 0.2311516265625 0.5922043109375 0.22241118906250001 0.5969113296875 0.22082147187499998 0.5919338359374999 0.22084081093750002 0.587034603125 0.21649476406249998 0.5769230921874999 0.2252642078125 0.552576575 0.2285016546875 0.5499976703125 0.2279878640625 0.5496251390625 0.22100518125000002 0.531067540625 0.228934425 0.5174874375 0.23684432968750002 0.5151126421875001 0.2471551484375 0.5223203015625 0.25044460625
0 0.541326815625 0.3174184015625 0.5758086359375 0.3151892 0.5970352984375 0.30829720625 0.5974504031250001 0.2962479703125 0.5580812453124999 0.299019971875 0.553452490625 0.296244303125 0.5418201828125 0.30100378125 0.5310894562499999 0.31099785625 0.53527931875 0.3160450703125 0.541326815625 0.3174184015625
0 0.549284546875 0.37326051875 0.598686953125 0.36608445624999997 0.6023239640625 0.363102071875 0.5977615765625 0.351072175 0.570565678125 0.35222545312500003 0.54808869375 0.3566778578125 0.54365215 0.359837953125 0.5376403421875 0.3731311546875 0.549284546875 0.37326051875
0 0.539170665625 0.43300885312500004 0.5793274562499999 0.4251703 0.6000131671875 0.41513755 0.6041792359375 0.4104070765625 0.5959015703125 0.4057249484375 0.5529974546875 0.41689163906250004 0.5376379734375 0.42411004375 0.5344517515625 0.42970972500000004 0.539170665625 0.43300885312500004
0 0.5566637625 0.4835810875 0.5794112203124999 0.48069906093750003 0.6045453703125 0.47239506093749994 0.6094208078125 0.46696341874999997 0.6062107953125 0.4627854125 0.5818642781250001 0.4660228609375 0.5698594390625 0.4637996578125 0.55706696875 0.4666430078125 0.5510432625 0.47504736562499994 0.5520350046875 0.48080541875 0.5566637625 0.4835810875
0 0.56278764375 0.5528747765625 0.5843868359375 0.552965465625 0.601976484375 0.5490558578125 0.6341141875 0.533216709375 0.6228306156250001 0.5351811828125 0.602199375 0.5310708578125001 0.5815017671875 0.5362147640625 0.5624151140625 0.54589209375 0.55895841875 0.5499213984375 0.56278764375 0.5528747765625
0 0.61189390625 0.6066363921875 0.645293828125 0.5981256765625 0.653457540625 0.5925066546875 0.6373530015625 0.5857596968750001 0.614346965625 0.5919601906249999 0.5955069953125001 0.5934302109375 0.5926695109375 0.5962348859375 0.5894832890624999 0.6018345671875001 0.5918036140625 0.605666825 0.61189390625 0.6066363921875
0 0.6494461234375 0.6607921 0.645875475 0.6545202578125 0.6398279765625 0.6531469265625 0.6142311390625 0.6539447859374999 0.5855382359375 0.6608657859375 0.586451715625 0.6709892234375 0.5942785890625 0.673054053125 0.6494461234375 0.6607921
0 0.6178299609375 0.723037309375 0.652480203125 0.7169661796875 0.66037344375 0.70977678125 0.6493365546875001 0.7035339453125 0.6200125453124999 0.706790728125 0.5992247796875 0.7114111734375 0.598978096875 0.719618484375 0.6036068515624999 0.722394153125 0.6178299609375 0.723037309375
0 0.6045735515625 0.7762045640624999 0.6486497265625 0.771842846875 0.6605406140625 0.763764903125 0.6576793375000001 0.7567918890625001 0.6317218640625 0.7554959109375 0.6075556640625 0.759780275 0.5979732062500001 0.7668016328125 0.5999447953125 0.7734288953124999 0.6045735515625 0.7762045640624999
0 0.634232528125 0.8375496703125 0.6750986875 0.8290099484375 0.6765956921875 0.8232422265625001 0.6688470796875 0.8168120109375 0.6463582015625 0.8163755734375 0.641819603125 0.8141233640625 0.622630896875 0.8183883890624999 0.6185549875 0.823642321875 0.6215965812500001 0.831662253125 0.634232528125 0.8375496703125
0 0.6276065140625 0.8906547953124999 0.655962575 0.8914176453125 0.67302316875 0.889256125 0.6797681421874999 0.88503944375 0.679305453125 0.8775333015625 0.663561546875 0.87288018125 0.6353858046874999 0.8731642484375 0.6274806671875 0.875464803125 0.6225150703125 0.880372984375 0.6241379203124999 0.8897952546875001 0.6276065140625 0.8906547953124999
0 0.8392063359374999 0.8034041171874999 0.8474602093750001 0.7983085578125 0.8492276890625 0.7941112140625 0.8236189546875 0.7900202281250001 0.79483589375 0.79641776875 0.79317046875 0.8060274156249999 0.8070448406249999 0.8094655765625 0.8392063359374999 0.8034041171874999
0 0.8373775 0.855442984375 0.8486491734375001 0.8485896671875001 0.8382315 0.8411222 0.7972751796875001 0.8491384656250001 0.7938065859375001 0.848278925 0.788840990625 0.85318710625 0.788684465625 0.8619178765625 0.80237851875 0.8643091187499999 0.8373775 0.855442984375
0 0.8081538500000001 0 0.7931009515625 0.0103607875 0.7972125515624999 0.0197733890625 0.810726290625 0.0211177109375 0.8594975859374999 0.010277434375 0.88272574375 0 0.8081538500000001 0
0 0.667959253125 0.0501326984375 0.6772048703125 0.050795190625 0.7293427046875001 0.035402153125 0.7335870359375 0.026306293749999998 0.7191836078125 0.0246162203125 0.716244071875 0.022008590624999998 0.70869956875 0.026402984375 0.692787240625 0.0255917859375 0.6720896328125 0.030735692187500004 0.66694371875 0.0345969546875 0.6606614328125 0.046319778125 0.667959253125 0.0501326984375
0 0.8186295484375 0.0911029 0.8225489343750001 0.0945797390625 0.8310851781249999 0.0959434 0.8397898453125 0.0934651359375 0.8474364015625 0.0944830484375 0.8564898046874999 0.089209778125 0.8759489859375 0.086515128125 0.9059466796875 0.0678906453125 0.9032657203125 0.061964551562500005 0.8885135578125001 0.063069484375 0.8798871531250001 0.0611823625 0.8546628453125 0.068962903125 0.8461147046875 0.0627103953125 0.8361716124999999 0.067637915625 0.821329290625 0.0682193890625 0.8229521421875001 0.077641659375 0.8189663906250001 0.0834190484375 0.8186295484375 0.0911029
0 0.691888790625 0.1312302296875 0.6950988046875 0.1354082359375 0.7012364609375 0.13730502656250002 0.7134097203125 0.13568630312500002 0.71883800625 0.1382842625 0.7313481046875 0.1289816875 0.7463588484375 0.12455829062499998 0.7520338171875001 0.1189489390625 0.7770659140625 0.10523263593750001 0.7727076312500001 0.104027346875 0.730500990625 0.109604021875 0.7168307281249999 0.11699046718749999 0.7032387265625 0.120011528125 0.691888790625 0.1312302296875
0 0.7157162718750001 0.2069154578125 0.738632153125 0.20019150468750002 0.75027635625 0.20032087031249998 0.754971478125 0.19384231093749998 0.7734389203125 0.1853896078125 0.7840794843750001 0.174872075 0.7602739171875 0.18125027656249998 0.7513770390625 0.177792778125 0.7425822156249999 0.1797475828125 0.7138110515625 0.19103396718750001 0.7065251265625 0.19210989218750002 0.6981929906250001 0.2015708375 0.6982048875 0.20645968125 0.7157162718750001 0.2069154578125
0 0.8437192484375 0.1741165609375 0.8599922093749999 0.1770215921875 0.8923340218750001 0.172007053125 0.907128759375 0.151870203125 0.8977929843749999 0.15068425000000002 0.8824216078125 0.1530138109375 0.8656978562500001 0.14749148125 0.8543360218749999 0.153821340625 0.8413870265625001 0.1653954609375 0.84059939375 0.1704620140625 0.8437192484375 0.1741165609375
0 0.8764079234375 0.23859275468750002 0.9012715968749999 0.228718378125 0.9086357828124999 0.2232770671875 0.899119690625 0.22104419531250002 0.8451905843749999 0.23085689375000001 0.8405073578125 0.242224296875 0.8476248609375 0.2449902953125 0.8764079234375 0.23859275468750002
0 0.693429625 0.2895893671875 0.7031141375 0.2879803140625 0.7460063578125 0.27192478124999997 0.7566469234375 0.26140725 0.7534369078125 0.25722924375 0.7599114078125 0.2514421828125 0.7467583015625 0.25219169531249996 0.7424119171875 0.25587525 0.73450678125 0.258175803125 0.7171638171875 0.2538781015625 0.7172658703125 0.25929040468750003 0.710082 0.2657786359375 0.6852064312499999 0.27076416718749996 0.6830783171875 0.272867675 0.687111653125 0.28664565937500003 0.693429625 0.2895893671875
0 0.7155440984375 0.3553288671875 0.7738076953124999 0.336943775 0.77584565 0.3343168078125 0.7702370468749999 0.33067193125 0.7593923734375 0.33036485625 0.7551123546875 0.3247941828125 0.758388734375 0.319717959375 0.7550102984375 0.3193818765625 0.7487943828125 0.32185047187500004 0.739392240625 0.3299187484375 0.70359373125 0.3389625921875 0.692682690625 0.3479097484375 0.69251426875 0.3517516734375 0.7155440984375 0.3553288671875
0 0.8428139124999999 0.3134534515625 0.8593454515625 0.31304001718749996 0.8899980453125 0.3078574375 0.9097158078125 0.3018443234375 0.9275640328125 0.2946162484375 0.93492821875 0.28917493906249997 0.9132507671875001 0.293449634375 0.895919696875 0.2940407765625 0.8874736109375 0.293200575 0.8836443859375 0.2902471953125 0.8485552453125 0.298589871875 0.8418102734374999 0.3028065546875 0.83818515625 0.31067778281249997 0.8428139124999999 0.3134534515625
0 0.8492984296874999 0.384840978125 0.8995667296875001 0.3682329796875 0.904610590625 0.3589594109375 0.9031799515625 0.35547290625 0.8989118296875 0.35479107499999996 0.8594763078125001 0.366817303125 0.8425058734374999 0.36950228281249997 0.8325746781250001 0.379318646875 0.8403232875000001 0.38574886406250003 0.8492984296874999 0.384840978125
0 0.6961018234374999 0.40149965468750004 0.7031291671875 0.40374219375 0.7578578031250001 0.393751790625 0.7775636687499999 0.38284983125 0.777732090625 0.3790079046875 0.767248046875 0.38079466875 0.757022584375 0.379262965625 0.706291596875 0.38836482499999997 0.69785740625 0.392413465625 0.694581025 0.3974896875 0.6961018234374999 0.40149965468750004
0 0.75129753125 0.45205838125 0.7675467 0.4451857265625 0.7741113562499999 0.43992212343750003 0.7610246187499999 0.431417409375 0.7541894859375 0.43511063125 0.7358904671875 0.439721409375 0.7234467328124999 0.4397697546875 0.7159923890625 0.4446876046875 0.7101489984375 0.4541388796875 0.7329083546875 0.45614569843749997 0.75129753125 0.45205838125
0 0.8632134984375 0.4415329640625 0.8835623703125 0.4391840671875 0.9111852656250001 0.43087039687499995 0.9149124390625 0.4284114703125 0.9162291265625001 0.42159683125 0.9263525343750001 0.4177162296875 0.9243026828125 0.4154543515625 0.9158684921875 0.41950299375 0.904134128125 0.41885016875 0.876950128125 0.424892290625 0.8582122125 0.431774615625 0.8584044265624999 0.43771037812499997 0.8632134984375 0.4415329640625
0 0.8669031046875 0.49669324843749996 0.8939186859375001 0.4944930546875 0.919413471875 0.488282890625 0.921541584375 0.486179384375 0.9185118875 0.4830482984375 0.893883 0.4798265203125 0.878241146875 0.48058570312500004 0.863140246875 0.48448564375 0.8579041734375 0.48782344687499996 0.85791606875 0.492712290625 0.8669031046875 0.49669324843749996
0 0.727039921875 0.51364933125 0.7315785203125 0.5159015390625 0.7781315453125 0.5066413109375 0.7859465234375 0.503817296875 0.795787559375 0.4934774734375 0.7868906796874999 0.4900199734375 0.7898965859375 0.48337337343750003 0.7952228156250001 0.4805590296875 0.7871373625 0.48181266562499997 0.7760460046875 0.48971289999999995 0.7332320484375 0.50140305 0.7287053453125 0.504039684375 0.7263186546875 0.5094616546874999 0.727039921875 0.51364933125
0 0.7400890953125 0.57977325625 0.7830952640625 0.5740188703125 0.7971261625 0.5687262640624999 0.804490346875 0.5632849531249999 0.8037690812499999 0.559097278125 0.7909647140625 0.557051784375 0.7381056109374999 0.5682571515625 0.7332301703125 0.5736887921875 0.7339514375 0.5778764671875 0.7400890953125 0.57977325625
0 0.8806497562500001 0.5572271625 0.9097934484374999 0.552923459375 0.935198075 0.5461898374999999 0.9282489937499999 0.5395819140625 0.9148254124999999 0.5387610484375001 0.8773376875000001 0.5476368515625001 0.87255240625 0.5535919546875 0.8738027265625 0.556031540625 0.8806497562500001 0.5572271625
0 0.879565978125 0.6232313921875 0.9162541734375 0.6145332984375 0.9338319281249999 0.6057348453125 0.9288425359374999 0.6008653390625 0.9300809624999999 0.5984160828125 0.9258128390625 0.597734253125 0.8832574624999999 0.606105934375 0.863629859375 0.6126425078125 0.8586642609374999 0.617550690625 0.8594756859375 0.622261825 0.879565978125 0.6232313921875
0 0.75302431875 0.635596034375 0.760670875 0.6366139453125 0.803677046875 0.6308595609375 0.8239119640625001 0.6182095140625 0.8126164984375001 0.61528514375 0.7850718624999999 0.619233428125 0.768450165625 0.6191234015625 0.75414879375 0.6228456312499999 0.7481131921874999 0.62636114375 0.746526028125 0.6316054062500001 0.75302431875 0.635596034375
0 0.8844157484374999 0.6803078046875 0.89508010625 0.6795679609375 0.925281909375 0.67176808125 0.93815264375 0.6645593453124999 0.9350208906249999 0.65601595625 0.8799316203125 0.663912521875 0.8734571234375 0.669699584375 0.87435870625 0.674934178125 0.8844157484374999 0.6803078046875
0 0.752015509375 0.70973608125 0.7545944140625 0.710249871875 0.7765185515625 0.697767865625 0.7881508609375001 0.6930083875 0.810537684375 0.6880325218750001 0.8147939125000001 0.683825509375 0.8124735859375001 0.6799932531249999 0.8082956203125 0.6798348812499999 0.7527674546875 0.6900029953125 0.750999975 0.6942003406249999 0.755911103125 0.7034352296875 0.752015509375 0.70973608125
0 0.8046719187500001 0.7474906515625 0.822171409375 0.7430575828125 0.8377894703125 0.7325207125000001 0.8403564781249999 0.728145659375 0.83670756875 0.7262392 0.8123610515624999 0.7294766453125 0.77505364375 0.73939936875 0.7714285249999999 0.747270596875 0.7777464984375 0.75021430625 0.8046719187500001 0.7474906515625
0 0.91347429375 0.7140679359375001 0.9098372796875 0.7170503218750001 0.9143877734375 0.7241913734375001 0.9299513625 0.7277975765625 0.9542978796874999 0.7245601296874999 0.9703007609375 0.7172354765625 0.9705981687499999 0.7099365828125 0.9613678 0.7077707531249999 0.94519689375 0.7102780234375 0.932663 0.7098029078125 0.91347429375 0.7140679359375001
0 0.9308817484375 0.781397153125 0.9368390890624999 0.7822470234375001 0.967967628125 0.7744946546875 0.9686126125 0.75866560625 0.932264803125 0.7653282796875 0.9271188890625 0.7691895453125001 0.92598251875 0.7770511046874999 0.9308817484375 0.781397153125
0 0.9219710984375 0.8453365515625 0.9385026375000001 0.84492311875 0.965373771875 0.8381524375 0.9659258328125 0.824603903125 0.9280730671875 0.8325668078125 0.9204384046874999 0.836437740625 0.9164526531250001 0.8422151328125 0.9219710984375 0.8453365515625