0 0.0900443671875 0.0877865625 0.1134830984375 0.07507394218749999 0.11844800468750001 0.051130079687499996 0.12128498437499999 0.031616629687499995 0.11955757656249999 0.014507184375000001 0.1117239078125 0.0083363625 0.10503159375 0.015170776562499998 0.102133375 0.0578840890625 0.0953795609375 0.07431212968749999 0.0910619484375 0.079160340625 0.0900443671875 0.0877865625
0 0.17571885625 0.028321051562499998 0.1727276125 0.04460609375 0.1748560578125 0.06738815625 0.1706927109375 0.075464775 0.1663133390625 0.076300375 0.16529575624999998 0.0849265984375 0.1722040921875 0.085333203125 0.1727593984375 0.0942342265625 0.17695375468750002 0.09496703125 0.1886419828125 0.0729981796875 0.19224976875 0.0424142984375 0.1892887578125 0.02669005625 0.18555693906249998 0.0220362421875 0.1807457796875 0.021996037500000003 0.17571885625 0.028321051562499998
0 0.25880417499999997 0.0452381453125 0.25044672968750004 0.0661881953125 0.25664575625 0.06807160625 0.258496421875 0.07960003593750001 0.2647572078125 0.08549605625 0.2696916234375 0.0799552453125 0.2760136484375 0.0626514 0.275766359375 0.032994721875 0.269536321875 0.022301890625 0.2646326578125 0.023045889062499998 0.25898893125 0.0300635046875 0.2573545484375 0.0393823296875 0.25880417499999997 0.0452381453125
0 0.1051266859375 0.1504489375 0.09464079375 0.148616928125 0.08964488125 0.16375136562499998 0.08508126875000001 0.20697407812500002 0.088381303125 0.2107520890625 0.1014269109375 0.2090294921875 0.10821147187499999 0.187804640625 0.1097220796875 0.15685435781249998 0.1051266859375 0.1504489375
0 0.1703239734375 0.146632765625 0.1697999359375 0.1601474015625 0.1667776859375 0.1676230203125 0.16326188749999998 0.170210225 0.16261433593750002 0.1756996390625 0.16831981875 0.172694634375 0.17257593437500002 0.17744005000000002 0.172483684375 0.1918304875 0.1748586453125 0.20345052031250002 0.1731317546875 0.213553546875 0.17467388749999999 0.2186251609375 0.176863575 0.2182073609375 0.1868864109375 0.196747909375 0.189414859375 0.170777640625 0.1863920921875 0.1510407859375 0.18293779375000002 0.144034365625 0.1750116171875 0.138647746875 0.1703239734375 0.146632765625
0 0.24543282500000002 0.1967228796875 0.24598838750000002 0.219230140625 0.250213753125 0.2287723671875 0.2518791453125 0.22826296875000002 0.2594347734375 0.20957392187499999 0.26042134687499996 0.192138275 0.263844378125 0.1767290375 0.2630730515625 0.16058699375000002 0.25890944375 0.155057375 0.250674996875 0.156820175 0.24080642343749997 0.1815080359375 0.23803094374999997 0.1914278609375 0.24543282500000002 0.1967228796875
0 0.0913131140625 0.312910565625 0.09495165312500001 0.2775298734375 0.09032525 0.262315028125 0.08212155 0.2592810171875 0.07974685000000001 0.2612672203125 0.0754909953125 0.2701280421875 0.0712666640625 0.315010759375 0.07617032968750001 0.3142667609375 0.0843432796875 0.32209758593750004 0.0913131140625 0.312910565625
0 0.17267076875 0.29911197500000003 0.174859678125 0.257875465625 0.171775409375 0.2477322359375 0.1665324640625 0.24681623125000002 0.156355103125 0.2514410375 0.15021835 0.28078271250000003 0.1539506859375 0.312649 0.1580835453125 0.32297543125 0.1659784546875 0.3059463875 0.17267076875 0.29911197500000003
0 0.23814557656250002 0.2929431953125 0.24264898124999998 0.3273452890625 0.24823120625 0.3299213 0.2523327984375 0.3178320703125 0.2591793765625 0.3142260640625 0.25831554375 0.2988682234375 0.2603199578125 0.286412590625 0.25587856875 0.2696293421875 0.2521467484375 0.2649755296875 0.24690380156249997 0.264059525 0.24344976406250002 0.2706593390625 0.24301823437499998 0.2833897734375 0.23814557656250002 0.2929431953125
0 0.3346726265625 0.0552918140625 0.3323906921875 0.07010005312499999 0.33553671875 0.0842558921875 0.3325454765625 0.100540934375 0.3361232890625 0.11557257812499999 0.340594909375 0.10034653906249999 0.34719471562500004 0.0942963265625 0.3545340640625 0.054760025000000004 0.353577725 0.0401863859375 0.350400946875 0.030827359375000002 0.3380028921875 0.027060540625 0.339020990625 0.045646790625 0.3346726265625 0.0552918140625
0 0.3310661328125 0.1539068765625 0.32452808437499997 0.1639697 0.323417996875 0.1733801234375 0.327119065625 0.1828307515625 0.32573145625 0.1945937828125 0.3225549390625 0.1988409921875 0.31885438593750004 0.21660283749999998 0.319162915625 0.22305965468750003 0.3235115375 0.22702086875 0.325578225 0.24579031875 0.330234859375 0.22899587812500002 0.340967265625 0.2196658578125 0.3453151125 0.1828083609375 0.3432176734375 0.1688357234375 0.3356922765625 0.155515484375 0.3310661328125 0.1539068765625
0 0.31777608125 0.27564139375 0.3162342046875 0.284176015625 0.31962700312500003 0.3007760625 0.315155384375 0.31600210156249997 0.3191339765625 0.3231001234375 0.31608097343749997 0.335372553125 0.31777737500000003 0.3436725765625 0.319041728125 0.337490559375 0.3243154234375 0.333609753125 0.333813965625 0.3120587015625 0.3358488703125 0.2812000203125 0.335201059375 0.273083196875 0.331037453125 0.26755358125 0.32104510468749997 0.27060998281250004 0.31777608125 0.27564139375
0 0.391841846875 0.2909826625 0.38786325312500003 0.2838846421875 0.376514046875 0.2939072625 0.374478625 0.2975534703125 0.376822575 0.3003640796875 0.37580499375 0.3089903015625 0.3735228015625 0.310192303125 0.377779175 0.32854395625 0.37666908593750004 0.337954378125 0.370809596875 0.3513372125 0.3713031421875 0.356225625 0.374603175 0.3600036359375 0.3787047671875 0.3479144078125 0.3858906234375 0.34596840625 0.388388840625 0.3520074234375 0.394031790625 0.3041710984375 0.391841846875 0.2909826625
0 0.387875740625 0.20305004062499998 0.3930881953125 0.22236909531250001 0.3961414546875 0.2237029 0.39904045 0.221808296875 0.404899940625 0.2084254640625 0.40761340312499994 0.18088679218749998 0.402400946875 0.1615677375 0.3990084078125 0.1585739265625 0.3934879390625 0.160010528125 0.3888313046875 0.1768049703125 0.39006516874999997 0.189026003125 0.387875740625 0.20305004062499998
0 0.4016588203125 0.0589914640625 0.3988215828125 0.06489867656250001 0.3980510328125 0.08957534218749999 0.4003642328125 0.09718276406250001 0.39792803593750004 0.10876259375 0.39993270625 0.10991319687500001 0.4132248265625 0.097028571875 0.4164628421875 0.0831877359375 0.417449415625 0.06575209062500001 0.4160920375 0.045505834375 0.4123909671875 0.036055207812500004 0.40804234531250005 0.0320939953125 0.40292291562500004 0.039203209375 0.4016588203125 0.0589914640625
0 0.406593753125 0.0806631234375 0.41069560312500003 0.08218013125 0.4137796140625 0.07871712187499999 0.4132860671875 0.0738287078125 0.40647023750000005 0.0726379015625 0.40486660468749996 0.07715991250000001 0.406593753125 0.0806631234375
0 0.48149439687499995 0.1079933515625 0.4847939125 0.0845588921875 0.48362154999999996 0.06274423125 0.47606540312499995 0.0542208046875 0.47162453437499996 0.06465003124999999 0.4654880390625 0.1075979421875 0.46826377656249996 0.111284353125 0.471379053125 0.1302370046875 0.470793259375 0.13973903125 0.48149439687499995 0.1079933515625
0 0.452271209375 0.20149487187499998 0.45270325468749995 0.2159769125 0.4580079578125 0.220905528125 0.46315865624999997 0.2362119703125 0.46744552031250003 0.2361605734375 0.465872378125 0.2222795359375 0.46843157656249995 0.19151245625 0.4657788375 0.1686387921875 0.4630956046875 0.164168178125 0.45794516874999996 0.1624679703125 0.450142765625 0.178712809375 0.44860088906250006 0.18724743125 0.452271209375 0.20149487187499998
0 0.45566555937500003 0.29973233593750004 0.45655962343749995 0.2830808921875 0.454246425 0.2754734703125 0.450853884375 0.2724796609375 0.44231116249999997 0.28139188125 0.431548525 0.322731184375 0.42390013125000003 0.3285981953125 0.42553503125000003 0.34649184375000003 0.4389506671875 0.341632440625 0.45566555937500003 0.29973233593750004
0 0.44453366718750004 0.385027159375 0.440771615625 0.41238262968750006 0.43475786093749996 0.4225370546875 0.4283738171875 0.42222204999999996 0.42467300625000004 0.42637765937500005 0.4327224421875 0.42618326250000005 0.436639275 0.42926867187499995 0.43750310625 0.4446265125 0.44055636875 0.44596031875 0.44274605468750006 0.44554251875000006 0.45187456875 0.4271282765625 0.4573327609375 0.3944665921875 0.4548960453125 0.378833946875 0.45070168749999995 0.3781011421875 0.44453366718750004 0.385027159375
0 0.497825409375 0.32790763749999996 0.4959752609375 0.3435916765625 0.49955307656250003 0.35862331875 0.5024520703124999 0.35672871562499997 0.507355478125 0.3423784796875 0.5086193140625 0.3089839921875 0.50494899375 0.294736553125 0.501803225 0.29418694843750004 0.496776303125 0.3005119625 0.49498765625 0.306602378125 0.49517292812499997 0.3186402078125 0.497825409375 0.32790763749999996
0 0.524469340625 0.1973011015625 0.5203054734375 0.17816524843749998 0.51111494375 0.178960646875 0.5079079359375 0.2016109046875 0.5087720265625 0.23057498281250002 0.5163899328125 0.24311102031249998 0.520676796875 0.243059621875 0.5252406656249999 0.213443146875 0.524469340625 0.1973011015625
0 0.5303585453124999 0.1246965109375 0.5345529015625 0.12542931562499998 0.5388702578125 0.1069748703125 0.5398258203124999 0.0807297984375 0.5359704859375001 0.0680507625 0.5336265359375 0.0652401546875 0.5276742796875 0.06580095312499999 0.524559521875 0.0740607734375 0.5257626328125 0.0910786203125 0.5224631171875 0.11451307968749999 0.5303585453124999 0.1246965109375
0 0.576773475 0.1031922796875 0.5785933890625 0.11951752499999999 0.576157190625 0.1310973546875 0.5792722078125 0.1364437703125 0.5886164859374999 0.111664309375 0.5928100671875 0.0715784046875 0.59216225625 0.0634615828125 0.58420533125 0.062871778125 0.5811213203125 0.0663347859375 0.5799804828124999 0.08054202187500001 0.5731341624999999 0.0977542625 0.576773475 0.1031922796875
0 0.62466955625 0.1235657609375 0.6247930703125 0.131590984375 0.628864171875 0.137904803125 0.631701409375 0.131997590625 0.6368820796875 0.1016885109375 0.6364807828125 0.082409659375 0.632872221875 0.0721748296875 0.628770371875 0.0706578234375 0.6256863609375001 0.07412083124999999 0.6213072484375 0.0885626671875 0.619919896875 0.113931934375 0.62466955625 0.1235657609375
0 0.70053723125 0.0928007234375 0.696743653125 0.084134296875 0.6927343109375 0.0818330890625 0.6891260078125 0.08520449687500001 0.6835750484374999 0.10504414531249999 0.6820644390624999 0.135994428125 0.690422403125 0.14225685 0.6973304812500001 0.12905721718750002 0.7004449828125 0.1071911609375 0.70053723125 0.0928007234375
0 0.5674429890625 0.21857767187500002 0.5659628718749999 0.2311249046875 0.5733340046875 0.2412167359375 0.573519278125 0.25325456874999996 0.5779604078125 0.256431578125 0.5830798374999999 0.2493223625 0.5859478250000001 0.23861833593749998 0.5834490921875 0.2053668453125 0.577527328125 0.18752459375 0.572623659375 0.1882685921875 0.5666099046874999 0.198423015625 0.5640812000000001 0.21078704843749999 0.5674429890625 0.21857767187500002
0 0.560634153125 0.33888107500000003 0.5615907515624999 0.36706095156249996 0.5650450499999999 0.374067371875 0.56837583125 0.37304857187499996 0.578614690625 0.3588301390625 0.5835793390624999 0.321280040625 0.578736915625 0.298824178125 0.5733397046875 0.29467976406249996 0.56892958125 0.3003121765625 0.5680662671875 0.3121668078125 0.5569948390625 0.333443059375 0.560634153125 0.33888107500000003
0 0.6139105390624999 0.355392375 0.614928378125 0.3603723890625 0.624334671875 0.35321177656249997 0.6289295484374999 0.3324047234375 0.62834298125 0.3010880375 0.62661583125 0.297584828125 0.6183813828125 0.299347628125 0.6166852406250001 0.304653840625 0.6183508921875001 0.317750678125 0.6175803421875 0.34242734375 0.6139105390624999 0.355392375
0 0.6347874859375 0.237384471875 0.6412325109375 0.2008933765625 0.6389193109375 0.19328595625 0.633398840625 0.1947225578125 0.6282794125 0.2018317734375 0.6248871312500001 0.21244420000000003 0.622081159375 0.240767075 0.623931825 0.25229550624999997 0.6308709125 0.2479052984375 0.6347874859375 0.237384471875
0 0.6819732265625 0.20480981250000002 0.67873546875 0.232256884375 0.68074065625 0.2606199609375 0.691072025 0.2456173265625 0.6950498406250001 0.21189663749999998 0.6927981375 0.19469559218750002 0.6883262593749999 0.1963153921875 0.6819732265625 0.20480981250000002
0 0.6854290749999999 0.29345365 0.6813272265625 0.29193664375 0.6781507078125 0.2961838546875 0.6716751921874999 0.351077996875 0.6777817125000001 0.3537456078125 0.6818218046875 0.351250003125 0.68422725625 0.34446698750000004 0.6898394531250001 0.301427475 0.6854290749999999 0.29345365
0 0.74630900625 0.308091925 0.74310148125 0.30352971093750003 0.7370567171875 0.30487471093749996 0.7350218140625 0.3357333921875 0.738384121875 0.3707364859375 0.7477594078124999 0.35476645 0.749856328125 0.341526615625 0.74945503125 0.3222477640625 0.74630900625 0.308091925
0 0.753679103125 0.26375880937499996 0.757657178125 0.2436443578125 0.7565463140625 0.212236075 0.7516733984374999 0.2081832609375 0.744117509375 0.2132660703125 0.7414652875 0.2176048796875 0.7405094640625001 0.2302437140625 0.7404484828125 0.2670498109375 0.742792434375 0.2698604203125 0.753679103125 0.26375880937499996
0 0.74257330625 0.099344565625 0.7447322421875 0.1037235765625 0.7471999671875 0.12816564375 0.7434376578124999 0.141914878125 0.7479715515625001 0.157913925 0.752720953125 0.1539415171875 0.76009156875 0.136820875 0.7629595546875 0.126116846875 0.7626200171875 0.1108506078125 0.75968975625 0.09032954843749999 0.7562354578125 0.0833231296875 0.7516093125000001 0.081714521875 0.7435601390625 0.0955151546875 0.74257330625 0.099344565625
0 0.8148024453125 0.1039602171875 0.8115644296875001 0.11780105468749999 0.8133848609375001 0.16133876875 0.8274170406250001 0.1421805265625 0.8316723796875 0.10610723281250001 0.829729209375 0.095363003125 0.8253805875 0.091401790625 0.8148024453125 0.1039602171875
0 0.8197394484375 0.2344817703125 0.8181355546875 0.22539754531249998 0.8144962437500001 0.2199595265625 0.8074028906249999 0.2211213265625 0.8052749625000001 0.22555173750000002 0.80422715 0.2661872453125 0.8065096 0.27859147968750003 0.811752546875 0.2795074859375 0.8170877421875 0.2660330515625 0.8197394484375 0.2344817703125
0 0.8060534671875 0.3713540328125 0.8105250875 0.3561279953125 0.8102162984374999 0.3360649421875 0.807933846875 0.3236607078125 0.804726321875 0.31909849375 0.79939086875 0.3189666890625 0.797787234375 0.3234887015625 0.7942409453125 0.3444789546875 0.7932546328125001 0.3755208359375 0.8009340375 0.37846325 0.8060534671875 0.3713540328125
0 0.8594026328125001 0.33825546875 0.8541596859375 0.3373394640625 0.849749565625 0.3429718765625 0.8484857296874999 0.376366365625 0.8551170625 0.4063380484375 0.8648623765625001 0.387231203125 0.8642450578125 0.3607113328125 0.8620858640625 0.34272608125000004 0.8594026328125001 0.33825546875
0 0.8653541109375 0.2968759609375 0.8765798046875 0.278828121875 0.8730324812499999 0.245393428125 0.8668024453125 0.2347005953125 0.8564400703124999 0.24089380781249997 0.8531710453124999 0.24592521875 0.852245971875 0.253767240625 0.8553307562500001 0.2911229421875 0.85930935 0.29822096249999996 0.8653541109375 0.2968759609375
0 0.8638396234375 0.12373269843750001 0.8582274249999999 0.1667722109375 0.8628228171875 0.1731776296875 0.8717355687499999 0.161128603125 0.8785198718749999 0.12629751250000001 0.8765767015625 0.11555328281249999 0.8658750453125 0.1200864890625 0.8638396234375 0.12373269843750001
0 0.925120075 0.116831115625 0.9214810218749999 0.12499933437499999 0.9244727828125001 0.13592676406249998 0.9236094671874999 0.1477813953125 0.9204639578125 0.1608380296875 0.9125687890625 0.16426083593750002 0.91139694375 0.16965865 0.9213585406250001 0.1713990578125 0.9239492640625 0.17665387500000002 0.9237334984375 0.183019090625 0.9303335640625001 0.190575115625 0.94359441875 0.1552748265625 0.9434706453124999 0.13364336875 0.9406639 0.121147534375 0.9350199140625 0.1145589140625 0.925120075 0.116831115625
0 0.9754843984375 0.18885913593749998 0.9766872531249999 0.1922707453125 0.9847059375 0.1968731625 0.9872041546875 0.20291217968750003 0.9939887171875 0.181687328125 0.99565333125 0.1403592171875 0.992137278125 0.12934018593750002 0.98559896875 0.1257967734375 0.978690890625 0.13899640468750002 0.9766247203124999 0.1474394265625 0.9782903703124999 0.1605362609375 0.9754843984375 0.18885913593749998
0 0.9289777375 0.251966278125 0.9219768921875 0.252343875 0.915531353125 0.261622496875 0.9140514921875 0.28777596562499996 0.9186471453125 0.30778762187500003 0.9243836375000001 0.3135920390625 0.9294105609375001 0.30726702499999997 0.935177025 0.267455921875 0.9289777375 0.251966278125
0 0.9646310640625 0.326226296875 0.9692879578125 0.323038090625 0.9784782296874999 0.3086364578125 0.9822400234374999 0.2676747515625 0.981746478125 0.2627863375 0.9784464453125 0.25900832500000004 0.965555103125 0.26395933125000004 0.96333466875 0.26917394375 0.96114575625 0.310410453125 0.9627188999999999 0.32429149062499996 0.9646310640625 0.326226296875
0 0.9204680953125 0.37853781249999996 0.9247547015625001 0.364880178125 0.920467578125 0.3513253390625 0.9148853515625 0.348749328125 0.9107527531249999 0.35202913593749996 0.9064043906249999 0.3616741578125 0.9080708156249999 0.41558970312500004 0.9097669546875 0.410283490625 0.9177853812500001 0.40127967187499997 0.9204680953125 0.37853781249999996
0 0.9754632234375 0.3614120703125 0.9729342593749999 0.3601698671875 0.9685241390625 0.3658022796875 0.9646695781249999 0.3939419515625 0.9692962390625001 0.42276303281249994 0.9739531328125001 0.41957482500000004 0.9755567656249999 0.4150528140625 0.9787017578125001 0.3747837078125 0.9754632234375 0.3614120703125
0 0.054629181250000006 0.44336371874999997 0.0616920421875 0.4606049703125 0.0762792671875 0.4367415125 0.0804733640625 0.42386808125000003 0.0843586734375 0.390931596875 0.08398838593749999 0.38046216718750003 0.08071910156249999 0.371887340625 0.077049040625 0.3712461375 0.06702594375000001 0.3790993546875 0.0659776125 0.392522390625 0.062431065625000004 0.3999064078125 0.06314089375000001 0.425642075 0.054629181250000006 0.44336371874999997
0 0.15571117031249998 0.4474177609375 0.1602448078125 0.4498105703125 0.1684169828125 0.4168226875 0.1729805921875 0.3735999734375 0.1705748828125 0.366776753125 0.1623094265625 0.35973013125 0.15777604843749998 0.370943559375 0.1523793546875 0.394011615625 0.1556178875 0.407383253125 0.15512511874999999 0.44331355156249996 0.15571117031249998 0.4474177609375
0 0.23120881718750003 0.41978953125 0.23022224531250002 0.437225175 0.2322269171875 0.43837577968749997 0.2432058359375 0.41788373281249996 0.2486640296875 0.3852220484375 0.24776944531249998 0.3746610203125 0.24335906562499998 0.366687196875 0.238208628125 0.36498698749999997 0.2315163140625 0.3718214015625 0.231671009375 0.397726871875 0.22522555312499998 0.41154090468750004 0.23120881718750003 0.41978953125
0 0.29896659531249997 0.45323745937500004 0.3041787921875 0.458950278125 0.318981778125 0.4287216046875 0.3247174953125 0.3937073140625 0.321818240625 0.38199568125 0.3144781171875 0.3807132734375 0.3086801265625 0.3845024796875 0.305596115625 0.3879654875 0.30636744375 0.40410753125000004 0.2988430796875 0.4452122375 0.29896659531249997 0.45323745937500004
0 0.36712334062499996 0.3835081109375 0.3649954125 0.387938521875 0.3628059859375 0.4019625578125 0.36610601875 0.4057405703125 0.3670006015625 0.4163015984375 0.3727063421875 0.4269028296875 0.3740327125 0.43833965937499997 0.372275071875 0.4532395 0.37523582499999997 0.45535750625000004 0.38319249375000003 0.442341078125 0.3853511703125 0.43311385312499995 0.38673878125 0.4213508234375 0.38501137343749997 0.4042413765625 0.382266384375 0.3957581515625 0.375327040625 0.3865421234375 0.36712334062499996 0.3835081109375
0 0.506215415625 0.39740442656249997 0.5026378609375 0.3959790203125 0.49622306875 0.4004608296875 0.493540096875 0.4095964515625 0.4968713953125 0.4357901234375 0.49449721249999995 0.4649888 0.5051061046875 0.4476335609375 0.5099782453125 0.410867665625 0.506215415625 0.39740442656249997
0 0.549887684375 0.48987309999999995 0.558121875 0.4745040625 0.561667903125 0.43990757187499996 0.560249025 0.42925494375 0.5546357937499999 0.417869509375 0.551490025 0.41731990625000004 0.54769670625 0.422259715625 0.5421770140625 0.464515028125 0.5443051999999999 0.4736908515625 0.5417764921875 0.48605488281250003 0.549887684375 0.48987309999999995
0 0.6052153625 0.456319840625 0.6029336890625 0.484734315625 0.6038590187499999 0.49049853125 0.6079608703125 0.49201553750000004 0.6138821171875 0.482645315625 0.6229486125 0.446612225 0.6215297343749999 0.4359595953125 0.6191857859375001 0.4331489859375 0.607528046875 0.43671479062499996 0.6043515296875 0.44096199843750006 0.603703978125 0.4464514140625 0.6052153625 0.456319840625
0 0.660976121875 0.4916735671875 0.6655089828125 0.4532476671875 0.6633500484375 0.4488686546875 0.6587239031250001 0.447260046875 0.65193908125 0.4548786640625 0.6495953875 0.465674290625 0.651014525 0.4899331578125 0.649410890625 0.49445516874999995 0.6565660015625 0.4973059796875 0.660976121875 0.4916735671875
0 0.7192338046875 0.465035128125 0.7161495375 0.4548919015625 0.7130962765625 0.45355809375 0.708192609375 0.45430209374999997 0.7054478796875 0.45942510625 0.70026746875 0.503340421875 0.703722025 0.5239530765625 0.708656440625 0.518412265625 0.7131898171875 0.5071988390625 0.7192338046875 0.465035128125
0 0.790383346875 0.46065815624999995 0.786281496875 0.4591411515625 0.7765051734374999 0.46943857343750006 0.7747782812499999 0.47954159843750005 0.7769379953125 0.524739321875 0.783044515625 0.5274069328125 0.791957265625 0.5153579046875 0.794454446875 0.46697197656249995 0.790383346875 0.46065815624999995
0 0.849320621875 0.49176467500000004 0.8491971062499999 0.483739453125 0.8463288625000001 0.48083724375000003 0.83803265625 0.4785874328125 0.83618225 0.4806652359375 0.8289971671874999 0.523429946875 0.8348264234375 0.5420564 0.8414569796875 0.531209375 0.8463603875000001 0.5168591390625 0.849320621875 0.49176467500000004
0 0.9102928015625 0.49201250781250006 0.9077945875 0.485973490625 0.9033534578125 0.48279648125 0.8987890703125 0.48520048437499996 0.8936699000000001 0.5059159375 0.8889210140625 0.53710081875 0.8920670421875 0.55125665625 0.9046498515625 0.5398488343750001 0.9109716203125 0.5089387546874999 0.9102928015625 0.49201250781250006
0 0.9650052312499999 0.540789271875 0.96663935625 0.5178642109375 0.9649426984374999 0.4959579515625 0.9607790890624999 0.4904283328125 0.949183109375 0.49800674687499996 0.9472712046874999 0.5096781781249999 0.9504484984375001 0.5462496765625 0.9537485296874999 0.5500276890625 0.958559690625 0.5500678921875 0.9650052312499999 0.540789271875
0 0.048880915625 0.5592125984375 0.0569001171875 0.5910274890625 0.053785359374999994 0.599287309375 0.05378561875 0.612893546875 0.05637608281249999 0.604542125 0.06568986875 0.5981657140625 0.07053126093749999 0.5661966296875 0.069328146875 0.549178784375 0.064794253125 0.5331797390624999 0.058595224999999994 0.53129633125 0.0519646671875 0.5421433546875 0.0522731984375 0.548600171875 0.048880915625 0.5592125984375
0 0.134803471875 0.570222478125 0.1376414875 0.6051339734375001 0.141219040625 0.6065593796875001 0.14615345625 0.6010185671875 0.1498232609375 0.588053534375 0.155836496875 0.5506866375 0.1506547921875 0.5265707703125 0.145812884375 0.5313273796875 0.1373316625 0.530645975 0.1352965 0.54789841875 0.138103246875 0.5603942546875 0.134803471875 0.570222478125
0 0.2207562625 0.5492230703125001 0.21526705937499999 0.57307533125 0.21952343437500002 0.591426984375 0.22584571874999998 0.5877293765625 0.23028658906250002 0.5773001515625 0.23808924999999997 0.574661546875 0.235714290625 0.5630415156249999 0.239753865625 0.5333334390625 0.234695675 0.5172427921875 0.222483153125 0.5391200453125 0.2131076078125 0.5414838453125 0.2207562625 0.5492230703125001
0 0.29782705 0.535475878125 0.2914432671875 0.5487671093750001 0.285553028125 0.566946753125 0.2924613640625 0.567353359375 0.29323243125 0.56988916875 0.29255438906250003 0.5937816296875 0.2849677515625 0.6036612515625001 0.289748159375 0.60849826875 0.29024170625 0.61338668125 0.29132104375 0.6087730703124999 0.299648 0.6062260671875 0.3016834203125 0.602579859375 0.3075119 0.5803876031249999 0.3117054828125 0.5403016984375 0.3077268890625 0.533203678125 0.29782705 0.535475878125
0 0.38091314375 0.5932116781250001 0.3795555078125 0.5593591875 0.3775815859375 0.5534117703125 0.37218437656250003 0.54926735625 0.363456640625 0.5597479796875 0.359971853125 0.5711446078125 0.363179378125 0.5757068234375 0.3645062640625 0.6143561265625 0.3763182671875 0.6140187312500001 0.38091314375 0.5932116781250001
0 0.43398937968749995 0.556063609375 0.421529825 0.5618904171875 0.41887760468749996 0.566229228125 0.416811690625 0.5882784859375 0.4184776 0.614981559375 0.4307831484375 0.6195325781250001 0.4333428625 0.61597796875 0.4353157515625 0.567500440625 0.43398937968749995 0.556063609375
0 0.48932636875 0.5532620671874999 0.4841451796875 0.5563586734375 0.47862497031249995 0.5714015125 0.47205668906250003 0.6134736203125 0.47751565781250005 0.62163064375 0.48174076406250005 0.6175666375 0.489481409375 0.5973091859374999 0.49305818749999997 0.5579158828125 0.48932636875 0.5532620671874999
0 0.5336988953125 0.62710845625 0.538540803125 0.6223518453125 0.5441225140625 0.597715384375 0.544615540625 0.5753913234375 0.5414080140624999 0.570829109375 0.5356407734374999 0.5698215046875 0.5279923796875 0.575688515625 0.5265122609375 0.5882357484375 0.5299358078124999 0.60003898125 0.5292577656249999 0.6239314453125 0.5336988953125 0.62710845625
0 0.6157348484375 0.6030236390625 0.613421390625 0.5818099796875 0.6101213578125 0.57803196875 0.6065130515625 0.5814033750000001 0.598957421875 0.600092421875 0.5960279359375 0.6203900734375 0.6021964718749999 0.64067653125 0.601425665625 0.6517469609375001 0.6136996875 0.620276084375 0.6157348484375 0.6030236390625
0 0.66643819375 0.663105428125 0.6713720921874999 0.6303521437499999 0.6683493234375 0.6106152890625001 0.66433998125 0.6083140796875 0.6591587921875 0.6114106859375 0.6566915843750001 0.6141810921874999 0.6571853890625 0.6326757421875 0.6534540875 0.6552344015625 0.6617505515625 0.671090446875 0.66643819375 0.663105428125
0 0.7220121296875 0.6047839046875 0.7181575703124999 0.6329235765625 0.72000849375 0.6580582453125 0.7219824140625 0.6640056609375 0.7285207203125 0.6675490734375 0.7349037296875001 0.613439134375 0.732066234375 0.6057401125 0.7220121296875 0.6047839046875
0 0.7844080359375 0.62288849375 0.7812005109375 0.6183262796875 0.773151078125 0.618520675 0.7707458875000001 0.638909928125 0.7705613890625 0.66769080625 0.7778400125 0.6785668375 0.784100540625 0.6708566203124999 0.7865054734375 0.63686113125 0.7844080359375 0.62288849375
0 0.8342419218750001 0.61958960625 0.8275186 0.6176145984375 0.821597353125 0.62698481875 0.819870721875 0.6506940828125 0.823818821875 0.676195153125 0.8309739328125 0.6790459640625001 0.8376969953125 0.6674147359375 0.8374494468749999 0.624151821875 0.8342419218750001 0.61958960625
0 0.8966650234375001 0.6937244421875 0.9008586031249999 0.6536385359375 0.89376499375 0.6411940984375 0.88556129375 0.638160084375 0.8808118921875 0.6421324921875 0.8785917156249999 0.6609533421875 0.8812749468750001 0.6654239546875 0.88402019375 0.6875134171874999 0.8911445546874999 0.6951610406250001 0.8966650234375001 0.6937244421875
0 0.9522709984375 0.6986372859375 0.9557250375 0.6920374703125 0.9560948093749999 0.6752944265624999 0.952424228125 0.64744075 0.951221375 0.644029140625 0.9417840734375 0.6423803296874999 0.937466459375 0.6472285390625 0.9360170921875 0.654978959375 0.9386390796875 0.6826494359375 0.9448383671875 0.6981390796875 0.9522709984375 0.6986372859375
0 0.8769291703125001 0.81113134375 0.8735989046875 0.839362615625 0.8802609875 0.8645374875 0.8842085703125001 0.8628260859375001 0.8883719187500001 0.8547494656250001 0.8910236234375001 0.823198184375 0.8862122078124999 0.8095517437499999 0.8769291703125001 0.81113134375
0 0.9445014140625 0.8189352015625 0.9407385875 0.805471965625 0.9321648578125 0.805574759375 0.9278472437499999 0.81042296875 0.9290500984375001 0.8138345796875001 0.9253808125 0.8540120859375 0.933800534375 0.8642871171875001 0.9393825015624999 0.8532568921875001 0.9445014140625 0.8189352015625
0 0.030069879687500002 0.6551712453125 0.026761362500000004 0.6567708624999999 0.0288532390625 0.7081092234375 0.033740715625 0.6966311578125 0.0368859671875 0.6699682874999999 0.0352820765625 0.6608840625 0.030069879687500002 0.6551712453125
0 0.095363034375 0.8274519421875001 0.0914772078125 0.8331759562500001 0.09622738593749999 0.8700222562500001 0.0913547265625 0.8795756796875001 0.0966901796875 0.8797074828125 0.0979855421875 0.882334890625 0.09616614531249999 0.89322211875 0.09783179374999999 0.90631895625 0.1101365671875 0.870051265625 0.115779515625 0.8222149390625001 0.11306527656250001 0.808934903125 0.1033812015625 0.8048418875 0.0940059140625 0.8208119249999999 0.095363034375 0.8274519421875001
0 0.10692645468749999 0.7294266875 0.1097947015625 0.7323288984375 0.112940725 0.7464847359375 0.12145269843749999 0.7423693296875 0.131228246875 0.6912532 0.129624353125 0.6821689734375 0.1251214671875 0.6749793515625 0.1142347953125 0.6810809640625 0.11096577187500001 0.686112375 0.10803628437499999 0.7064100265625 0.11047300156249999 0.7220426703125 0.10692645468749999 0.7294266875
0 0.18544893906249998 0.8303852031250001 0.17792380000000002 0.8306711984374999 0.17265010625 0.83455200625 0.1632128015625 0.832903196875 0.1641691421875 0.847476834375 0.16034507343749999 0.857213459375 0.1673769265625 0.8656452859374999 0.1623195125 0.89037335 0.16506450156250002 0.8988565734374999 0.16549654687499998 0.9133386124999999 0.17160306875 0.9160062234374999 0.18683784375 0.8866533515624999 0.1874851359375 0.867557703125 0.19174099218750001 0.8586968796875001 0.1899520859375 0.8511810593750001 0.19149396093749999 0.8426464390625 0.18927326718749998 0.8342548140625 0.18544893906249998 0.8303852031250001
0 0.19343584062500002 0.7853594859374999 0.1950704828125 0.7896468984375 0.2059876421875 0.765142240625 0.210922059375 0.7596014265625 0.2137282875 0.744884790625 0.22159244843749998 0.7326525609375001 0.2184774296875 0.727306146875 0.21881645156250001 0.7153599140625 0.216318234375 0.7093208953125 0.2118771046875 0.7061438843750001 0.2020082734375 0.717225509375 0.2004356484375 0.73055694375 0.194576159375 0.7439397750000001 0.19343584062500002 0.7853594859374999
0 0.272973059375 0.7280231781250001 0.2648316359375 0.7562142484375001 0.26381405468749997 0.764840471875 0.268131928125 0.773598496875 0.2643081171875 0.7969413578125 0.273560146875 0.7865523343749999 0.2799746796875 0.768464290625 0.285865178125 0.76389088125 0.284538809375 0.75245405 0.2887944046875 0.72998699375 0.28654270312499996 0.7127859453125 0.28173154375 0.7127457421875001 0.2732813328125 0.720873759375 0.272973059375 0.7280231781250001
0 0.2543488484375 0.9176570749999999 0.2726371421875 0.903244246875 0.274240259375 0.8715097625 0.2697063625 0.8555107171874999 0.2657895296875 0.85242530625 0.2608858609375 0.8531693046875001 0.250832015625 0.865819334375 0.2457743421875 0.8769411609375 0.2529297109375 0.893398209375 0.2522206609375 0.9084812484375 0.2543488484375 0.9176570749999999
0 0.32568236875 0.8572867531249999 0.3215815546875 0.9101946921874999 0.32475832968749996 0.9195537187499999 0.329353465625 0.912352903125 0.336508059375 0.8879912421875 0.339838325 0.85975996875 0.3363840265625 0.8527535484375001 0.32568236875 0.8572867531249999
0 0.3503211125 0.6983171421875001 0.34847070625 0.700394946875 0.3461272734375 0.7247968109375 0.3404835484375 0.7318144265625001 0.33514809375 0.7316826234375 0.341162365625 0.7487406734375 0.33971299843749997 0.7564910921875 0.33653648125 0.760738303125 0.337153540625 0.7736519375 0.3421804640625 0.7673269234375 0.34662159375 0.770503934375 0.3558736234375 0.7601149109375 0.36725306406249997 0.7180830046875 0.36783885625 0.70858098125 0.3642920515625 0.7023587625000001 0.3503211125 0.6983171421875001
0 0.4122504078125 0.7539573265625 0.405280571875 0.763144346875 0.40349192343749996 0.7692347609375 0.4041704828125 0.772554771875 0.408827378125 0.769366565625 0.4147488828125 0.77360258125 0.4161677609375 0.784255209375 0.42033136718749997 0.7897848265625 0.4227060671875 0.7877986234375001 0.43479455937499994 0.7306836765625 0.42890354531249997 0.7080446140625 0.42514097343749996 0.7081876109375 0.417461828125 0.7188514359375 0.4122504078125 0.7539573265625
0 0.3880739453125 0.8953996906249999 0.3913739765625 0.8991777015625001 0.3930703765625 0.9074777265625 0.3942734875 0.9244955734375001 0.392300084375 0.9457606265624999 0.3968952203125 0.9385598109375 0.40216865625000003 0.9210727671875001 0.406054225 0.9017425171875001 0.4079966203125 0.8716680390624999 0.4067010015625 0.8554343953125001 0.40349347656249995 0.8508721796875 0.3961226015625 0.8543865859374999 0.3926685609375 0.8609864015625 0.3880739453125 0.8953996906249999
0 0.4664406109375 0.9114923781250001 0.47760402968750004 0.862219453125 0.47757301874999997 0.8534100296875 0.47044866093750004 0.8457624062500001 0.4618134328125 0.855458825 0.46091936718750004 0.87211026875 0.45314823281249994 0.91077076875 0.454258578125 0.9149665796875001 0.45783613437500004 0.9163919859374999 0.4664406109375 0.9114923781250001
0 0.46825794062500004 0.791755259375 0.4769546671875 0.7724652140625 0.4811479890625 0.7187730718750001 0.4782179859375 0.7118582515625 0.4741161375 0.7103412453125 0.4694592421875 0.71352945 0.46634448281249996 0.7217892703125 0.4626136984375 0.771560403125 0.46517367187499997 0.7816120296875 0.464495371875 0.7918982578125 0.46825794062500004 0.791755259375
0 0.5143384421875 0.7757951484375 0.524053525 0.7886975890625 0.5285561515625 0.782280975 0.5336445750000001 0.766362334375 0.5357722453125 0.7483256875000001 0.5314541125 0.7259614265625001 0.5227571281250001 0.7316452359375 0.5186862875 0.7389376515625 0.5199201484375 0.7511586859375 0.517268184375 0.7691037328125 0.5143384421875 0.7757951484375
0 0.5185617984374999 0.9278018515625 0.5154470390625 0.9360616734375 0.5178834984375 0.938088078125 0.520658978125 0.9281682531250001 0.527228034375 0.9269148546875 0.5292634546875 0.92326864375 0.5345983921874999 0.8961879749999999 0.534813896875 0.8762165234375001 0.5305577828125 0.8714711078124999 0.524698034375 0.871247703125 0.5198563859374999 0.8896105515625001 0.5167111359375001 0.91627341875 0.5185617984374999 0.9278018515625
0 0.5847461765624999 0.9337625046875001 0.58659658125 0.9316847015624999 0.5900811109374999 0.9066818359375001 0.58946379375 0.8801619640625 0.5846216265625 0.8713123390625 0.5798104671875 0.8712721359375 0.5770657359375 0.8763951484374999 0.5747838015625 0.891203384375 0.575647634375 0.9065612281250001 0.5813536359375 0.9307686953125 0.5847461765624999 0.9337625046875001
0 0.573239859375 0.7908881171875 0.5666093015625 0.8017351421875001 0.5662085234374999 0.8096687625 0.5684289578125 0.80445415 0.574658734375 0.801540746875 0.5789766078125 0.8102987718750001 0.5881361296875001 0.8006939515625 0.5901097921875 0.7930351328125 0.59442663125 0.7473682140625 0.5917433984375 0.7428975999999999 0.5875490421875 0.7421647953125 0.5824603625 0.7444771968749999 0.580332434375 0.748907609375 0.573239859375 0.7908881171875
0 0.6569109703125 0.798303184375 0.6581437984375 0.7560992718749999 0.6556455828125001 0.7500602546875 0.651451225 0.74932745 0.6466093171875 0.754084059375 0.641028125 0.8059329953125 0.6443591671875 0.8185204296874999 0.648553525 0.8192532343750001 0.653148659375 0.8120524187499999 0.6569109703125 0.798303184375
0 0.6485548156250001 0.8872844171875001 0.64602585 0.8860422124999999 0.640659646875 0.8907072218750001 0.6357875078124999 0.9274731171875 0.6379774515625 0.9406615531250001 0.6451943203125 0.9475249765625 0.64920314375 0.9226137140624999 0.6504362328125 0.8940160359375 0.6485548156250001 0.8872844171875001
0 0.69833283125 0.9416019890625 0.7036375328125 0.9465306078125 0.7104838546875001 0.9293183640624999 0.7152634859375 0.8933366703125 0.7122407171875 0.873599815625 0.7075220671875 0.8727754109375001 0.703204453125 0.877623621875 0.698794590625 0.8968622703125 0.694940290625 0.93860818125 0.6960506359374999 0.9428039937499999 0.69833283125 0.9416019890625
0 0.7045915484374999 0.8386481187499999 0.7149536640624999 0.8188486718749999 0.7161864921875 0.7766447609375 0.7143975859375 0.7691289390625 0.7098021906249999 0.7627235203125 0.70480601875 0.76425171875 0.70196878125 0.770158934375 0.6997793531250001 0.7841829703125 0.7015992671875 0.800508215625 0.700551196875 0.8275374859375001 0.7045915484374999 0.8386481187499999
0 0.765595509375 0.8885240874999999 0.7603525640625 0.88760808125 0.755325640625 0.8939330953125 0.753229496875 0.9479916390625001 0.761957490625 0.9511172515625 0.7677244734374999 0.938518621875 0.7722883421875 0.9089021453124999 0.7719180546875 0.8984327171875 0.765595509375 0.8885240874999999
0 0.7682094828125 0.8300758171875 0.77191029375 0.8259202078125 0.7745005015624999 0.8039625515625 0.7779852890625001 0.792565921875 0.7880081265625 0.7711064703125 0.787237059375 0.7685706625 0.7814390703125 0.7723598703125 0.7718475015624999 0.7674826515625 0.7678999171875 0.769194053125 0.7636140890625 0.823670396875 0.7642001421875 0.8277746078125 0.7682094828125 0.8300758171875
0 0.8272452156250001 0.8376669859374999 0.829804671875 0.8205061421875 0.8297116484375 0.7940778703125 0.8261648421875 0.787855653125 0.8187939671875 0.7913700578125 0.8128732375000001 0.827952753125 0.8121951953125001 0.8518452140624999 0.814446640625 0.8554400265625001 0.8184867312499999 0.852944421875 0.8272452156250001 0.8376669859374999
0 0.8100388453124999 0.9835285656250001 0.8154360578125001 0.98767298125 0.8226524078124999 0.9673239296875 0.8233304499999999 0.943431465625 0.818179753125 0.9281250218749999 0.8106853640624999 0.9236142078125 0.8081256484375 0.9271688140625001 0.805905471875 0.9459896640625001 0.8076636265625 0.9583022968750001 0.8068620703124999 0.974169540625 0.8100388453124999 0.9835285656250001
0 0.8713802796874999 0.939820884375 0.86376263125 0.9408910828125 0.860493609375 0.94592249375 0.857256109375 0.9869758015625001 0.865059028125 0.9979434359375 0.8718438515625 0.9903248203125001 0.877610315625 0.9505137156250001 0.8761606890625 0.9446578984375 0.8713802796874999 0.939820884375
0 0.9272062 1 0.9309348749999999 0.997447271875 0.9341421406249999 0.9884032484375 0.93944606875 0.95251315625 0.93815045 0.9362795125 0.9345111359375 0.9308414968750001 0.9292374406249999 0.9347223031249999 0.9262151890625001 0.942197921875 0.9214665640625 0.9869890390625 0.9260539265625001 1 0.9272062 1