0 0.9719284171875 0.9304568421875 0.9778944578125 0.9308768000000001 0.9949260531249999 0.9245450890625 0.9950287546875 0.9068921624999999 0.9776894625000001 0.9087506062499999 0.9633148265625 0.9158531640625001 0.9618282453125 0.9236600718749999 0.9719284171875 0.9304568421875
0 0.9577576593750001 0.8413133328125 0.9443039078125001 0.853349359375 0.96162648125 0.8515258171875001 0.9808259109374999 0.8545001718749999 0.9945899078125 0.84938323125 0.995363703125 0.8493195734375 0.9954747546875 0.83023150625 0.9493392078125 0.8330120578125 0.948958790625 0.8362310453124999 0.9549248312499999 0.8366510015624999 0.9577576593750001 0.8413133328125
0 0.9286367125 0.777384803125 0.9469952812500001 0.781111409375 0.989057965625 0.775146409375 0.995817290625 0.7713543484375001 0.9958769375 0.7611020515625 0.9940581796875 0.75987814375 0.9781871046875 0.7589638171875001 0.9579966234375 0.761194065625 0.9286367125 0.777384803125
0 0.946712175 0.7007398203124999 0.92996515625 0.70564678125 0.92626624375 0.7226295296874999 0.9461914203124999 0.72423495 0.9516619359374999 0.7272572109375 0.959920334375 0.7241870453125 0.986757665625 0.7102530640625 0.9833492875 0.702507315625 0.946712175 0.7007398203124999
0 0.918747259375 0.6455490671875 0.92039389375 0.6491136 0.9299185109374999 0.652826953125 0.9500739093749999 0.6556657421875001 0.978372596875 0.6548176812500001 0.9867461046875 0.6523642015625 0.9950045046874999 0.6492940375 0.9965418171874999 0.6468190125 0.9965708125000001 0.641835175 0.9950746718750001 0.639155965625 0.9856651671875 0.6360592953124999 0.9221106953125 0.642540059375 0.918747259375 0.6455490671875
0 0.9584332124999999 0.569024265625 0.9279923640625001 0.5689100953125 0.9213005734375 0.5698590718750001 0.9156447796875 0.5763582 0.9011550312500001 0.5828440765625 0.9057846890624999 0.5866185890625 0.90073953125 0.5911320984375 0.9221162062499999 0.5899996484375001 0.9591688203125001 0.5834791218750001 0.9707906562499999 0.5773999515625 0.96784271875 0.5721209359375 0.9584332124999999 0.569024265625
0 0.9360611359375 0.506997115625 0.9036732625000001 0.5122231187499999 0.89465403125 0.521731253125 0.886280521875 0.5241847328125 0.9143139031249999 0.5271723421875001 0.9454004749999999 0.5202318578125 0.952242459375 0.514830528125 0.9502504921874999 0.5094159453125 0.9360611359375 0.506997115625
0 0.89510026875 0.44000999218750003 0.8775573328125 0.4564239609375 0.88983475 0.45911392500000003 0.8944644046875 0.4628884390625 0.9089541515624999 0.4564025625 0.9290295234375 0.45355562968749996 0.9253909218749999 0.444576515625 0.9065368250000001 0.443452209375 0.89510026875 0.44000999218750003
0 0.915941984375 0.378184675 0.900070909375 0.37727035 0.8888996578125001 0.3699924625 0.880986590625 0.3749126765625 0.861486771875 0.380843025 0.8694096968749999 0.391746603125 0.8779783453125001 0.395595525 0.896982634375 0.392267478125 0.9195805874999999 0.3871637921875 0.9214125 0.3812069359375 0.915941984375 0.378184675
0 0.8975439828124999 0.3111629 0.8699710453125 0.3106420265625 0.8386542531250001 0.31634914375 0.8617575890625 0.324466946875 0.900571946875 0.3221276359375 0.9058473250000001 0.3188474921875 0.90504155 0.31453070781250003 0.8975439828124999 0.3111629
0 0.8806676359375001 0.25246108437500003 0.84927081875 0.25248248125 0.8377991765624999 0.2541093 0.8391004796875 0.25582378125 0.8218228484375001 0.26840208125 0.83818945 0.26671410624999997 0.86622283125 0.269701715625 0.8814032421875 0.266915940625 0.8892011984374999 0.26137904375 0.88996203125 0.254941071875 0.8806676359375001 0.25246108437500003
0 0.8160638328125 0.5790858531249999 0.8083809890625 0.585239434375 0.7883856453125 0.5937720859375 0.7871292828125 0.6028123609375 0.7834205140625 0.6039713156250001 0.8088512890624999 0.603529959375 0.8431511031250001 0.5980328203124999 0.8512943906249999 0.594345975 0.8486117609375 0.585231290625 0.8160638328125 0.5790858531249999
0 0.7937695046875 0.5252767765625 0.782262778125 0.5319726296875 0.7806610859374999 0.5391628546875 0.7938144453125 0.5360315328125 0.8252112640625 0.5360101359375 0.8357620203125 0.5294498484375 0.8374788234375 0.5228763078124999 0.8331945 0.5209518484375 0.7937695046875 0.5252767765625
0 0.8174836890625 0.45798005 0.7950710187500001 0.45356234687499997 0.7889547828125 0.4575947421875 0.7809616875 0.45682923750000004 0.7486889265625 0.462671921875 0.7485387328125 0.46712427500000003 0.754619884375 0.4681609171875 0.7553105484375 0.47186101718750006 0.7500351703125 0.475141159375 0.76277303125 0.4802978609375 0.7831937359375 0.4793009796875 0.816607746875 0.4638013359375 0.8199711859375001 0.46079233124999996 0.8174836890625 0.45798005
0 0.8017561828125 0.3867815203125 0.7876819359375 0.384979375 0.7615254124999999 0.38678966406250004 0.7442828640625 0.394298928125 0.750213821875 0.399787921875 0.7690328359375 0.4059812625 0.8032175374999999 0.39986744218750003 0.8113608265625001 0.3961805953125 0.81162613125 0.392344925 0.8017561828125 0.3867815203125
0 0.7702399062499999 0.3178220296875 0.7422514671875 0.32558917656249997 0.742101271875 0.3300415296875 0.7538831609375001 0.335333796875 0.7875723359375 0.331822278125 0.7947596531250001 0.32827099843749996 0.794679628125 0.3225852796875 0.7702399062499999 0.3178220296875
0 0.760112440625 0.261021528125 0.7113228828125 0.2730045421875 0.74459655625 0.2777810453125 0.777099540625 0.2731717265625 0.7839415265625 0.267770396875 0.782294890625 0.2642058640625 0.760112440625 0.261021528125
0 0.863440471875 0.20205782656250001 0.8471089515625 0.198676765625 0.827954465625 0.2064571640625 0.8229093093750001 0.210970675 0.825627025 0.2150163234375 0.8421887640625 0.2196307515625 0.8764885796874999 0.21413361250000001 0.8833305640625 0.208732284375 0.8811083749999999 0.2020843328125 0.863440471875 0.20205782656250001
0 0.7785893515625 0.2153567609375 0.7743401125 0.2083632640625 0.7572828453125 0.2063511390625 0.739419803125 0.2000222296875 0.705395153125 0.217507490625 0.7208858125 0.22164080312499998 0.7037583765625001 0.22976675000000002 0.726701659375 0.2265131140625 0.737792884375 0.22810528125 0.749034303125 0.22524509531249998 0.7644800218750001 0.21862365156250002 0.775110803125 0.21774908437499998 0.7785893515625 0.2153567609375
0 0.690867996875 0.470871634375 0.6727045656249999 0.47344742812499996 0.6568334890624999 0.47253310156249995 0.641928240625 0.48730700000000005 0.641547825 0.49052598437499995 0.657649121875 0.4926736796875 0.676883634375 0.49057899843749997 0.6924444609375 0.4845742390625 0.6991713374999999 0.478556225 0.690867996875 0.470871634375
0 0.6881459328124999 0.39846178125 0.6508631 0.403748940625 0.6303722265625 0.41488389375 0.6542363953125 0.41656372656249996 0.68448210625 0.41037549218749997 0.692855615625 0.4079220125 0.6943071140625 0.40518414218750004 0.6881459328124999 0.39846178125
0 0.6612593125 0.333276803125 0.6377053921875 0.3385160578125 0.611974225 0.34786212031249997 0.6374850265625 0.3531064828125 0.6680760718750001 0.3487683015625 0.680653878125 0.3425535625 0.682831125 0.33844675625 0.6612593125 0.333276803125
0 0.6434017796875 0.27440748125000003 0.603251034375 0.28010134531249997 0.6082611078125 0.280656871875 0.609412215625 0.28682370625 0.60581855625 0.28859934531250003 0.6211941046875 0.292115975 0.6299929734374999 0.2971982640625 0.6535468921875001 0.291959009375 0.67365735 0.2840430421875 0.6752590421875 0.27685281875 0.6434017796875 0.27440748125000003
0 0.645354315625 0.2165268984375 0.6153739109374999 0.2188794609375 0.587996109375 0.22466098906249998 0.592740875 0.2290521828125 0.6162246296875 0.23395100000000002 0.6549238749999999 0.23099500625 0.6649791031250001 0.2270370234375 0.6669261296875 0.22169685156250002 0.645354315625 0.2165268984375
0 0.8607984343749999 0.13533369374999998 0.848636128125 0.13326041093750002 0.8178148625 0.1363652265625 0.8056975 0.1450467 0.8214984062499999 0.156099096875 0.847690015625 0.149219771875 0.8649325625 0.1417105078125 0.8651978671875 0.1378748375 0.8607984343749999 0.13533369374999998
0 0.6013748265625 0.8010062421875 0.5911595453125 0.7935927875 0.5733063609375 0.803087671875 0.5504781890625 0.8069579906250001 0.5385910468749999 0.8168728296875001 0.5495671609375 0.8178483140624999 0.557410059375 0.823066171875 0.5675453140625 0.8247939078125001 0.5851331921875 0.81913469375 0.5951533359375001 0.8202457453124999 0.613617159375 0.8087652468750001 0.6104390000000001 0.8022528624999999 0.6013748265625 0.8010062421875
0 0.5807789125 0.7327235578125 0.562039928125 0.7322159359375 0.555658384375 0.7400840015625 0.5327951265624999 0.7490233578125001 0.5535260796875 0.7549455609375 0.568441184375 0.75599545625 0.5867197281250001 0.75403634375 0.6036169421875 0.74467703125 0.6036520265624999 0.73960799375 0.598296621875 0.7372024171875 0.5807789125 0.7327235578125
0 0.574572425 0.665219121875 0.53503231875 0.6689273671875 0.5403526390625 0.676401978125 0.524906921875 0.683023421875 0.5357328406249999 0.6884512578125 0.5589063453125 0.6864309890625 0.5685460734375 0.6907610265625 0.580132825 0.68975089375 0.5844171484375 0.6916753531250001 0.5890818890625 0.6903808296875 0.5916395515625 0.6830550375 0.6009690296875 0.6804659890625 0.6019600859375001 0.6752613843749999 0.597330428125 0.6714868734375 0.574572425 0.665219121875
0 0.5802396078125 0.6036664890625 0.5498787843749999 0.6092380390625001 0.5421959390625 0.6153916203125 0.5210144015625 0.6228264718750001 0.5233867859375 0.6250220703125 0.552030803125 0.6260240609375 0.5748589749999999 0.6221537421875001 0.5969964828125 0.6145833203125 0.598367953125 0.60615973125 0.5802396078125 0.6036664890625
0 0.5802559390625001 0.5406700640625 0.570466015625 0.540792378125 0.5398398875 0.5501995953125001 0.54030033125 0.5526663296875001 0.5646249421875 0.556812896875 0.5716269796875 0.5627830046875 0.6059267937499999 0.557285865625 0.612538559375 0.55065116875 0.6086346515625001 0.545507721875 0.5802559390625001 0.5406700640625
0 0.5722476750000001 0.48199637031250003 0.5229527296875001 0.4807578921875 0.5194741828125 0.483150215625 0.5253251125 0.48295349062500004 0.5319818203125 0.48707355 0.5254851671874999 0.49432492968749997 0.5388336640625 0.4974960109375 0.55852861875 0.49786806562499997 0.585180671875 0.49345547187500005 0.58930494375 0.48400849218750003 0.5826482375 0.4798884359375 0.5722476750000001 0.48199637031250003
0 0.5838300796875 0.4126220296875 0.5574784187499999 0.40812991875 0.5430237546875001 0.40954675625 0.5216119953125 0.41574824218749995 0.5155407015625 0.4305353921875 0.5182584171875 0.4345810421875 0.542042559375 0.43057515312500005 0.5767227890625 0.421859028125 0.5836798859375001 0.41707438437500005 0.5838300796875 0.4126220296875
0 0.5674591312499999 0.3459458015625 0.5570585703125001 0.3480537359375 0.5285296625 0.3476684296875 0.5247858078125 0.3538964203125 0.5137746109375 0.3579899734375 0.5133591078124999 0.3662779953125 0.5305314859375 0.368906803125 0.541888015625 0.3666633015625 0.5726292546875 0.3578727671875 0.5737705046875 0.3482158109375 0.5674591312499999 0.3459458015625
0 0.5199215828125 0.2805243375 0.499625846875 0.2979616953125 0.5024586734375001 0.302624028125 0.522614071875 0.30546281406250003 0.549646540625 0.297831234375 0.5604275171875 0.29250431875 0.5602323796875 0.2862019140625 0.5199215828125 0.2805243375
0 0.5148369953125 0.22174268125 0.48256423281250005 0.22758536718750003 0.4710575078125 0.23428122031249998 0.477138659375 0.2353178625 0.48341494999999995 0.24265690625 0.4820785640625 0.24601145937500002 0.5008175484375 0.24651908281249998 0.5425349015625 0.23870403125 0.5541567390625 0.23262486093749998 0.5528905203125001 0.2258413421875 0.5148369953125 0.22174268125
0 0.45351224375 0.4925044203125 0.4425361296875 0.49152893593749997 0.43587942343749997 0.487408878125 0.432400875 0.48980120156250007 0.40624435 0.4916114921875 0.378946575 0.5030787390625 0.37975235 0.5073955234375 0.3884361078125 0.511861128125 0.4364648375 0.5063160875 0.4521407734375 0.5009280109375001 0.45814190000000005 0.4962789328125 0.45351224375 0.4925044203125
0 0.4015752640625 0.42454181249999995 0.3885370125 0.42828981875 0.37366685 0.43799467812500004 0.40586944531249997 0.44229006562500006 0.413101703125 0.4494935421875 0.419067746875 0.4499134984375 0.442346503125 0.43268612187500005 0.4400092046875 0.4254214890625 0.4015752640625 0.42454181249999995
0 0.436871640625 0.3612996578125 0.41491941250000003 0.35934869062499997 0.3933925421875 0.3649334921875 0.3779117421875 0.376623971875 0.3638024125 0.3798908609375 0.37799176874999996 0.3823096921875 0.37761135156250003 0.3855286765625 0.38357739375 0.385948634375 0.40640556562499996 0.38207831406250004 0.4366863625 0.370821046875 0.43958935625000006 0.36534530468750004 0.436871640625 0.3612996578125
0 0.4169519734375 0.307153825 0.3916363078125 0.3082118640625 0.360434628125 0.3145356640625 0.3830775203125 0.32018673125 0.41986482656249996 0.3175018765625 0.42322826406249997 0.31449286875000004 0.4223073796875 0.3095594015625 0.4169519734375 0.307153825
0 0.4026881015625 0.2465088640625 0.386241471875 0.24251112031250002 0.363448384375 0.24131240312500002 0.3462409234375 0.24375263125000002 0.3745143828125 0.26379739999999996 0.414319796875 0.256253484375 0.42127689375 0.2514688375 0.4151157125 0.244746478125 0.4026881015625 0.2465088640625
0 0.2589098421875 0.511872309375 0.24326898749999998 0.5121913484375 0.22113148124999998 0.5197617703125 0.2085185890625 0.5310455453125 0.24297845625 0.5369198453124999 0.280296375 0.52656365 0.28522642187499997 0.5214334578125001 0.28323445468749997 0.5160188734375 0.2589098421875 0.511872309375
0 0.274201015625 0.44133901406250003 0.257949525 0.44364367343750005 0.24173311718749999 0.44087929687500005 0.2312174453125 0.442370546875 0.1954310515625 0.455674590625 0.2222782390625 0.4575644 0.233104159375 0.46299223749999996 0.272909571875 0.45544832343749997 0.28093775 0.4511447921875 0.2794413109375 0.44312790625 0.274201015625 0.44133901406250003
0 0.255998153125 0.38061964062500003 0.24452651093750002 0.382246459375 0.2234151421875 0.379543240625 0.1898410765625 0.38367144375 0.1972235328125 0.3864225671875 0.19298415 0.39525286249999997 0.1957018671875 0.399298509375 0.2178843171875 0.4024828453125 0.255662678125 0.3945933828125 0.2643014921875 0.38830423281250004 0.2634957171875 0.3839874484375 0.255998153125 0.38061964062500003
0 0.2228001578125 0.31316465625 0.20976190625000002 0.31691266093750003 0.1826494125 0.31885851875000004 0.17018671406250002 0.325689940625 0.1815881875 0.334201196875 0.195547325 0.3353866578125 0.202779584375 0.3425901359375 0.229466721875 0.33310850625 0.23940683906250002 0.3285338375 0.24230983281250001 0.3230580984375 0.2228001578125 0.31316465625
0 0.194887396875 0.2582533171875 0.1767239640625 0.2608291125 0.15026705 0.2715441078125 0.19214445468750002 0.275100496875 0.2276304609375 0.2707011578125 0.2274353234375 0.26439875625 0.22196480937500002 0.2613764953125 0.194887396875 0.2582533171875
0 0.1690641265625 0.8506322093750001 0.1646646921875 0.8480910640625 0.1391188046875 0.8479157359375 0.12095537187500001 0.85049153125 0.0951090953125 0.8592209078125 0.089948828125 0.8631177359375 0.09350740468749999 0.8664111296874999 0.10937847812499998 0.8673254578125 0.119859065625 0.8709032453125 0.14387342812499998 0.8681307234375 0.1640989953125 0.8608314375000001 0.169144153125 0.8563179265624999 0.1690641265625 0.8506322093750001
0 0.15885171250000002 0.7643792078125 0.147990709375 0.76402040625 0.11464686406249999 0.769381978125 0.0994313703125 0.7772367890625 0.09197874687499999 0.7846237359375 0.09993675468749999 0.790458278125 0.11473675000000001 0.790891490625 0.136033396875 0.784073321875 0.14857611875 0.7829276171874999 0.162375203125 0.7727416421875 0.1632511453125 0.766920353125 0.15885171250000002 0.7643792078125
0 0.1355029984375 0.6971199125 0.11630356875 0.69414555625 0.0882800453125 0.7069817390625001 0.0772337640625 0.7161443281250001 0.088555209375 0.7189698609375 0.10419606249999999 0.7186508203125 0.1305027828125 0.712388178125 0.15665930781249998 0.7105778875000001 0.15780055937499998 0.70092093125 0.14674441875 0.694259728125 0.1355029984375 0.6971199125
0 0.1380310859375 0.6423227453125 0.1220448984375 0.6407917359375 0.0987562859375 0.642195321875 0.081743959375 0.6509379515625 0.06537735781250001 0.652625928125 0.0920743515625 0.658968090625 0.0982355328125 0.6656904515625001 0.11739001874999999 0.657910053125 0.13004785000000002 0.6573810328125 0.142510546875 0.650549609375 0.1425456296875 0.645480575 0.1380310859375 0.6423227453125
0 0.0999073921875 0.6483621562499999 0.10155402656250001 0.6519266906250001 0.10882137031250001 0.6540611296875001 0.11623891093750001 0.651743215625 0.11807082499999999 0.6457863609375 0.10315571875 0.6447364656250001 0.0999073921875 0.6483621562499999
0 0.1324509703125 0.586143390625 0.1190673890625 0.58804134375 0.09329127968749999 0.5866326500000001 0.0690916375 0.598926559375 0.09242519375 0.6082777296875 0.1202634390625 0.6049629359375001 0.139302815625 0.59656585 0.1419755875 0.5898567453125 0.1324509703125 0.586143390625
0 0.13394306250000002 0.525796071875 0.11700090625 0.5244006296875 0.07145967343750001 0.532757953125 0.061979998437499996 0.5397993546875 0.093226621875 0.5442303093749999 0.1400691578125 0.53758746875 0.14343259531250002 0.5345784625000001 0.14239659843750002 0.5290283109375 0.13394306250000002 0.525796071875
0 0.0883525390625 0.4550344359375 0.0780670890625 0.4577590515625 0.0604090421875 0.4735563375 0.08186574375 0.47810960781249995 0.0975416828125 0.47272153125000005 0.10840268593749999 0.4730803328125 0.1257603421875 0.46618775156250003 0.12472434531250001 0.4606376 0.0883525390625 0.4550344359375
0 0.08877355 0.3942060015625 0.0722918375 0.39527729375 0.052066270312499996 0.402576578125 0.054058237499999995 0.40799116093750004 0.045914948437500006 0.411678009375 0.0801445921875 0.41631894375 0.090545153125 0.41421100937500005 0.11818826093749998 0.40459381250000004 0.118718871875 0.396922475 0.08877355 0.3942060015625
0 0.06177181875 0.328404340625 0.033898489062499995 0.3367881703125 0.029694195312499998 0.3405494296875 0.032411909375 0.3445950765625 0.054709468750000004 0.3483960953125 0.05968445625 0.35402065625 0.07631636562500001 0.3484970125 0.09501040937500001 0.33824987812499996 0.092788221875 0.3316019296875 0.06177181875 0.328404340625
0 0.0695752859375 0.2703270296875 0.041161487499999996 0.27055840625 0.020670614062500002 0.28169336093749997 0.02407899375 0.28943911093749997 0.036356409374999996 0.2921290765625 0.0744801046875 0.2860896640625 0.08621705156250001 0.280627178125 0.086252134375 0.275558140625 0.0695752859375 0.2703270296875
0 0.15320366093749999 0.9338866156250001 0.09971427656250001 0.9522331890625001 0.1040786265625 0.9598433703125 0.1105051109375 0.9627300625 0.1361661109375 0.9635220734375001 0.1457258109375 0.962166390625 0.16763309531249998 0.953362603125 0.1769976609375 0.9457045187500001 0.175846553125 0.9395376828125 0.15320366093749999 0.9338866156250001
0 0.4843463703125 1 0.49229672343750003 0.9946764015625 0.490800284375 0.986659515625 0.4775668984375 0.9841051171874999 0.4669361171875 0.9849796843749999 0.42973330781249997 0.9959525640625 0.430198959375 1 0.4843463703125 1
0 0.6167968 0.9624813765625 0.6013861656249999 0.9640337828125001 0.5960307625000001 0.96162820625 0.5687329875 0.9730954546874999 0.556845846875 0.9830102953125 0.56193594375 0.989251540625 0.58197623125 0.99147364375 0.603423075 0.9802031234375 0.6159657968750001 0.9790574203125001 0.6230730875 0.9698204203125 0.62131134375 0.9656392046875 0.6167968 0.9624813765625
0 0.7642077390625001 0.947887015625 0.7569754765625001 0.9406835390625 0.7463446953124999 0.9415581062499999 0.7360943296875 0.9392136859375 0.7084512234375 0.9488308828124999 0.69239486875 0.9574379453124999 0.6995120171875 0.9640247390625 0.7138164859375 0.9670602515625 0.737945959375 0.9649044140624999 0.7489922421874999 0.9557418249999999 0.757711084375 0.9551383953125001 0.7642077390625001 0.947887015625
0 0.6084054875 0.8807275984375 0.6042362765625 0.8794198203124999 0.5668383296874999 0.8840902953124999 0.5581644296875 0.8954484812500001 0.5600062015625 0.9053154171875001 0.5800815734375 0.9024684859375001 0.6115485609375 0.892309015625 0.6134955859375 0.8869688421875 0.6084054875 0.8807275984375
0 0.7422413031249999 0.8617480515624999 0.7186073562499999 0.8613015875000001 0.705223775 0.8631995421875001 0.6909642484375 0.8709187843749999 0.6842022890624999 0.882005834375 0.7021004171875 0.8832657078124999 0.7000382828125 0.8879891953125 0.7125810031250001 0.8868434921875 0.7318506015625 0.879679778125 0.739002834375 0.8811975328124999 0.7464203734375 0.8788796218750001 0.7511552828125 0.8674470234375 0.7422413031249999 0.8617480515624999
0 0.48969073593749995 0.8966034265625 0.47874970625 0.8905589062500001 0.440130484375 0.8992006187499999 0.406371140625 0.9128502109375001 0.4072920265625 0.9177836796875001 0.42079071875 0.9165024078125 0.4403354796875 0.9213268140625 0.451692009375 0.9190833125 0.46966030625000005 0.9102051140625 0.49023120468750003 0.9047558796875 0.48969073593749995 0.8966034265625
0 0.326314278125 0.9150344921875 0.2830654015625 0.91990169375 0.26590288281249996 0.9330966765625 0.2636554671875 0.9473415562499999 0.27168364375 0.9430380234375001 0.28621833125 0.9473069031250001 0.29386609375 0.946222359375 0.32896182500000004 0.9292182125 0.3325554828125 0.9274425734375 0.330828821875 0.9181923203125001 0.326314278125 0.9150344921875
0 0.302896346875 0.8316333984375 0.2950534484375 0.8264155421874999 0.264507346875 0.8415084796875 0.243130671875 0.842640928125 0.260728409375 0.8528055078125 0.28413213437499996 0.85201860625 0.3210696375 0.8448813968750001 0.3292830953125 0.8310564749999999 0.310924525 0.82732986875 0.302896346875 0.8316333984375
0 0.3047589984375 0.752243303125 0.2899590015625 0.75181009375 0.24690526249999997 0.7629796953125 0.23808116875000002 0.7787902359375 0.25815654062500004 0.775943303125 0.275098696875 0.7773387453125 0.2953242640625 0.7700394609375001 0.3035475796875 0.7720383328125 0.317576884375 0.7630857234375 0.3184528265625 0.7572644359375 0.3047589984375 0.752243303125
0 0.2842224296875 0.6842785609375001 0.27137931718749997 0.69432896875 0.256429128125 0.698348109375 0.238035475 0.6996905390625 0.24564815156250003 0.7036750281249999 0.274026865625 0.708512690625 0.2811440140625 0.71509948125 0.30136958125 0.7078001984375 0.31562910781250003 0.70008095625 0.3163899390625 0.6936429828125 0.2842224296875 0.6842785609375001
0 0.26437919375 0.6357991843749999 0.22021928906250002 0.651556709375 0.295140146875 0.6586562328125 0.2985035859375 0.6556472265625 0.3077881234375 0.642303421875 0.294589821875 0.6346799875 0.26437919375 0.6357991843749999
0 0.2780430140625 0.575031328125 0.27689190625000004 0.5688644953125 0.260640415625 0.5711691546875 0.2467262234375 0.580738446875 0.2172862859375 0.5912434640625001 0.2482676046875 0.5995100875 0.28245230625 0.5933962671875 0.2922773125 0.588204915625 0.2933834796875 0.5836169921875001 0.2780430140625 0.575031328125
0 0.7420067359375 0.7921504796875001 0.7329776453125 0.785834825 0.71783231875 0.7835515625 0.6920211265625 0.787211903125 0.680479315625 0.7989767953125 0.6666002062499999 0.8034770515625 0.6644229609375001 0.80758385625 0.6797985093750001 0.8111004859375001 0.7057248125 0.808056828125 0.7243837734375 0.8028787312500001 0.73134086875 0.798094084375 0.741741428125 0.79598615 0.7420067359375 0.7921504796875001
0 0.7297249703124999 0.721096309375 0.6919816937500001 0.7239167359375 0.678102584375 0.7284169921875 0.6744738421875 0.73526166875 0.6671714125 0.7381962640624999 0.7007904203125 0.7448228171875 0.7264865015625 0.74054579375 0.74387924375 0.7285841750000001 0.73890425625 0.7229596140625 0.7297249703124999 0.721096309375
0 0.703413903125 0.65899475 0.680620815625 0.657796034375 0.661316134375 0.6700287859375 0.666901759375 0.6736677296875 0.6850301062499999 0.6761609703125 0.7275532359375 0.6726627046875 0.7314472859375 0.6619823593749999 0.721842640625 0.6525832859375 0.703413903125 0.65899475
0 0.7099511515625 0.5941339218749999 0.6778285859375 0.5955242546874999 0.67052615625 0.5984588484375 0.6527179140625 0.6187084875 0.66426958125 0.622767390625 0.69715298125 0.6149390859375 0.70051641875 0.6119300796875 0.7103063421875 0.6118077640624999 0.7215828453124999 0.6038785421874999 0.7193606578125 0.5972305921875 0.7099511515625 0.5941339218749999
0 0.695421975 0.537324628125 0.672018246875 0.53811153125 0.6531290671875001 0.5420562624999999 0.645100890625 0.54635979375 0.669505528125 0.5561920796875001 0.69436075 0.5526673062499999 0.7118335171875 0.546391409375 0.7128245718749999 0.5411868046875 0.695421975 0.537324628125
0 0.46288645624999997 0.8133759093749999 0.4418901984375 0.8112893718749999 0.43252563593750004 0.8189474578124999 0.40366125156250005 0.83253589375 0.44542354843750004 0.8354755968750001 0.45307130781250005 0.8343910515624999 0.4636220640625 0.8278307671875 0.47796161562500006 0.82579724375 0.48575957187499996 0.8202603453125 0.4807045546875 0.8089500640624999 0.46288645624999997 0.8133759093749999
0 0.4569291203125 0.7316033859375 0.444236203125 0.7372014421875 0.430737509375 0.7384827125 0.40848489218750006 0.7454364515624999 0.39946566093749997 0.7549445859375 0.417248675 0.7555877765625 0.42268410625 0.7636790718750001 0.45075257031250004 0.761597646875 0.4646667640625 0.7520283515624999 0.47648373906249997 0.752251584375 0.48167908906249995 0.743285721875 0.4796871234375 0.7378711390625 0.4569291203125 0.7316033859375
0 0.470377559375 0.6774829625 0.446213 0.6847078359375 0.4298463984375 0.6863958109375 0.40637250312499995 0.6973207875 0.40905513437499996 0.7064354703125 0.4235097984375 0.7050186328125 0.43364505312499996 0.70674636875 0.45612789062500003 0.701025996875 0.482239475 0.68846095 0.477990234375 0.681467453125 0.470377559375 0.6774829625
0 0.43337634999999997 0.6159379625 0.39720954062499997 0.63246099375 0.40673415625000003 0.6361743484375 0.4257033625 0.6379153359374999 0.4624906703125 0.6352304796875 0.47269609375000005 0.6268201437500001 0.47131476406250006 0.619419940625 0.459763096875 0.6153610390625001 0.43337634999999997 0.6159379625
0 0.4275804296875 0.548088490625 0.4229156921875 0.5493830140625 0.41710970156249993 0.5603344953125 0.3994067109375 0.565377025 0.40116845625 0.5695582421875 0.4192968046875 0.57205148125 0.44713504843749996 0.5687366875000001 0.46005818749999994 0.5643719984375 0.463191403125 0.5601296265625 0.4275804296875 0.548088490625
0 0.864424546875 0.9222809171874999 0.8373920765625 0.9299124953125 0.83031986875 0.93408045625 0.82375305 0.9514699109375 0.850635321875 0.9482906859375 0.8602301078125001 0.9418659671875 0.874224328125 0.9379823921874999 0.8819422578125 0.9267597750000001 0.8751704406249999 0.922023034375 0.864424546875 0.9222809171874999
0 0.875015896875 0.8581111828125 0.8792201953125 0.854349925 0.8772282265625 0.8489353390625001 0.864950809375 0.846245375 0.8261013687500001 0.8536537203125001 0.8092743234374999 0.8528749625 0.8069819671875 0.856365084375 0.820870934375 0.8676886203124999 0.820340321875 0.87535995625 0.84722259375 0.87218073125 0.861216815625 0.8682971578125 0.8659166390624999 0.8619336000000001 0.875015896875 0.8581111828125
0 0.8648664374999999 0.7721954515625 0.8234143890625001 0.7761748328125 0.7956561718749999 0.7851753453125 0.7981436656249999 0.787987628125 0.7951255625 0.7928466843749999 0.8053759265625 0.795191103125 0.8014018500000001 0.800185728125 0.8035440109374999 0.8011479578125 0.8452613640625 0.7933329078125 0.8700365624999999 0.7841224171875 0.8692658718749999 0.7747365953124999 0.8648664374999999 0.7721954515625
0 0.8445214109375 0.7105138484375 0.814966365625 0.72040218125 0.7925284671874999 0.73687730625 0.8420086906250001 0.7285943953125 0.8471338749999999 0.7297666046875 0.852904778125 0.7238841593750001 0.8658279171875 0.7195194703125 0.8646768093749999 0.7133526359375 0.85932140625 0.710947059375 0.8445214109375 0.7105138484375
0 0.8322845890625 0.650214434375 0.8159179859375 0.651902409375 0.79038195625 0.6675508734375 0.8247267140625001 0.672808490625 0.8439963109375 0.6656447734375 0.85604350625 0.6671013734375 0.86265526875 0.6604666765625 0.861619271875 0.6549165265625 0.8322845890625 0.650214434375
0 0.8321950093750001 0.07672225625 0.82052823125 0.0720466703125 0.8058433453125 0.0722301421875 0.7837058406249999 0.0798005640625 0.8121645796875001 0.09032394375 0.8460839765625 0.088045790625 0.85674984375 0.0821021875 0.856059178125 0.0784020859375 0.8321950093750001 0.07672225625
0 0.6329684624999999 0.0397752203125 0.6320475765625 0.0348417515625 0.624749665625 0.0327417421875 0.5757243796875 0.0301724359375 0.572617375 0.0318755390625 0.597562484375 0.049860278125000004 0.6267371140625 0.043190931249999995 0.6329684624999999 0.0397752203125
0 0.5115854843750001 0.0360995515625 0.496325046875 0.03319960625 0.471930265625 0.0391911125 0.4870054234375 0.051612446874999995 0.5263153093749999 0.046670834375 0.5297138328125001 0.038592790625 0.5200741046874999 0.034262753125 0.5115854843750001 0.0360995515625
0 0.383025046875 0.051798954687499996 0.3385899765625 0.055568357812500004 0.329525803125 0.0543217375 0.3114774828125 0.057514215625 0.3226838171875 0.0597230671875 0.3300311890625 0.0675432265625 0.3508772515625 0.074082115625 0.38245935000000003 0.06453932968750001 0.389301334375 0.05913799843749999 0.3884955609375 0.0548212140625 0.383025046875 0.051798954687499996
0 0.20846293125 0.073388946875 0.1396681671875 0.0780808203125 0.17371253281250001 0.09224314375 0.20885320468750002 0.085993753125 0.2146241109375 0.08011130625 0.213703225 0.075177840625 0.20846293125 0.073388946875
0 0 0.11115050156249999 0.0040453781250000004 0.11377197812499999 0.0271037734375 0.11113502500000001 0.04640845625 0.098902271875 0.0451422375 0.092118753125 0.035502509375000005 0.087788715625 0 0.09103165937499999 0 0.11115050156249999
0 0 0.17362644375 0.015786673437500003 0.17667369375 0.032879025 0.17361678281249998 0.05811466562499999 0.166873025 0.061247881250000004 0.16263065000000002 0.047093609375 0.155142784375 0.02299921875 0.15222958749999999 0 0.1604904828125 0 0.17362644375
0 0 0.2257121109375 0.0193397390625 0.2325075015625 0.01368394375 0.23900662968750003 0.02477516875 0.24059879843749998 0.0361316984375 0.2383552984375 0.0488246171875 0.23275724062499997 0.0624384203125 0.232092653125 0.07344961875 0.22799909999999998 0.0764677234375 0.2231400453125 0.07340467656250001 0.2172443453125 0.052178196875000006 0.21392444375 0.027092753125 0.2162158484375 0.007132490625 0.2196794640625 0 0.2227627453125 0 0.2257121109375
0 0.2200934625 0.20403818281250002 0.1854834015625 0.20261623437499998 0.1537861921875 0.2115423375 0.14495223906250002 0.211529084375 0.144686934375 0.21536475312499997 0.168631128125 0.2227303046875 0.189397165625 0.2235834734375 0.20625929531249998 0.2192931953125 0.223847175 0.213633984375 0.2248382296875 0.208429378125 0.2200934625 0.20403818281250002
0 0.3867775953125 0.18229936875 0.385856709375 0.177365903125 0.36184234531250004 0.1801384234375 0.3481934578125 0.18587204531249998 0.330410440625 0.18522885625000002 0.336571621875 0.1919512171875 0.3599051796875 0.2013023875 0.3933641328125 0.1965575 0.4034193609375 0.192599515625 0.40609213281249995 0.185890409375 0.3867775953125 0.18229936875
0 0.504647903125 0.1671565921875 0.47141917187500004 0.17313484375 0.4710387546875 0.17635383124999998 0.4962842515625 0.185433865625 0.5385771578125 0.1807022296875 0.54878258125 0.17229189218750002 0.5337874499999999 0.1655562796875 0.504647903125 0.1671565921875
0 0.6325068546875 0.15821310156249999 0.6100591 0.1588644359375 0.5920908046875 0.167742634375 0.6080419078125 0.1743426796875 0.6268960046875 0.17546698593750001 0.640164475 0.172952346875 0.65010459375 0.1683776796875 0.6501396765624999 0.1633086453125 0.6325068546875 0.15821310156249999
0 0.7218725187499999 0.14807199375 0.7047450828125 0.156197940625 0.7254409515625 0.16718918437500002 0.757253271875 0.15887976406249998 0.7629090671875 0.152380634375 0.7500560953125001 0.1466072515625 0.7218725187499999 0.14807199375
0 0.73533178125 0.0834955546875 0.705997096875 0.078793465625 0.6943752609375 0.084872634375 0.6950659265625 0.08857273593750001 0.7063522875 0.0964673046875 0.7229140265625 0.10108173437500001 0.733429696875 0.0995904828125 0.7529646015625 0.0885911 0.7457323406249999 0.08138762031249999 0.73533178125 0.0834955546875
0 0.62657155 0.084359903125 0.6227125874999999 0.0899712140625 0.6113560546875 0.09221471406250001 0.59536986875 0.0906837046875 0.5739230265625 0.101954225 0.5819161203125 0.10271972968750001 0.5989032171875001 0.11486992968750001 0.6117112453125 0.10988855625 0.635725609375 0.1071160359375 0.6406556546875 0.1019858421875 0.6388138828125001 0.09211890625 0.62657155 0.084359903125
0 0.5287972937500001 0.102023528125 0.5006488015625 0.0984192359375 0.4710937546875 0.10830756875 0.47178441875 0.1120076703125 0.4788215421875 0.11290874375 0.4933211453125 0.12224665937500001 0.523912190625 0.11790847812500001 0.535418915625 0.1112126234375 0.5343829203125 0.105662471875 0.5287972937500001 0.102023528125
0 0.34731316562500003 0.12332912968750001 0.320050475 0.12972734218749998 0.34900474375 0.13764841875 0.38533160624999996 0.13249682812500002 0.3909874015625 0.1259977 0.38027659375 0.12118654531249999 0.34731316562500003 0.12332912968750001
0 0.16682009375 0.139430128125 0.14578875156249999 0.142412628125 0.1432661734375 0.14466938437500002 0.1482411609375 0.1502939453125 0.1621652125 0.1565484453125 0.20862733125 0.153124590625 0.20915794375000002 0.14545325 0.20001374374999997 0.13852091093750002 0.16682009375 0.139430128125