0 1 0.1928061515625 0.9974127859375 0.191737221875 0.9922563234374999 0.1948165125 0.9844281515625 0.20927564531249998 0.9785171953124999 0.241335634375 0.9833174343750001 0.268187965625 0.98771608125 0.2692189296875 0.9910327656250001 0.26056297968750003 0.9980290015625 0.26306035 0.9996961953125 0.2540177875 0.9956006734375 0.251342721875 0.99396888125 0.24152693749999998 1 0.2271859546875 1 0.1928061515625
0 0.9043010890625001 0.164768046875 0.8948444437499999 0.194281840625 0.89575714375 0.214219978125 0.8989432859375001 0.2218273515625 0.9070004671874999 0.2185703625 0.9124213328125 0.207834871875 0.919170865625 0.2085592671875 0.9173664875 0.1841242625 0.9206267515625 0.1788853875 0.921895675 0.16889190625 0.9184628281249999 0.159511559375 0.9138174749999999 0.156707621875 0.9043010890625001 0.164768046875
0 0.9738641124999999 0.32257220468750003 0.9716824859375001 0.31262754843749996 0.9621273796875001 0.314675875 0.9565162296875 0.3202213171875 0.9473804124999999 0.3386618359375 0.9418290046875001 0.3656606484375 0.945131309375 0.39130431718750003 0.9471790703125 0.39264185 0.9502877734374999 0.3882250265625 0.951708259375 0.37740949218750003 0.95767895625 0.366802871875 0.96205658125 0.3523925671875 0.9677628734375 0.349442146875 0.9725033671875 0.3548411078125 0.9735643078124999 0.34908675 0.9708715734375 0.345025321875 0.9701878796875001 0.336289328125 0.9738641124999999 0.32257220468750003
0 0.8772964515625 0.29752747031250004 0.8715160390625 0.3133241390625 0.870134271875 0.330151771875 0.8657002265625 0.347979153125 0.8674094625000001 0.369819134375 0.868907390625 0.371027796875 0.8760728906249999 0.36327394218750003 0.8836156390625 0.3410297375 0.892620915625 0.3388525390625 0.8929417421875 0.3277792640625 0.8907955187500001 0.2989762640625 0.88315430625 0.293755 0.8772964515625 0.29752747031250004
0 0.9348040093750001 0.431762515625 0.9241735828125 0.473864815625 0.92870609375 0.48350289999999996 0.931268284375 0.5038276515625 0.9385853484375 0.49525174375000003 0.9521939343750001 0.46499594218749996 0.9552041718750001 0.43311365 0.9465197203125 0.42421757343750005 0.9410214109374999 0.422928865625 0.9348040093750001 0.431762515625
0 0.8505847484375 0.40945029374999997 0.8409555203125001 0.4243448671875 0.8390803437500001 0.43762655156249997 0.8334514937499999 0.45260116874999995 0.8391400875 0.4590799234375 0.8394642328125 0.4728770921875 0.8458154984374999 0.47265056406249994 0.8609784359375 0.440186353125 0.8590999375000001 0.42859759531249997 0.86262460625 0.41570251875 0.86123951875 0.40765970781250005 0.8557412109375001 0.40637100156250006 0.8505847484375 0.40945029374999997
0 0.8192111703125 0.1534002296875 0.8142306156249999 0.195969184375 0.818914690625 0.20478522031250002 0.818632584375 0.2218705921875 0.8268590250000001 0.2083623796875 0.828942184375 0.1908415671875 0.8364672328125 0.178026534375 0.838797096875 0.1622786953125 0.8374684312499999 0.150818809375 0.8442533624999999 0.1326848578125 0.8307542968750001 0.13123606875 0.824688459375 0.1392476625 0.8192111703125 0.1534002296875
0 0.7950352234375 0.2720821453125 0.7886098359375 0.28515491718749997 0.7814863796875 0.3237913140625 0.789261453125 0.33761969999999997 0.788676225 0.3563491765625 0.79656081875 0.338472965625 0.8021155468750001 0.33634459687499996 0.8044277140625 0.33002593125 0.8062641671874999 0.31073214375 0.8044243906249999 0.30515548593749997 0.8066978359375 0.292824721875 0.8133135046875 0.2849419953125 0.8151322593750001 0.2750773828125 0.8117558328125 0.2622799640625 0.8066557921875 0.261942178125 0.7950352234375 0.2720821453125
0 0.77063026875 0.3795619140625 0.76746515 0.3873958125 0.7599047015625 0.41906918906249996 0.7626571796875 0.4445839875 0.766696278125 0.450676128125 0.7660336078125 0.45738140781250003 0.7702983890625 0.4498052484375 0.7710739015625 0.436265821875 0.7772348859375 0.4308492484375 0.7775169890625 0.413763875 0.78604655625 0.3986115625 0.7871639171875 0.38944012968749997 0.785475703125 0.3830414203125 0.776488125 0.37578944375 0.77063026875 0.3795619140625
0 0.7024711609375001 0.385883571875 0.693225821875 0.436028684375 0.697585746875 0.43104755 0.7041272984375 0.436011071875 0.7044514453125 0.449808240625 0.7089065125 0.44742213125 0.71091555 0.44274756562500006 0.7092450375 0.4269196828125 0.7110637921875 0.41705507031250005 0.720996146875 0.40051639375 0.7190999484375 0.3983568109375 0.7207671421875 0.3893142484375 0.723970984375 0.38749245 0.72307930625 0.3829955828125 0.7149059640625001 0.3682162765625 0.7087449828125 0.3736328484375 0.7024711609375001 0.385883571875
0 0.7272544671875 0.2570531140625 0.721399934375 0.2856960296875 0.723070446875 0.3015239125 0.7253649140625 0.30463441874999997 0.7288154609374999 0.3045855921875 0.739999040625 0.2874826046875 0.7421773421875 0.2725568171875 0.7471999390625 0.2608704046875 0.7477851703125 0.24214092968749998 0.7427415515625 0.23838607031249998 0.738438046875 0.2399501296875 0.7272544671875 0.2570531140625
0 0.760869359375 0.1182865796875 0.7532314703125 0.13793576093749998 0.7487974234375 0.1557631421875 0.7477187843750001 0.17094667187499998 0.756935365625 0.18940079375000002 0.759286253125 0.189094225 0.7604600359375 0.17650571875 0.7651230859375 0.1698804828125 0.772020859375 0.14491238281250002 0.771034040625 0.13782049375 0.775922775 0.11752695937499999 0.7730397578125 0.1082754859375 0.7674850281250001 0.1104038546875 0.760869359375 0.1182865796875
0 0.7548455625 0.15718071718749999 0.759395771875 0.1573896328125 0.7622013484375 0.154616909375 0.7620110625 0.14942686249999998 0.7548632625 0.14775154375 0.7528542234375 0.152426109375 0.7548455625 0.15718071718749999
0 0.680420140625 0.12841427968750002 0.676423084375 0.15320468125 0.677205240625 0.189406140625 0.679573828125 0.179670396875 0.6885580828125 0.16205193125 0.69246331875 0.15953695 0.69969961875 0.11406640312500001 0.6985225140625 0.10178446562500001 0.6883611562499999 0.1071209953125 0.680420140625 0.12841427968750002
0 0.673216159375 0.2203754046875 0.6634740890625 0.24210412812499998 0.6564634734375 0.2739063765625 0.6505879171875 0.28710801875 0.6548350015625 0.2889610375 0.6647109343750001 0.275839434375 0.6715168890625 0.2731467546875 0.676444346875 0.258865321875 0.6845192234375 0.246179159375 0.6856365859375 0.23700772812499998 0.6829228296875 0.2175050296875 0.677272959375 0.21703837343750002 0.673216159375 0.2203754046875
0 0.6468408875 0.3385418375 0.6425584062499999 0.35554716875 0.6461671578125 0.404417178125 0.657999034375 0.41490853124999993 0.665182234375 0.397725503125 0.6593985 0.3886517265625 0.6615347578125 0.34284339531249997 0.6558074453125 0.3303525421875 0.6515039406249999 0.3319166015625 0.6468408875 0.3385418375
0 0.6114780390625 0.44945629374999996 0.6067618890625 0.4843690484375 0.6101206171875 0.5065956421875 0.612168378125 0.507933175 0.6156189249999999 0.507884346875 0.621247775 0.49290972968749996 0.6261011109375 0.4914745421875 0.6340454484375 0.495051703125 0.6316558390625 0.48934617343750003 0.6252094328125 0.486977675 0.6223828359375 0.474309128125 0.62713770625 0.44540847031249997 0.623155028125 0.4358992546875 0.61875638125 0.43486828906249997 0.6114780390625 0.44945629374999996
0 0.587025490625 0.34253124218750003 0.5779106921875 0.376413028125 0.5783299828125 0.3928052234375 0.580624446875 0.395915728125 0.5888508875 0.3824075171875 0.591882146875 0.365966496875 0.5973981546875 0.357826028125 0.6013210921875001 0.345881875 0.6014339328125 0.339047725 0.5983993515625 0.33061830312499996 0.59510036875 0.3298450796875 0.587025490625 0.34253124218750003
0 0.600169421875 0.24013025937500002 0.5955096921874999 0.271625940625 0.599756775 0.2734789546875 0.61122578125 0.264161040625 0.6210806921875001 0.23559816718749998 0.6249261859375 0.21162981875 0.6160337515625 0.206972865625 0.6059498328124999 0.224333590625 0.600169421875 0.24013025937500002
0 0.6268832171875001 0.10146137968749999 0.6196823171875 0.12807358124999998 0.61824413125 0.1483182875 0.622642778125 0.1493492515625 0.63365709375 0.142497490625 0.63765415 0.1177070890625 0.6441359578125 0.10121724218749999 0.643603825 0.091659196875 0.6378588125 0.08859751875 0.6346549703125001 0.0904193203125 0.6268832171875001 0.10146137968749999
0 0.577035571875 0.070053759375 0.56875603125 0.111849490625 0.570352425 0.140523621875 0.5751106203125 0.1364934109375 0.5762844015625 0.1239049015625 0.5831644765624999 0.1083659765625 0.5884725000000001 0.104464634375 0.58700996875 0.08439762656250001 0.5902879343749999 0.069729578125 0.5882965953125 0.064974971875 0.5802006937499999 0.0622198609375 0.577035571875 0.070053759375
0 0.5302435296875 0.0625168359375 0.523856865625 0.08160170781250001 0.5195954031250001 0.1140483078125 0.5205822234374999 0.12114019843749999 0.5265916421875 0.11654567656249999 0.52920693125 0.10858290781249999 0.5369222625 0.10095792343750001 0.5434217703125 0.075038903125 0.5435523124999999 0.0587755796875 0.541560971875 0.054020971875000004 0.5370107625 0.053812059375 0.5302435296875 0.0625168359375
0 0.46977983593749995 0.0389119 0.4633157296875 0.0459725734375 0.45893810312500005 0.06038288125 0.4552441734375 0.0835291796875 0.4580143484375 0.099614803125 0.46827085 0.0968732984375 0.476381128125 0.0653287890625 0.4770227796875 0.0431822390625 0.4744816078125 0.0382987625 0.46977983593749995 0.0389119
0 0.544792721875 0.20760070156250002 0.5319806703125 0.2397583453125 0.53150828125 0.251653671875 0.5343913 0.26090514531250003 0.539794465625 0.2595988296875 0.5437174031249999 0.24765467343749997 0.5541818890625 0.24067404374999998 0.5566068953125 0.2275212265625 0.5623696078125 0.22115373124999999 0.563694953125 0.207743175 0.5608683562500001 0.19507462656250002 0.5562230046875001 0.1922706890625 0.544792721875 0.20760070156250002
0 0.50866304375 0.32330690156249997 0.501937853125 0.36289422031249996 0.5077038875000001 0.3813971703125 0.5106997468750001 0.3838144953125 0.5163108984375 0.37826905312500003 0.526014246875 0.3505282328125 0.5313222703125 0.3466268890625 0.526920303125 0.32072548125 0.5297435765625 0.3085235859375 0.5271072640625001 0.301045084375 0.5204528734375 0.3029157125 0.50866304375 0.32330690156249997
0 0.46010970625000003 0.3153571609375 0.45821682968750005 0.3380680203125 0.46534693125000004 0.3491725125 0.467905803125 0.34462681875 0.46828305 0.3301364671875 0.475180821875 0.30516836875000003 0.48090481562500004 0.292788775 0.48086609375 0.2867766765625 0.47322488281249997 0.2815554140625 0.47041930781249996 0.2843281359375 0.46010970625000003 0.3153571609375
0 0.48871969843749996 0.178847865625 0.48379556562500003 0.21799974375 0.4844228390625 0.2301528109375 0.48995986875 0.237453615625 0.49538073593750004 0.22671812500000002 0.5013868312499999 0.1972531609375 0.5013093890625 0.1852289625 0.49842637187500005 0.1759774890625 0.49338275156250005 0.1722226296875 0.48871969843749996 0.178847865625
0 0.431783996875 0.167218296875 0.425266790625 0.20256649062499998 0.4308812625 0.2218914921875 0.4416842734375 0.1944084109375 0.44698897656250003 0.1656366265625 0.4433094234375 0.1544833078125 0.439365465625 0.15098619062500002 0.431783996875 0.167218296875
0 0.40915907812499996 0.25882135625 0.40137294843750004 0.30416303437500003 0.40165837499999996 0.3119481046875 0.40490093906249996 0.31613840312499997 0.41180203281249994 0.316040746875 0.4224114375 0.25849717499999997 0.4205716625 0.2529205171875 0.41602145312500005 0.25271160312499996 0.40915907812499996 0.25882135625
0 0.34340838125 0.2545590328125 0.33702171718749996 0.2736439046875 0.33499497968749997 0.2877476421875 0.33935822656250003 0.30763695156250004 0.3535730640625 0.274092946875 0.3611335109375 0.2424195703125 0.3555400609375 0.2385358390625 0.3509334296875 0.2417440015625 0.34340838125 0.2545590328125
0 0.35966433593749997 0.1726116734375 0.35737319218749997 0.1943716109375 0.36630435 0.2050406625 0.3695081921875 0.20321886249999999 0.380878734375 0.1664354796875 0.3838535703125 0.153411534375 0.382563625 0.1479637453125 0.37662832812499997 0.13971202031250002 0.3705237671875 0.14171151875000002 0.35966433593749997 0.1726116734375
0 0.4052593421875 0.0186439953125 0.3959719609375 0.037906564062499995 0.3908929421875 0.05301005156250001 0.390420553125 0.064905378125 0.392432915625 0.08510125625 0.3959221828125 0.0910645265625 0.40539984999999995 0.0769920046875 0.40592865937499994 0.061679603125 0.41597385625000005 0.0383067796875 0.41948082343750004 0.034840878125 0.4196888078125 0.030601753125 0.41597053281249996 0.013436335937499998 0.4108704921875 0.01309855 0.4052593421875 0.0186439953125
0 0.346219459375 0.00909396875 0.3458122515625 0.00804886875 0.328133103125 0.0076373828125 0.32180454062499997 0.04196240625 0.3298086203125 0.0669929375 0.3451408171875 0.0242774984375 0.346219459375 0.00909396875
0 0.3051890390625 0.12897094375 0.30077269375000004 0.1373691515625 0.2936105140625 0.1699934515625 0.2947311984375 0.1856924640625 0.30022950625 0.18698116874999998 0.306351765625 0.1755524984375 0.317930290625 0.1345299890625 0.3171901765625 0.129211071875 0.3104970640625 0.1250696015625 0.3051890390625 0.12897094375
0 0.28481563906249996 0.2313926140625 0.278693378125 0.2428212859375 0.2721551515625 0.2627282078125 0.2718730453125 0.27981358125 0.2747560640625 0.28906505625 0.28330665312500003 0.2893540125 0.29196676093749996 0.25793837656249996 0.2949592984375 0.23548525781250002 0.2947690140625 0.230295209375 0.28942226875 0.22818445468749998 0.28481563906249996 0.2313926140625
0 0.2250431875 0.22767391093749997 0.21731015625 0.24472806875000003 0.20845976249999998 0.27095365781249997 0.212216759375 0.29413117187500004 0.2281198109375 0.2669858765625 0.23723460937500002 0.23310408593749998 0.23459829375000002 0.225625584375 0.22909998593749997 0.2243368796875 0.2250431875 0.22767391093749997
0 0.23047510781249997 0.1577683578125 0.23603316093750001 0.1805104328125 0.241626609375 0.18439416250000001 0.24778759374999998 0.17897759062500002 0.26245711875 0.14296743125 0.26397274843749996 0.1347469203125 0.262284534375 0.12834821093749998 0.2539032078125 0.11780803124999999 0.244386821875 0.12586845625 0.23047510781249997 0.1577683578125
0 0.291313815625 0.008231109375 0.291024825 0.006773678125 0.27572440625 0.00641755625 0.2718473765625 0.04225938125 0.2769684375 0.0580384359375 0.2835276859375 0.053572784375 0.291313815625 0.008231109375
0 0.21510195625 0.035819860937499996 0.21931031875 0.031660778125 0.2297571046875 0.03410931875 0.230268215625 0.028226092187500003 0.2234799609375 0.021489596875 0.22440703750000002 0.00712811875 0.224845453125 0.0052333359375 0.20268039999999998 0.0047174390625 0.20220581875 0.0062124218750000005 0.2044294859375 0.04703961875 0.21333962343750001 0.0422673984375 0.21510195625 0.035819860937499996
0 0.1578067078125 0.029251471875 0.1600624515625 0.026349878124999997 0.164652396875 0.0038323265624999998 0.146022409375 0.0033987093750000004 0.1438883515625 0.011410484375 0.14404323593749999 0.035458878124999996 0.14840316250000002 0.0304777453125 0.1578067078125 0.029251471875
0 0.17573540781250002 0.12178382968749998 0.1691053609375 0.1639661734375 0.1721399390625 0.172395596875 0.1796472890625 0.16900973749999998 0.1904325984375 0.15095583125 0.19708366718749998 0.124214759375 0.19355567812500002 0.11223939062499999 0.1867110015625 0.1089199703125 0.17573540781250002 0.12178382968749998
0 0.1288659234375 0.102222709375 0.1198849890625 0.1447116203125 0.12455136250000001 0.1629568296875 0.12819219375 0.1680980484375 0.1306946421875 0.16696942812499999 0.1365701984375 0.1537677859375 0.1472006234375 0.11166548437499998 0.1466120734375 0.1055245171875 0.135330028125 0.09516203437500001 0.1308749625 0.0975481453125 0.1288659234375 0.102222709375
0 0.15584194375 0.2234604140625 0.1558629640625 0.2389016859375 0.151467640625 0.262741165625 0.156645121875 0.2751031453125 0.15668384375 0.2811152453125 0.1750860234375 0.22797088593749998 0.1737573546875 0.2165109984375 0.1706663546875 0.21149865 0.1643150890625 0.211725175 0.15584194375 0.2234604140625
0 0.0991187859375 0.2106780421875 0.0897395828125 0.25221603125000003 0.08992986875 0.257406078125 0.09357069999999999 0.2625472984375 0.1071228640625 0.235708571875 0.11202929843750001 0.2059858625 0.10939298593749999 0.19850736093750002 0.10649226875 0.1986850609375 0.0991187859375 0.2106780421875
0 1 0.5911191921875 0.9968607265625 0.5860921765625 0.993011909375 0.5851900828125001 0.987097634375 0.592379628125 0.983477821875 0.6026796796875 0.9771121796875001 0.6372058234375 0.9772847640625001 0.6518250437499999 0.9843794671874999 0.681787878125 0.9967578515625 0.6675376578125001 0.9937973890625 0.6462619859375 1 0.6281482546875 1 0.5911191921875
0 0.90073110625 0.548124759375 0.8918453156249999 0.5932086937500001 0.88972675625 0.629587853125 0.8949783609375 0.6291035859375 0.8968358359374999 0.625251071875 0.9075049843749999 0.5891608703125 0.9148784687499999 0.5771678890625 0.9166762015625001 0.5518620046875 0.9156506609375 0.5387580171875 0.9052425968750001 0.542321575 0.90073110625 0.548124759375
0 0.8260282328124999 0.5177521125 0.8218585921875 0.52792329375 0.8171424406250001 0.5628360484375 0.8216959734374999 0.5879154062499999 0.824046859375 0.5876088375 0.82848090625 0.56978145625 0.8369927734375 0.5640583140625 0.8348734703125 0.5475535265625 0.8430729890625001 0.5217471015624999 0.8385404796874999 0.5121090140625 0.83289060625 0.5116423609375 0.8260282328124999 0.5177521125
0 0.743592328125 0.5044336265625 0.7384214890624999 0.5418125328125 0.74375385625 0.57822290625 0.7507113750000001 0.5747081765625001 0.7533266625 0.56674540625 0.7586103453125 0.5225323515625 0.76439075625 0.5067356828125 0.7623994187500001 0.501981075 0.7578104875 0.49576006406250006 0.7501128546875 0.493955875 0.743592328125 0.5044336265625
0 0.6857262265624999 0.4822950921875 0.68036178125 0.489613509375 0.6733301421875 0.5059744859374999 0.6710566984375 0.5183052515625 0.6703376046875 0.5284276046875 0.6742074437500001 0.54477096875 0.677809553125 0.543900090625 0.6806892484375 0.528281121875 0.6855602843749999 0.5174167609375 0.6945268421875 0.5092274671875 0.6986964812500001 0.4990562859375 0.7031515484375 0.49667017500000005 0.7053298531250001 0.48174438750000004 0.7045897359375 0.47642546875 0.6954893156249999 0.47600764218749997 0.6857262265624999 0.4822950921875
0 0.5540312265625 0.44370995312500006 0.5474576 0.48247522343749993 0.552617384375 0.5042663765625 0.5593248734375 0.4741082296875 0.5707728578125 0.44934904375 0.5709421203125 0.4390978203125 0.565954921875 0.4319258875 0.561954540625 0.43184584375 0.5540312265625 0.44370995312500006
0 0.4983290484375 0.44094525000000007 0.49360957812499995 0.45098756093750003 0.48639097812500004 0.48702893593749996 0.489806128125 0.505838453125 0.49905810781250004 0.505434228125 0.500383453125 0.4920236734375 0.5053496328125 0.4837543359375 0.5129841984375 0.439234709375 0.510746153125 0.432707128125 0.50744716875 0.43193390468750004 0.4983290484375 0.44094525000000007
0 0.43058701250000003 0.43192831875 0.42841203281249995 0.4717245515625 0.43139019218749997 0.48357105 0.43594040312500004 0.48377996406249996 0.4386508359375 0.47841221875000006 0.44520676249999996 0.44907612343750003 0.44977467187500003 0.4398558640625 0.4508356125 0.4341015078125 0.4489958359375 0.4285248484375 0.438510328125 0.420064209375 0.43530648593750004 0.4218860078125 0.43058701250000003 0.43192831875
0 0.3862022765625 0.42066775156249997 0.37877569375000003 0.4609482515625 0.3814120078125 0.468426753125 0.389412765625 0.4685868390625 0.38922248125 0.46339679375 0.398168015625 0.4397662265625 0.399190234375 0.42799977031249997 0.3948092875 0.4175396328125 0.38970924687499997 0.4172018484375 0.3862022765625 0.42066775156249997
0 0.3353324125 0.4010265890625 0.3291150125 0.40986023437499997 0.3220302765625 0.45450873124999996 0.3230558171875 0.46761272031249995 0.326241959375 0.47522009218749994 0.3360791734375 0.45608639218749997 0.34456669687499997 0.4100515359375 0.34342831406249996 0.40378169843749995 0.33878296093750004 0.400977759375 0.3353324125 0.4010265890625
0 0.25371074375 0.3801807703125 0.2411664203125 0.429552659375 0.24628748125 0.44533171562499996 0.253188578125 0.4452340578125 0.269373734375 0.401003390625 0.270794221875 0.39018785624999996 0.264270371875 0.3757951609375 0.2597201609375 0.3755862484375 0.25371074375 0.3801807703125
0 0.19406460781249998 0.37391895 0.1914493171875 0.38188171875 0.186599303125 0.40818735000000006 0.1870185921875 0.42457954375 0.19024345625 0.43819901406249995 0.20182530468749998 0.42204695000000003 0.207961940625 0.3763186625 0.20676713750000003 0.37346589531249996 0.1978182828125 0.37222601875 0.19406460781249998 0.37391895
0 0.1350988453125 0.351522675 0.13073891875000002 0.35650380937500004 0.12480694375000001 0.3731225265625 0.1214935796875 0.4066489203125 0.1304634578125 0.42333006875 0.13798850625 0.4105150390625 0.1429513609375 0.37737525625 0.14429440468750002 0.3545355265625 0.1405020109375 0.3502163578125 0.1350988453125 0.351522675
0 0.0666764359375 0.3586401953125 0.061181450000000005 0.3822219328125 0.064709440625 0.3941973015625 0.06950635625 0.3961791890625 0.073961421875 0.393793078125 0.08847938749999999 0.3586049703125 0.0902029984375 0.3461453359375 0.0810251375 0.3337033109375 0.0751672828125 0.33747578125 0.0666764359375 0.3586401953125
0 0.9492766609375 0.76703604375 0.9427948546874999 0.7835258921875 0.9376804359375001 0.817487725 0.9449620984375 0.8277701640625 0.9449444 0.8371993375000001 0.9491704640625 0.8236110812499999 0.94863833125 0.8140530375000001 0.9664940015625 0.7856502515625 0.966416559375 0.7736260546875 0.9687287234375 0.7673073875 0.9655038593749999 0.7536879187500001 0.9587543265624999 0.7529635203125 0.9492766609375 0.76703604375
0 0.8627806328125001 0.73218414375 0.8571551062499999 0.7720292046874999 0.8567778593750001 0.786519553125 0.8599640015625001 0.794126925 0.8639643828124999 0.7942069671875001 0.8776293875000001 0.7605340921875 0.877400384375 0.7493319484375001 0.8840724734375 0.7380321453125 0.8874068578125 0.719947025 0.878761128125 0.7170630453125 0.8754234203125 0.710277721875 0.8627806328125001 0.73218414375
0 0.773538775 0.7215583328124999 0.780478590625 0.727472778125 0.7816556953125 0.7397547140625 0.78679445625 0.7461045984375 0.7967268109375001 0.729565921875 0.7986761078125 0.7034379875 0.8086859046875 0.6989235093749999 0.8000965953125 0.6926224546874999 0.794746528125 0.6656412546875 0.7847190312500001 0.6795849046875 0.7795094703125 0.7109517140625 0.773538775 0.7215583328124999
0 0.7110029765625 0.6563041484375 0.7027234375 0.69809988125 0.701627096875 0.7227125828125 0.7025187749999999 0.7272094499999999 0.7100084234375 0.7332527640625 0.7096488765625 0.738313940625 0.7116579140625 0.733639375 0.7179140375 0.7308178265625 0.7134379484375 0.717762665625 0.720184159375 0.6936166171875 0.7217385109375 0.69140820625 0.72873475 0.6939055734374999 0.7285234421875 0.6732742546875 0.7263030984375 0.6573175015625 0.7171639578125 0.6508875781250001 0.7110029765625 0.6563041484375
0 0.63761106875 0.6468205640625 0.6257471171875 0.680058 0.62385424375 0.702768859375 0.6354958328125 0.7080701656249999 0.6488189906249999 0.6700292921875 0.6534256234375 0.6668211328125 0.6534997437500001 0.653974884375 0.6480755546875 0.6398399312499999 0.6414211640625 0.641710559375 0.63761106875 0.6468205640625
0 0.579632125 0.6315161796875 0.566537971875 0.6807591984375 0.56797948125 0.6853849375000001 0.581630109375 0.6860116781250001 0.5915801640625 0.660043828125 0.59637375625 0.637155271875 0.5950838109375 0.63170748125 0.584503159375 0.6206518171875001 0.579632125 0.6315161796875
0 0.5251872546875 0.597676190625 0.516509446875 0.638521 0.51791555625 0.6620050843749999 0.52085499375 0.667839484375 0.52881703125 0.6619874718750001 0.5353519359375001 0.6172101046875 0.5345343796875001 0.599866990625 0.5303437171875001 0.5945969 0.5251872546875 0.597676190625
0 0.46848885312500005 0.593460128125 0.46204576875000003 0.615962075 0.45994490781249997 0.642912059375 0.46328261406250004 0.64969738125 0.46868578125000004 0.6483910625 0.4754319921875 0.624245015625 0.48250235 0.6138961359375 0.48492735624999994 0.6007433203125 0.47914362187500004 0.5916695437499999 0.4730954828125 0.5902519671875 0.46848885312500005 0.593460128125
0 0.398071784375 0.570952596875 0.38918266875 0.5911660875 0.3858482859375 0.6092512109375 0.3882799359375 0.64583928125 0.3909516484375 0.6344594375 0.40338645156249997 0.61679214375 0.40677725625 0.595289946875 0.4050680203125 0.5734499640624999 0.4025268515625 0.5685664859374999 0.398071784375 0.570952596875
0 0.32536689218750003 0.5950754468749999 0.320100909375 0.6298593296874999 0.3222825359375 0.6398039859375 0.33545745312499997 0.6274556078125 0.3387531171875 0.6033583874999999 0.3449882171875 0.585095565625 0.343395146875 0.5812918796875 0.339204484375 0.576021790625 0.33450270937500004 0.5766349281250001 0.32536689218750003 0.5950754468749999
0 0.2569832046875 0.6082050640625 0.264585696875 0.6074142296875 0.26839579062499996 0.6023042249999999 0.27804271875 0.5779804796875 0.2829491515625 0.5482577703125 0.2726539296875 0.5449871796875 0.26744104687500003 0.5514835453125 0.2569832046875 0.6082050640625
0 0.2088516265625 0.5531875703125 0.2006849265625 0.588149153125 0.20451604375 0.5984804203125 0.215132090625 0.5906777359375 0.22388734375000002 0.5618571234374999 0.22782797968750002 0.540483796875 0.219883640625 0.536906634375 0.2152770109375 0.5401147953125001 0.2088516265625 0.5531875703125
0 0.16213792968750002 0.5190841953125 0.1484552234375 0.5621862421875 0.1515285265625 0.576627765625 0.1595292828125 0.5767878515625 0.171375534375 0.5529795875 0.177022084375 0.5285757984375 0.17404392500000002 0.5167293 0.1667445609375 0.5158760328125 0.16213792968750002 0.5190841953125
0 0.0899231265625 0.5218825453125 0.0816435875 0.563678278125 0.08668720625000001 0.5674331359375 0.096147171875 0.5627897859375001 0.10573768125 0.5418831140625 0.1097944796875 0.538546084375 0.1134319890625 0.5188168578125001 0.1099427203125 0.5128535890625 0.1008423015625 0.5124357609375 0.0899231265625 0.5218825453125
0 0.0405688921875 0.494020871875 0.028267953125000002 0.5202952890625 0.023435637500000002 0.5371717484375 0.024820725 0.5452145609375 0.0323667953125 0.5478407984375 0.043342390625 0.534976940625 0.054543668749999996 0.5084447812499999 0.055509467187499995 0.5000954015625 0.0527215921875 0.4934389515625 0.0428246359375 0.4911192796875 0.0405688921875 0.494020871875
0 0.039879695312500005 0.7279772203125 0.041511489062500004 0.73779300625 0.044905615625 0.741161253125 0.05934945781249999 0.7188193921875 0.06480572500000001 0.68922555625 0.0560648515625 0.6837465515625001 0.0470418734375 0.695352921875 0.039879695312500005 0.7279772203125
0 0.9457188249999999 0.9574413015625 0.9577933375000001 0.8919512375 0.95539783125 0.8893887656249999 0.9484403140625 0.8929034953125001 0.9440239671875 0.9013017031249999 0.9388708265625001 0.9292514390625 0.9406364828125 0.9476743453124999 0.9457188249999999 0.9574413015625
0 0.848011553125 0.874510228125 0.8435952062500001 0.8829084359375001 0.8374408703125 0.938065896875 0.8446273921874999 0.9457533124999999 0.8521524390625 0.93293828125 0.8559061124999999 0.93124535 0.8546725875 0.9223804890625 0.8619509296875 0.9077924828124999 0.8653417359375 0.8862902859374999 0.863653521875 0.8798915765625 0.854722365625 0.869222525 0.848011553125 0.874510228125
0 0.7587696937499999 0.86388441875 0.753366528125 0.8651907359375001 0.7490066015625 0.8701718703125 0.745633496875 0.88224489375 0.7408753031249999 0.8862751062499999 0.744896703125 0.9017964203125001 0.7431166703125001 0.9176731296874999 0.7463028125 0.925280503125 0.7495486984374999 0.9543412453125001 0.7525058375 0.9507464734375001 0.764235925 0.908901915625 0.7625654109375 0.8930740328125 0.7651419796875001 0.8790991640625 0.7587696937499999 0.86388441875
0 0.6748745796875 0.8553693671874999 0.672128746875 0.8795954578125 0.6672577125 0.8904598187499999 0.6716950796875001 0.89750288125 0.6724562171875 0.9182630703125 0.6784302359375001 0.9325268937500001 0.6818774624999999 0.907607621875 0.6888913999999999 0.9006758171874999 0.6905585921874999 0.8916332578124999 0.6912179421875 0.8600575359375 0.693131840625 0.8527879468749999 0.6872529640625 0.8411191453125 0.6824560468749999 0.839137259375 0.6748745796875 0.8553693671874999
0 0.6679273234374999 1 0.6643702828125 0.9901192921874999 0.65972493125 0.9873153546875001 0.654871596875 0.9887505437499999 0.6472952296875001 1 0.6679273234374999 1
0 0.5911827390625 1 0.5986549875 0.9669986249999999 0.589420703125 0.9579736750000001 0.5838095531249999 0.9635191187500001 0.5783532874999999 0.9931129546875 0.578239571875 1 0.5911827390625 1
0 0.6029175375 0.800770628125 0.6005489515625 0.810506371875 0.5988109609375 0.857265621875 0.60478498125 0.8715294484375 0.610188146875 0.8702231296875 0.6132227265625 0.8786525546874999 0.61784705625 0.86601521875 0.61600728125 0.8604385609375 0.616973078125 0.8520891796875001 0.6282517999999999 0.8375812187499999 0.6229050546875 0.8354704609375 0.6194722046875001 0.826090115625 0.6247204875000001 0.8007354046874999 0.623525684375 0.7978826390625 0.608377125 0.7960472359375 0.6029175375 0.800770628125
0 0.529469209375 0.7947041171875 0.5237518609375 0.8568245984375 0.5254964953125 0.8598062343749999 0.5313543515625 0.8560337640625001 0.536073821875 0.845991453125 0.5432780453125 0.8442496937499999 0.5469188765624999 0.849390915625 0.548624790625 0.8463604515625001 0.5487376312500001 0.839526303125 0.5446598125000001 0.8274220640625 0.5503804828125001 0.7901720265625001 0.5460559546875 0.7762948140625 0.542358703125 0.7745706703125 0.529469209375 0.7947041171875
0 0.5116513671875 1 0.5160531390624999 0.9888018046875 0.5203179234374999 0.981225646875 0.524772990625 0.9788395359375001 0.5308919296875 0.9425404203125 0.5295068421875 0.9344976078125 0.5232684171875001 0.9278899859375 0.5186617874999999 0.9310981453125 0.5123315421875 0.94676594375 0.504922659375 0.9776172703125001 0.502783078125 0.9985551578124999 0.5027693515625 1 0.5116513671875 1
0 0.44604539374999996 0.9080751312500001 0.441843675 0.9619751031250001 0.44887863437500003 0.9704845703125 0.45287901406250003 0.9705646124999999 0.45528632187499996 0.9668409703125 0.45956548125 0.9249651968749999 0.46384796406250006 0.9079598640625001 0.4582722140625 0.8946469640625001 0.4488122484375 0.8992903125 0.44604539374999996 0.9080751312500001
0 0.4921338109375 0.7576533984375 0.48707249218750004 0.7633277140625 0.4745668890625 0.8187117 0.4772242234375 0.841631475 0.48092147656249995 0.8433556187500001 0.4834416265625 0.8327978265624999 0.489109196875 0.8238353093749999 0.500856984375 0.772561575 0.5003248515625 0.763003534375 0.4966840203125 0.7578623125 0.4921338109375 0.7576533984375
0 0.42008736718749995 0.7887911765625 0.42020352968749997 0.8068274703125 0.42268827968749995 0.8151280234374999 0.4363566078125 0.806325590625 0.43552135156249994 0.7984116484375 0.43845746874999997 0.77937560625 0.4434800640625 0.76768919375 0.44169670937500005 0.7586954593749999 0.4348133140625 0.7493639421875 0.42357331406250004 0.7698840015624999 0.42008736718749995 0.7887911765625
0 0.3848061859375 0.8980096234375001 0.378817790625 0.9180454171875001 0.37571241093749996 0.947332684375 0.3766040890625 0.9518295531250001 0.3827473703125 0.9558421515625 0.38242654374999996 0.9669154265625 0.3854788265625 0.9659156765624999 0.38494669375 0.956357634375 0.3903675609375 0.94562214375 0.39552069843750004 0.9176724093749999 0.3964090546875 0.89729883125 0.390512478125 0.8950592046875 0.3848061859375 0.8980096234375001
0 0.32923455 0.8789815984375 0.32038415625 0.9052071875 0.316083975 0.931641690625 0.317278778125 0.93449445625 0.3215822828125 0.9329303953125001 0.3347749015625 0.9111528453125001 0.34040375156249997 0.8961782296875 0.342733615625 0.8804303890625 0.341595234375 0.87416055 0.33679831875 0.8721786640625 0.32923455 0.8789815984375
0 0.369598975 0.7409394578125 0.3655421765625 0.7442764890625 0.355651865625 0.7916977078125 0.355235896875 0.8001759578125001 0.36136147812499997 0.8136177328124999 0.368375415625 0.8066859281250001 0.373665740625 0.8122137578125 0.3742542921875 0.818354728125 0.376319753125 0.8102630890625001 0.3730948890625 0.7966436171875 0.3790799625 0.751737378125 0.378339846875 0.7464184625 0.37399762187499996 0.7419704234375 0.369598975 0.7409394578125
0 0.29946733281250004 0.7262169984375 0.2875856796875 0.7688836078125 0.287056871875 0.7841960078125 0.2893900578125 0.7933186109375 0.29378870468749996 0.7943495765625 0.301010628125 0.7831786468749999 0.3115636125 0.72905215 0.3082259046875 0.7222668265625 0.3038272578125 0.7212358625 0.29946733281250004 0.7262169984375
0 0.2642980890625 0.8671919453125 0.2566425015625 0.8962703 0.25289215 0.9228336734375 0.2622005515625 0.9190123734375 0.2684743734375 0.9067616515625 0.275048 0.8679963828125 0.2711604640625 0.8610821906250001 0.2682597484375 0.8612598890625 0.2642980890625 0.8671919453125
0 0.20004200156250002 0.8392678390625001 0.1936199375 0.87721105625 0.19508246875 0.897278065625 0.20188842031249998 0.8945853874999999 0.20378461875 0.896744971875 0.2061919265625 0.8930213281249999 0.21532442343749997 0.8497103656249999 0.216914171875 0.8286436078125 0.2141262984375 0.8219871578125 0.2091778203125 0.8208273203124999 0.20004200156250002 0.8392678390625001
0 0.23947935 0.7155871781250001 0.2353661265625 0.722341284375 0.2234844765625 0.765007896875 0.227639740625 0.78913633125 0.2351083671875 0.7797383734375 0.2424608296875 0.7523041218750001 0.2493409046875 0.7367651953125 0.25151920625 0.72183940625 0.2505323875 0.7147475156249999 0.24603859843749998 0.7111215265624999 0.23947935 0.7155871781250001
0 0.14211947656249999 0.8205463828124999 0.13849966875 0.8308464343749999 0.1338399375 0.8623421125 0.135662015625 0.8773479453125 0.145312265625 0.8778946421875 0.160017190625 0.8230261390625 0.1569826109375 0.8145967140625 0.151484303125 0.8133080093749999 0.14211947656249999 0.8205463828124999
0 0.16721795 0.6844166265625 0.1656636 0.6866250375 0.16896590625000002 0.7122687046875 0.1688917859375 0.7251149515625 0.164648025 0.74813238125 0.16703763124999998 0.7538379109375 0.171739403125 0.7532247734374999 0.17359687968749998 0.7493722593750001 0.186254046875 0.693166221875 0.1828599171875 0.6897979734375 0.1718068796875 0.6906376359374999 0.16721795 0.6844166265625
0 0.10875679375 0.7183935484374999 0.1059722390625 0.7366075421875 0.10993721875 0.7555459296875 0.1131797828125 0.7597362296875 0.11653519062499999 0.7570923781250001 0.12328140000000001 0.7329463281249999 0.128755365625 0.69392331875 0.122516940625 0.6873156953125 0.1170573546875 0.6920390875 0.10875679375 0.7183935484374999
0 0.077017078125 0.843878396875 0.070270865625 0.8680244437500001 0.07112714375 0.8913796578125 0.077781534375 0.8895090296875001 0.083847375 0.881497434375 0.08797829375 0.865314153125 0.09355072343750001 0.8537566125 0.097188234375 0.8340273874999999 0.095746725 0.82940165 0.0868930109375 0.8307567953125 0.077017078125 0.843878396875
0 0.030355575000000003 0.82007815 0.0240994515625 0.8228997 0.023950882812499998 0.8231384359374999 0.0254901296875 0.8760389625 0.0297559671875 0.8731072421875 0.0392867328125 0.8307472015625 0.03759851875 0.8243484921875 0.030355575000000003 0.82007815