0 0.1159356453125 0 0.1092857890625 0.022456403125 0.12011200468750001 0.01636125 0.13261537031249998 0.0184500078125 0.1407276203125 0.01598081875 0.141378428125 0.0110135328125 0.1350157140625 0.0048050671875 0.126635465625 0 0.1159356453125 0
0 0.13640940625 0.0970317921875 0.133094053125 0.0916105421875 0.1183740625 0.080390159375 0.09371086875 0.0750525265625 0.0876382578125 0.0955595890625 0.092264815625 0.0993224578125 0.1149860234375 0.10290956250000001 0.1386489984375 0.1033163453125 0.1468722796875 0.10601124375 0.1490238046875 0.1042846390625 0.13640940625 0.0970317921875
0 0.0910666484375 0.1532199953125 0.0719620765625 0.148497675 0.0660822875 0.1683535765625 0.0760710828125 0.1761644625 0.080799084375 0.17681523125 0.0906149390625 0.1713625265625 0.125931371875 0.16565010625 0.12503553437499998 0.1631362828125 0.0910666484375 0.1532199953125
0 0.098914915625 0.24026690468749998 0.064880925 0.21949238750000002 0.051796224999999994 0.21659726406250002 0.045944196874999996 0.23635941875 0.0694022453125 0.24576679375000002 0.07749153125 0.24614467499999998 0.098509134375 0.2527152953125 0.1037080203125 0.2517759046875 0.0975022671875 0.245037384375 0.098914915625 0.24026690468749998
0 0.033094328125 0.279753115625 0.0286994203125 0.2945946078125 0.0337183796875 0.29703234375 0.04050605 0.3073447921875 0.04583893125 0.30872241875 0.073984878125 0.30229887031249997 0.05135552812500001 0.28732348281250003 0.033094328125 0.279753115625
0 0.010300534375 0.3567272015625 0.038814034375 0.3656795609375 0.056068365625000005 0.36557201875 0.0545906140625 0.35948426875 0.038055985937499995 0.346083315625 0.015124831250000002 0.3404356703125 0.010300534375 0.3567272015625
0 0 0.42123364218750003 0.011755439062500001 0.426591059375 0.037883859375 0.42421113281249995 0.0319461 0.42210664531250003 0.0237687484375 0.413717609375 0.013887790624999998 0.408312084375 0 0.4024881171875 0 0.42123364218750003
0 0 0.48767205 0.001637253125 0.48845512500000005 0.01665199375 0.4820630296875 0.01064913125 0.469100315625 0 0.4660460171875 0 0.48767205
0 0 0.556666278125 0.005232190625 0.5538616640625 0.015002118749999998 0.554103096875 0.0124486046875 0.5488786515624999 0 0.5442302406249999 0 0.556666278125
0 0.9535649578125 0.11811529375 0.9480751140624999 0.11726771875 0.9381252625000001 0.1204034078125 0.92846636875 0.12532605937500002 0.9264488390625001 0.1293696828125 0.9317357921875 0.1364414515625 0.9477114734375001 0.14342140781249998 0.9493461859375 0.148979103125 0.953917225 0.150159928125 0.9594300312499999 0.14816043125 0.9950824140625001 0.15737041093749998 0.9957996921875001 0.1327191796875 0.986144159375 0.129954990625 0.9720060828125 0.12230853593749999 0.96223615625 0.12206710312499999 0.9535649578125 0.11811529375
0 0.9338070500000001 0.20145438124999998 0.9287191984375 0.2075578578125 0.920606946875 0.21002704843750003 0.9144203687499999 0.2198408984375 0.92456931875 0.22988045625 0.9526004453124999 0.237692259375 0.96994284375 0.2455958765625 0.9925244359375001 0.24528241718750002 0.9930501859374999 0.227213584375 0.9860141734375001 0.2217881078125 0.9565933624999999 0.2158997140625 0.95114945 0.20935799843749997 0.9338070500000001 0.20145438124999998
0 0.9186201859375001 0.28597429218750003 0.9069896921874999 0.2892464265625 0.9035595171875 0.29806052968749996 0.9462647046875 0.32278685625 0.951754546875 0.3236344296875 0.9786677734375001 0.3186042375 0.9829937875000001 0.3123039546875 0.9906800812500001 0.3086687609375 0.9907022874999999 0.307905603125 0.982748759375 0.30482285 0.9707622046875001 0.295449790625 0.9283901125 0.2862157296875 0.9186201859375001 0.28597429218750003
0 0.8841384968750001 0.37749243906249996 0.9165837046875 0.38701512031249996 0.944951715625 0.390919746875 0.9467012499999999 0.3822420875 0.9002978921875 0.3616958296875 0.8841422874999999 0.358093 0.8749313109375001 0.3642725640625 0.8738325843749999 0.36798293593750003 0.8841384968750001 0.37749243906249996
0 0.8636684703125 0.4355411421875 0.860889103125 0.439387959375 0.8629717328125001 0.44620256718749995 0.9143940515625 0.4691865609375 0.9227742921875001 0.4713514046875 0.9540786328124999 0.4708791578125 0.9455643968749999 0.466397296875 0.93774689375 0.45125400937500004 0.9319660953125 0.44861947031250005 0.9219741062500001 0.4380498609375 0.9143786671875 0.4332347484375 0.8969903390624999 0.431025271875 0.888250246875 0.43561467656249997 0.8690243171875001 0.43407169999999995 0.8636684703125 0.4355411421875
0 0.902683290625 0.5391982296875 0.9181000203125 0.5397571859375 0.9310972328125 0.5374087125 0.90835685 0.5172692390625 0.8827452421875 0.5123648640625 0.8740740406249999 0.50841305625 0.8566857125 0.50620358125 0.8396764109375001 0.513792228125 0.85392551875 0.5266027703125 0.902683290625 0.5391982296875
0 0.8421688296875001 0.6023085796875 0.8545152343750001 0.6049273921875 0.8712527546875 0.6121041515625001 0.8877452453125001 0.61179980625 0.88933781875 0.6036522015625 0.8802416671875 0.5955964125000001 0.8548099812500001 0.5873149140625 0.8485812640624999 0.5834234640625 0.8394391828125001 0.5810618171875 0.8333214953124999 0.58233445625 0.82245284375 0.5858033921875 0.8234826765625 0.5906342328124999 0.8421688296875001 0.6023085796875
0 0.8061251140625 0.6603283796875 0.8450670296875 0.6783765421875 0.8583322359375 0.6806621046875 0.8661305625000001 0.6792530203125 0.865885534375 0.671771915625 0.8555796234375 0.6622624109374999 0.8169286640625 0.6460012109375 0.8010640171875 0.64418534375 0.79631305 0.6463816453125 0.7959761640624999 0.6502888203125 0.8061251140625 0.6603283796875
0 0.783078609375 0.7159997031249999 0.7921747625 0.72405549375 0.82706245 0.73363853125 0.8421652578125001 0.735257596875 0.846154384375 0.7328644921875 0.84664823125 0.7284272625 0.837866 0.7193113656250001 0.7982503109375 0.70907755625 0.787561584375 0.7091693703125 0.7828106171875 0.7113656703125 0.783078609375 0.7159997031249999
0 0.759132478125 0.7885566484375001 0.7988362359375001 0.8068016171875 0.816358559375 0.8113281109375 0.823842965625 0.810979134375 0.8280120156249999 0.8052089078125 0.820462509375 0.794699653125 0.7886681109375 0.780209690625 0.7648941046875 0.7746388171875 0.7551012125 0.777244453125 0.7551892812500001 0.7852556125000001 0.759132478125 0.7885566484375001
0 0.7459210015625 0.8553276406249999 0.7940279671875 0.8728903812500001 0.8100955031250001 0.868482053125 0.8083038312499999 0.8634544109375 0.79905071875 0.8559286765625 0.760981671875 0.843241403125 0.7489262250000001 0.84240955625 0.742651578125 0.844212246875 0.7406340499999999 0.8482558703124999 0.7459210015625 0.8553276406249999
0 0.7333603359375 0.9171313453125001 0.7368326515625 0.9220225421875 0.774296815625 0.9339829578125001 0.792178990625 0.931755203125 0.7971098828125001 0.9261817796875 0.7919798921875 0.9185799578125 0.7781557375 0.909873396875 0.768094853125 0.907844996875 0.75512060625 0.9073463984375 0.7344820265625 0.9105738999999999 0.7333603359375 0.9171313453125001
0 0.7732364375 0.9707980703124999 0.75174795 0.9658176125000001 0.723513934375 0.9642300046875001 0.720286646875 0.9668199109375 0.7203976796875 0.971984 0.7263124750000001 0.9769355578125 0.7607781546875 0.9908089703125 0.7685551625 0.9907184765625001 0.7712610468750001 0.9885469953125 0.785154096875 0.9887123421874999 0.7909808234375 0.9856527406250001 0.7732364375 0.9707980703124999
0 0.6359324203125001 0.6728524359375 0.6571069859375 0.6788930046874999 0.6708852109375 0.6932937046875 0.6766889765624999 0.6930811734375 0.682852590625 0.6861143937499999 0.6862138734375 0.685841503125 0.7043410765625 0.6910948546875 0.7057537265625 0.6863243734375 0.6928062328125 0.6635792640625 0.6639903031250001 0.658417728125 0.633470765625 0.6562397078125 0.6278890640625 0.666780415625 0.6359324203125001 0.6728524359375
0 0.6312811125 0.738411146875 0.6443893578125001 0.7412267625 0.67239751875 0.7518856359375 0.692856171875 0.75203525625 0.6895408187500001 0.74661400625 0.6823933 0.74305580625 0.6749777875 0.7348635703124999 0.6315758609375 0.7207986703125 0.621178090625 0.72267745 0.617927840625 0.7281144265624999 0.6312811125 0.738411146875
0 0.6089275562500001 0.8028204875 0.6445081890625 0.8211415453124999 0.6501090640625 0.82715320625 0.6562726796875 0.8201864265625 0.6755445390625 0.8160352640624999 0.67514255 0.8090842109375 0.671513275 0.804723065625 0.652938153125 0.79821280625 0.6381951953125 0.7898394953125 0.62950103125 0.7887347578125 0.610409096875 0.7895087984375 0.60610605 0.7929620078124999 0.6089275562500001 0.8028204875
0 0.5971057625 0.8676680687499999 0.620206 0.8810532953125 0.6471613609375 0.8897284015625001 0.6649095421875 0.8851836296875 0.6622220328124999 0.8776421640625 0.647479075 0.8692688531250001 0.60815434375 0.8608220078125 0.6002220171875 0.8599140734375 0.59455225 0.862443621875 0.5971057625 0.8676680687499999
0 0.580980925 0.9359688609375001 0.6044180453125 0.945446909375 0.626668371875 0.9506241734374999 0.633547896875 0.9495483390624999 0.6357223859375 0.9449746625 0.6301674421875 0.9332688593749999 0.6207344 0.929120246875 0.6067073578125 0.9266378812499999 0.582282540625 0.9260342937500001 0.57918925 0.9309412187499999 0.580980925 0.9359688609375001
0 0.5456569109375 0.9804801640624999 0.541935775 0.9875073015625 0.54371670625 0.9933347093749999 0.601232190625 0.9926654562499999 0.601137246875 0.992529840625 0.5630682015625 0.9798425671875 0.5536121984375 0.9785410265625 0.5456569109375 0.9804801640624999
0 0.5163500484375 0.506158115625 0.567573265625 0.5159668625 0.58818888125 0.5155864296875 0.5929398453125 0.5133901296875 0.5881008125 0.5075752734375001 0.5657394546875001 0.49723391875 0.5241062375000001 0.491043734375 0.5123187828125 0.49484591875 0.512720771875 0.5017969703125 0.5163500484375 0.506158115625
0 0.517142653125 0.5782585421875 0.541184653125 0.58846345 0.5617773015624999 0.5909300875 0.5518771703125 0.56897219375 0.5055618796875 0.5564370953125 0.5020436359375 0.5572400390625 0.50181778125 0.5663113046875 0.517142653125 0.5782585421875
0 0.4916995953125 0.6281753671875 0.4960907109375 0.632733315625 0.5043139937500001 0.6354282140625 0.509512878125 0.634488825 0.5430108828125 0.6459952734375001 0.546372165625 0.6457223812499999 0.5451853718749999 0.6414215984375 0.5555831390625 0.6395428203125 0.555942990625 0.6327885703125 0.5498941984375 0.6255199984375001 0.5217061125 0.6182382484375 0.5119361859375 0.6179968140625001 0.49604857343750003 0.6190280171875 0.49190248593749997 0.6219511734375 0.4916995953125 0.6281753671875
0 0.463228353125 0.693857346875 0.46853827031249995 0.698082046875 0.5022161984375 0.706211371875 0.5444542953125 0.7131284171875001 0.549967103125 0.711128921875 0.5481754296875 0.706101278125 0.5431564703125 0.7036635453125 0.5175907890625 0.6930650296875001 0.48651230312499993 0.684466009375 0.4677113265625 0.687027015625 0.4623325171875 0.691343528125 0.463228353125 0.693857346875
0 0.45095864218750004 0.75744801875 0.464020959375 0.7659577750000001 0.4922090453125 0.7732395249999999 0.516162978125 0.775433271875 0.5245891484375 0.7719039765625 0.5139463515625 0.7663016484375 0.5019827625 0.7540815171874999 0.48277979687499994 0.7496914703125 0.4548597015625 0.74704375625 0.451184496875 0.7483767546875 0.45095864218750004 0.75744801875
0 0.4492666296875 0.8157827859375001 0.453971665625 0.819280628125 0.4920636765625 0.8291208296875 0.5107076921875 0.8270898796875 0.5142489 0.8234398640625 0.5155045874999999 0.8191994390625 0.510194671875 0.8149747390625001 0.47712162031250005 0.807572271875 0.454063525 0.8078923453125 0.4500743984375 0.8102854484374999 0.4492666296875 0.8157827859375001
0 0.426327365625 0.896017640625 0.4354464828125 0.9012263609375 0.4819187359375 0.9132314062500001 0.5022433937499999 0.9110640109375 0.49424596562499995 0.8992978468749999 0.43406058906249995 0.8837503281249999 0.4265761859375 0.8840993062500001 0.4228550515625 0.8911264437499999 0.426327365625 0.896017640625
0 0.3868802296875 0.9406050296874999 0.38349597968750004 0.943724990625 0.386340453125 0.9507364015625 0.4076490125 0.9590939859375001 0.43218485937500006 0.9648616609375 0.44764751875000003 0.9597264765625001 0.44921712812500003 0.9544259437499999 0.44345929218749996 0.948944334375 0.41085712656249995 0.9399517062499999 0.40642007968750005 0.9410879 0.393154875 0.9388023390625 0.3868802296875 0.9406050296874999
0 0.33821365625 0.5759725625 0.3546602203125 0.581362359375 0.3767535859375 0.5870696765625001 0.39266416249999997 0.5831914015625 0.39436776875 0.5802078875000001 0.375972571875 0.5703205015624999 0.35007000625 0.563629165625 0.3425855984375 0.5639781421875 0.33400246875 0.5680374921875 0.33503230156249997 0.5728683296875 0.33821365625 0.5759725625
0 0.3147843375 0.6412452078124999 0.3237464953125 0.6469839796875 0.3692999453125 0.659322275 0.38731611875 0.6594115375 0.3931428453125 0.6563519359375001 0.3873620453125 0.6537173984375 0.38496549375 0.647962896875 0.365942453125 0.640195725 0.3717691828125 0.6371361234374999 0.37073934999999997 0.6323052828125 0.3344160484375 0.6303397953125 0.3254309265625 0.62744809375 0.3185514 0.628523928125 0.3123877859375 0.6354907062499999 0.3147843375 0.6412452078124999
0 0.2965309390625 0.708425534375 0.3045972609375 0.7116504828125 0.310041171875 0.7181922000000001 0.316449815625 0.718706525 0.33820629375 0.7283210203125 0.3717272640625 0.736980396875 0.36762710468750004 0.7342094140625 0.3663522453125 0.72189746875 0.34663625468750003 0.7053922828125 0.29848336249999996 0.6935236812500001 0.290371115625 0.6959928718749999 0.290168225 0.702217065625 0.2965309390625 0.708425534375
0 0.31114769999999997 0.7892325203125 0.339561640625 0.7874430046875001 0.326434221875 0.7680750187500001 0.2808807734375 0.755736721875 0.27731659999999997 0.762233809375 0.2795561921875 0.7685183609374999 0.31114769999999997 0.7892325203125
0 0.3037399890625 0.855790978125 0.31474263750000003 0.8546390578124999 0.319807525 0.8513826515625 0.3262161703125 0.851896978125 0.3253662609375 0.8436890140625 0.30925658437500003 0.8343920421875 0.2588181734375 0.8219330296875 0.2540212765625 0.829823471875 0.27100382500000003 0.8444813343750001 0.3037399890625 0.855790978125
0 0.2555527578125 0.9049677703125001 0.2892077234375 0.9159441671874999 0.305857175 0.915109765625 0.3092414234375 0.9119898046875001 0.306239990625 0.9055084484375 0.282086959375 0.8901394546875 0.2653264734375 0.8858097656249999 0.25203830625 0.886371271875 0.2424023765625 0.8884468562500001 0.2406758046875 0.8942774421875 0.2555527578125 0.9049677703125001
0 0.269594090625 0.3756540734375 0.30692426093749997 0.385297471875 0.3008525046875 0.3808759671875 0.30287003125 0.376832346875 0.30883075625 0.3760897609375 0.3061202828125 0.37139536562500003 0.2972921234375 0.3679736109375 0.29077244687500003 0.362295196875 0.271592446875 0.3550580796875 0.26516083749999997 0.357390825 0.251738671875 0.3556353171875 0.2460459390625 0.36101193593750003 0.24891337500000002 0.365176275 0.269594090625 0.3756540734375
0 0.23924310937499998 0.4282972515625 0.24883310781249998 0.43191580937499996 0.2656816609375 0.44425665781249996 0.27883583437500004 0.44137813125 0.292862878125 0.4438604984375 0.3002132875 0.441194503125 0.30207385468750003 0.4376809328125 0.286480990625 0.421099659375 0.25739706562500003 0.411304090625 0.2471562578125 0.412652815625 0.2369613765625 0.408307396875 0.2291630515625 0.40971648125 0.229565040625 0.416667534375 0.23924310937499998 0.4282972515625
0 0.2385579625 0.494309928125 0.254644671875 0.506453971875 0.272346921875 0.5076033421874999 0.27299773125 0.50263605625 0.281871821875 0.5003636703125001 0.2799231859375 0.49586608125 0.26625599218749996 0.4866294671875 0.2386957484375 0.47722750625000004 0.2161315 0.4731103484375 0.21211940937499998 0.47835052187500005 0.21406804375 0.4828481125 0.2385579625 0.494309928125
0 0.21044656874999998 0.5532376609375 0.236169209375 0.563306121875 0.24961434218749998 0.562214559375 0.2545222671875 0.5594882078125 0.26429219531250003 0.5597296421875 0.2579294796875 0.5535211765625 0.2349632421875 0.5424529671875 0.212421959375 0.5354887390624999 0.2061932421875 0.5315972906249999 0.1923231578125 0.52858486875 0.186630425 0.533961490625 0.1858226546875 0.5394588265625 0.21044656874999998 0.5532376609375
0 0.171803409375 0.611727153125 0.190960446875 0.6218113421875 0.238531425 0.630106015625 0.24534585 0.6181719515624999 0.227869453125 0.6079513171875 0.20971928593750003 0.6055450375 0.200891125 0.6021232828125 0.1784608734375 0.6003231437500001 0.1724771828125 0.6039128 0.171803409375 0.611727153125
0 0.161551228125 0.6712742 0.1711182640625 0.67773983125 0.1872509046875 0.6841897343750001 0.22791939218750001 0.6964073109375 0.22155667656250003 0.69019884375 0.22464996718750002 0.6852919187500001 0.21981093437500002 0.679477059375 0.207533421875 0.6683170375 0.19534398125000002 0.665168171875 0.167737809375 0.6614603515625 0.16191107968750001 0.664519953125 0.161551228125 0.6712742
0 0.1399595109375 0.7358803468749999 0.148293825 0.74373933125 0.18710174531249998 0.7594704812499999 0.21031680156250002 0.758620353125 0.210676653125 0.7518661062499999 0.1927523390625 0.740388559375 0.17998098125 0.7336657671875 0.15392145468750001 0.727504484375 0.14675096875 0.7267933546875 0.1415291203125 0.7305798125 0.1399595109375 0.7358803468749999
0 0.1145585921875 0.7995024734375 0.1228929046875 0.8073614578124999 0.1686033171875 0.8191697 0.182676290625 0.815957925 0.1951796578125 0.8180466828125 0.1920212640625 0.812095378125 0.1666125453125 0.800966809375 0.151375740625 0.79703073125 0.14165174375 0.7910951546875 0.1213730171875 0.7875684093750001 0.1146504515625 0.7881141890625 0.11323780312500001 0.79288466875 0.1145585921875 0.7995024734375
0 0.09836865 0.856945034375 0.10533624374999999 0.863880359375 0.15010489062500001 0.8788689218749999 0.158978978125 0.8765965359375001 0.15644843125000002 0.8685250171875 0.1441479546875 0.8602120640625 0.10424130937500001 0.8481912890625001 0.10011818593749999 0.8482673765625 0.09733881718750001 0.8521141968749999 0.09836865 0.856945034375
0 0.1916179609375 0.123846875 0.210663965625 0.128766978125 0.2225165234375 0.1358230203125 0.25045958281249997 0.1356236625 0.23784518437500002 0.12837081875 0.23804807499999997 0.122146621875 0.22913184687500002 0.110713709375 0.1926975140625 0.10358413125000002 0.17468134375 0.1034948703125 0.1713851625 0.11462598906250002 0.1916179609375 0.123846875
0 0.168165678125 0.19196659062500002 0.2059667296875 0.200019828125 0.223714909375 0.19547505625 0.21327500000000002 0.183648534375 0.1668027484375 0.1716434890625 0.156538975 0.17583928437500002 0.153893603125 0.18200312031250002 0.168165678125 0.19196659062500002
0 0.160666109375 0.26991333125 0.1759029125 0.2738494109375 0.1914766015625 0.27387831406249996 0.2101435828125 0.26900029375 0.1908066203125 0.2622932296875 0.182763265625 0.2562212078125 0.14559005625000002 0.24604775625 0.1382626109375 0.24586667968749998 0.1325928421875 0.248396228125 0.1316281125 0.2544236203125 0.160666109375 0.26991333125
0 0.133071528125 0.3215567625 0.155275925 0.3324281671875 0.1624004796875 0.3388334375 0.166366640625 0.33928740468749996 0.1695939265625 0.3366974984375 0.18516761718750002 0.3367264015625 0.1928319484375 0.3330003 0.1919590765625 0.3276394078125 0.17844884375 0.31787274062500004 0.127719471875 0.3036267640625 0.1183974640625 0.3046422390625 0.1257900125 0.31568154531250003 0.133071528125 0.3215567625
0 0.0959290828125 0.383286934375 0.1003202 0.38784488125 0.143362275 0.40866402968750004 0.1713053328125 0.408464675 0.1762132609375 0.40573832187500003 0.16572742499999998 0.3996059421875 0.15331591718749998 0.3861289015625 0.134112953125 0.3817388515625 0.10164478125000001 0.37506324375 0.096736853125 0.377789596875 0.0959290828125 0.383286934375
0 0.0908528234375 0.44474166249999997 0.104229059375 0.4521913140625 0.13743610625 0.461910796875 0.144315634375 0.4608349625 0.142680921875 0.4552772671875 0.1263032515625 0.4413462609375 0.09811516406250001 0.4340645109375 0.0894210015625 0.43295977187499995 0.0852749140625 0.43588292968750003 0.0908528234375 0.44474166249999997
0 0.064422071875 0.50353295 0.0729133453125 0.51086188125 0.11340190624999999 0.5264565828125 0.13706488125 0.5268633671875 0.135901053125 0.5197155125 0.12176297656249999 0.5120690578125 0.1155572234375 0.5053305375 0.0931729 0.49783625625 0.0797507328125 0.49608074843749994 0.07089960937499999 0.4955060640625 0.064154078125 0.4988989140625 0.064422071875 0.50353295
0 0.0460117109375 0.5712433296875 0.055130828124999996 0.5764520484375 0.0775151515625 0.5839463296875 0.08894275625 0.586898390625 0.1193742234375 0.5810652515625 0.11558798749999999 0.577234159375 0.0901563046875 0.5689526640625 0.05555957500000001 0.5611565890625 0.0445569234375 0.562308509375 0.04269635625 0.5658220765624999 0.0460117109375 0.5712433296875
0 0.0368123265625 0.6327741437500001 0.0528990375 0.6449181875 0.0789356 0.6539265421875 0.096660815625 0.6522288406250001 0.0986783421875 0.64818521875 0.08290555468750001 0.6349810687499999 0.053955626562500004 0.627502515625 0.0429759421875 0.6258073640624999 0.0382249765625 0.628003665625 0.0368123265625 0.6327741437500001
0 0.0227930828125 0.705042471875 0.0338837984375 0.711901709375 0.053825640625000004 0.71933563125 0.0768378078125 0.7247096984375 0.0912017390625 0.7232848875 0.0924574265625 0.7190444625 0.0777833640625 0.7021299390625 0.0497292734375 0.69716520625 0.026223259375000002 0.69622836875 0.0219202109375 0.6996815796875 0.0227930828125 0.705042471875
0 0.034833365625 0.7834720828124999 0.0526696125 0.7869384687500001 0.0653988296875 0.7799559625 0.0567735609375 0.7703100125 0.044764043749999996 0.7637840234375 0.0201171640625 0.752852259375 0.0094514 0.7500970031249999 0.005776196875 0.75143 0.0026829078125 0.756336925 0.0091566546875 0.7677094796875 0.034833365625 0.7834720828124999
0 0 0.83446986875 0.0116299015625 0.8396734625000001 0.03937006875 0.8456982999999999 0.0584849671875 0.842077190625 0.0554835375 0.83559583125 0.0442358578125 0.829266646875 0.013157371875 0.8206676296875001 0.0029395281249999998 0.8191692828124999 0 0.8200421125 0 0.83446986875
0 0.48561267656249996 0.7013516296875 0.49527156874999995 0.6964289765625 0.499999571875 0.697079746875 0.5015462171875 0.6946262859375001 0.4933459 0.6890843156249999 0.4721483703125 0.685890821875 0.4679563546875 0.6945081203125001 0.4764705921875 0.6989899828125 0.48561267656249996 0.7013516296875
0 0.2445106671875 0.305267075 0.25562435 0.3092792421875 0.2860979546875 0.3171514046875 0.308417175 0.31378745625 0.3201587015625 0.31567941093749996 0.2937201484375 0.29972000312499997 0.281844628125 0.2955110328125 0.249847340625 0.28724526250000004 0.23669316718750003 0.2901237890625 0.2331519578125 0.293773803125 0.23494363125 0.29880144531249997 0.2445106671875 0.305267075
0 0.4025177078125 0.2701947125 0.42537291406250005 0.2760988328125 0.4391970703125 0.2848053921875 0.44300626875000004 0.2857894125 0.44565164062499996 0.279625578125 0.453025015625 0.2741125140625 0.46588823125 0.26944702187499997 0.47870551875 0.270475675 0.45316280156250005 0.2570300890625 0.42340510625 0.2550488734375 0.4162575859375 0.2514906734375 0.39396133125 0.25200754999999997 0.392054834375 0.261215259375 0.4025177078125 0.2701947125
0 0.3816419015625 0.3406918015625 0.40828334374999997 0.3504270140625 0.432417203125 0.3492436390625 0.43580145000000003 0.346123678125 0.434300734375 0.34288299843750003 0.41440482031250003 0.32975493437500003 0.3977783328125 0.3277422640625 0.38839122187499997 0.3178995109375 0.38471601875 0.3192325078125 0.37877825781249996 0.317128021875 0.3754169734375 0.3174009125 0.36510727187500003 0.3272908484375 0.3816419015625 0.3406918015625
0 0.5728368140625 0.298786553125 0.5760181734375001 0.3018907859375 0.6218625796875 0.316016046875 0.6286732125000001 0.32348142343749997 0.6355297765625 0.325252659375 0.62856218125 0.3183173359375 0.629056028125 0.313880103125 0.6402156390625 0.31219813125 0.645280528125 0.308941725 0.6316362984375 0.2968580390625 0.6203426921874999 0.296222996875 0.6014536484375 0.29077284375 0.58115195625 0.29009316875 0.5742494640625 0.294016071875 0.5728368140625 0.298786553125
0 0.5058715734375 0.34767727812500004 0.5035630890625 0.3499339359375 0.5138689984375 0.359443440625 0.544365571875 0.3644685328125 0.5485767625 0.3724036046875 0.5636566046875 0.37686973749999997 0.5671748484375 0.3760667953125 0.5807310109375 0.380139321875 0.605917665625 0.38093971249999997 0.6190948046875 0.3752141171875 0.6114993671875 0.3703990046875 0.5778444015625 0.3594226109375 0.565654959375 0.356273746875 0.545510228125 0.35506401875 0.5313491859374999 0.350264634375 0.52079445625 0.3526734671875 0.5136239703125 0.35196233593750004 0.5058715734375 0.34767727812500004
0 0.7211276609375 0.33252930625 0.7248909328125 0.3392074671875 0.7303578093749999 0.34290211249999997 0.7479030984375 0.344581534375 0.7762251828125 0.3541803015625 0.800202078125 0.3535269796875 0.8074184921875001 0.3485439671875 0.8139840968750001 0.348528240625 0.7881504234375 0.3332956921875 0.759939371875 0.3288610125 0.7468540921875 0.32319832656249997 0.7411843250000001 0.325727875 0.7298907171875 0.32509282968750003 0.7211276609375 0.33252930625
0 0.715419765625 0.4155036890625 0.7333670421875 0.42413416406250004 0.754564571875 0.42732765781250004 0.7689285015625 0.42590284843750004 0.782193709375 0.42818841093750004 0.782821553125 0.4260681953125 0.7746442 0.4176791578125 0.7820175734375 0.4121660921875 0.7937820624999999 0.41121097500000003 0.720511409375 0.390000771875 0.7040840203125 0.40116334687500005 0.704665934375 0.4047372734375 0.715419765625 0.4155036890625
0 0.6730592609375 0.4616208796875 0.6731473296875 0.4696320375 0.688047246875 0.4774752953125 0.6927293203125 0.48382020781249996 0.7112163734375 0.48231931093749997 0.735572296875 0.49146411093750003 0.766003765625 0.48563097187500004 0.7418966640625 0.4645678359375 0.721170015625 0.45978418125 0.7053053703125001 0.4579683125 0.6779671890625 0.4588945265625 0.6730592609375 0.4616208796875
0 0.6726650734375 0.529420521875 0.6767422671875 0.535038575 0.69303186875 0.5409584234375 0.7129277796875 0.5540864875 0.7376205890625 0.5593241109375 0.7344621953125 0.5533728046874999 0.7374214890624999 0.5461488640625001 0.7282143046875 0.5329289859374999 0.7138963031250001 0.52865965625 0.700072146875 0.5199530953125 0.6872548609375 0.51892444375 0.6771710109375 0.5197431156250001 0.6728679640624999 0.5231963265624999 0.6726650734375 0.529420521875
0 0.7026677984374999 0.5388828421875 0.704080446875 0.5341123624999999 0.702602696875 0.5280246125 0.69771773125 0.5279038953125 0.6892685968750001 0.5342802625 0.6963931515625 0.5406855328125 0.7026677984374999 0.5388828421875
0 0.6510044625 0.6025678765625 0.654947659375 0.605868915625 0.693464621875 0.6198130984375 0.7286891984375 0.6254889609375 0.72594936875 0.6181241796875 0.7288040203125 0.6112536078125 0.7268553875 0.60675601875 0.7101178671875 0.5995792578125 0.6802491390625 0.592433953125 0.679196340625 0.5904501859375 0.6689555328125001 0.5917989109375 0.65920856875 0.5887104062499999 0.6521720828124999 0.59031629375 0.64907879375 0.59522321875 0.6510044625 0.6025678765625
0 0.35943393281249997 0.46276941406249994 0.3802716109375 0.47271715625 0.38493071875 0.4819091390625 0.39192127656250003 0.48599739218750004 0.3963353578125 0.48770827031249997 0.4181836953125 0.485934484375 0.43214563593750005 0.47755861875 0.432930440625 0.474908353125 0.4291442046875 0.47107726406249995 0.412854603125 0.4651574140625 0.39737277187500003 0.4537402265625 0.3795135609375 0.45312091250000003 0.37008052187499996 0.4489723 0.3560075453125 0.452184075 0.3541469796875 0.45569764375000005 0.35943393281249997 0.46276941406249994
0 0.3535499015625 0.5297214796875 0.3678449390625 0.5368378796875 0.3835296625 0.542030871875 0.40367439374999997 0.5432405984375 0.4065877578125 0.5417107984375 0.4026445609375 0.5384097609375 0.40862825 0.5348201046875001 0.4165605734375 0.535728040625 0.35418153750000003 0.508201825 0.3425969734375 0.50577981875 0.33585144375 0.50917266875 0.3347297515625 0.5157301125 0.3535499015625 0.5297214796875
0 0.3553030078125 0.38809480625 0.3558849234375 0.39166873281250003 0.3624045984375 0.3973471484375 0.38187555624999997 0.40637123124999996 0.40186332656249996 0.40811101250000004 0.43121903437500003 0.40314117656250004 0.417528875 0.3967516328125 0.4035936890625 0.3828809828125 0.396580165625 0.3816398015625 0.3853975921875 0.3861688453125 0.3606818203125 0.38377829375 0.3553030078125 0.38809480625
0 0.5777603453125 0.44556158593750006 0.592595159375 0.44254661406249995 0.6048075671875 0.4428484078125 0.608348775 0.4391983953125 0.575358665625 0.42782315000000004 0.5692269328124999 0.42452735468749997 0.5651727046875 0.41606222812500004 0.5527344421875 0.4248316984375 0.5249253796875 0.42734807343750003 0.517081121875 0.434451296875 0.5353423234375 0.442021665625 0.5777603453125 0.44556158593750006
0 0.244134996875 0.0489703609375 0.269903565625 0.053344681250000005 0.2763351734375 0.05101193750000001 0.2806611875 0.044711656249999995 0.295339040625 0.0422267375 0.28241072031250003 0.0360339984375 0.272709690625 0.027251353125 0.24357983593750002 0.0231499234375 0.242618896875 0.0097778734375 0.2278951140625 0.0179569296875 0.2150548625 0.019775351562499998 0.212566453125 0.02540913125 0.21496300625 0.03116363125 0.244134996875 0.0489703609375
0 0.369548565625 0 0.3904234765625 0.009158973437499999 0.4029498046875 0.0084006609375 0.4210999734375 0.010806940625 0.42007014062500003 0.0059761015625 0.413173503125 0 0.369548565625 0
0 0.49163718906250004 0.0301698234375 0.5234775171875 0.038965646874999996 0.54256945 0.038191604687500005 0.554601934375 0.0418705234375 0.5624461890625 0.0347672984375 0.5470753890625 0.0285142 0.5289941140625001 0.017566709375 0.5090293078125 0.0129798578125 0.4883485921875 0.0025020609375 0.47949746718749997 0.0019273765625 0.4725949765625 0.0058502812500000004 0.47008360156249995 0.0143311328125 0.49163718906250004 0.0301698234375
0 0.626597725 0.050768784375 0.6350890015624999 0.058097717187499995 0.649407003125 0.062367046875 0.666860434375 0.0754347515625 0.678222934375 0.06752858125 0.7027817453125 0.0704491890625 0.7075786421875 0.062558746875 0.699064403125 0.0580768859375 0.6881765765625001 0.044993451562499995 0.6712361671875 0.0440408890625 0.6537138437500001 0.0395143953125 0.6415473640625 0.0335184609375 0.633435115625 0.035987649999999996 0.6158898265625 0.034308228125 0.626597725 0.050768784375
0 0.795454465625 0.1092246890625 0.7972231734374999 0.1170994 0.7995546234375001 0.111995671875 0.810086390625 0.11243391093749999 0.8214451 0.1239271828125 0.8304302203124999 0.1268188859375 0.8405370328125 0.1231531421875 0.8561107234374999 0.12318204531250002 0.8610186499999999 0.1204556921875 0.8607506578124999 0.1158216578125 0.8506801890625001 0.105517075 0.8523512421874999 0.09710444375 0.8344920328125 0.096485128125 0.8095082671875 0.08946054375 0.7914920953125 0.0893712796875 0.7791648640625 0.10330483906250001 0.795454465625 0.1092246890625
0 0.7666693015625 0.1759667734375 0.7635760109375 0.1808736984375 0.7741958437500001 0.1893230953125 0.7930848875 0.19477325 0.8279955390625 0.20150922031250001 0.8481402703124999 0.2027189484375 0.8530481984374999 0.1999925953125 0.8416435609375 0.1941934640625 0.8343850109375 0.1854711734375 0.822084534375 0.17715822187500002 0.8204727875 0.16875345625 0.800641978125 0.16648362187500002 0.7739316421875 0.16528962187500001 0.7644067453125001 0.1725292921875 0.7666693015625 0.1759667734375
0 0.756635390625 0.26524143906250003 0.7762173812500001 0.2794296078125 0.7866151515625 0.2775508296875 0.7974149109375 0.282623103125 0.8127206078125001 0.278017971875 0.8253809343749999 0.27957667812500003 0.8510614375 0.275939840625 0.8319044 0.26585565 0.822808246875 0.25779986093749996 0.8009828734375001 0.25672657656250003 0.7917067953125 0.2520479140625 0.7628449374999999 0.252580515625 0.7543958 0.258956884375 0.756635390625 0.26524143906250003
0 0.605205328125 0.2420997515625 0.617754621875 0.23849436875 0.652083359375 0.2416564078125 0.6700536015624999 0.2474398125 0.6823119390625 0.242047465625 0.65434970625 0.22569445 0.6275053734375 0.2221834328125 0.6154728921875 0.21850451406250002 0.5942523984375 0.21815808906249998 0.5862511796875001 0.22579136718749998 0.605205328125 0.2420997515625
0 0.6005422078125 0.13875763593749998 0.609952284375 0.1457533171875 0.643787175 0.1533525875 0.654877890625 0.1602118265625 0.6577912546875 0.15868202343749999 0.6576802234375 0.1535179375 0.6764812 0.15095693125 0.681860009375 0.14664041875 0.6630168953125 0.135496125 0.6361725625 0.13198510624999998 0.6322752953124999 0.1229899296875 0.6273903328125 0.1228692109375 0.6258436875 0.1253226734375 0.5993554140625 0.13445685000000002 0.6005422078125 0.13875763593749998
0 0.43730551718750005 0.1028657640625 0.4631851203125 0.112404171875 0.47272919062499996 0.1217168734375 0.4782190359375 0.1225644484375 0.4881688859375 0.119428759375 0.5090524921874999 0.1236823625 0.5110700203125 0.11963874062499999 0.5048642671875 0.1129002203125 0.5039913953124999 0.10753932656250001 0.5148370843750001 0.106917459375 0.49113197187499996 0.092805375 0.48243780625 0.0917006390625 0.47264491406250003 0.0943062734375 0.4527030734375 0.0868723515625 0.4386530640625 0.08723705625 0.433385284375 0.0967176578125 0.43730551718750005 0.1028657640625
0 0.32829726875 0.0638645578125 0.34696045781249996 0.078385978125 0.3727060625 0.08560736875 0.3806613515625 0.08366823125 0.3940835171875 0.085423740625 0.3941524109375 0.076882528125 0.3813810515625 0.070159734375 0.3790304296875 0.05871109375 0.362112984375 0.054911459375000006 0.330965603125 0.054853653125 0.327110475 0.0595637734375 0.32829726875 0.0638645578125
0 0.30663286562500003 0.15641135625 0.353576 0.16682624375 0.35949079687499996 0.1717778 0.361125509375 0.17733549531249998 0.36858694999999997 0.1798335890625 0.3666612796875 0.17248892968750001 0.37217408750000003 0.170489434375 0.3732728125 0.16677905937499998 0.3632578609375 0.15905651875 0.3534457953125 0.145109784375 0.339104828125 0.14368752499999998 0.32173946249999996 0.138630978125 0.31120769843749996 0.13819273906250001 0.305694890625 0.140192234375 0.30663286562500003 0.15641135625
0 0.4176586453125 0.19136893906250002 0.44398616406249997 0.20216425937500002 0.46379400937500004 0.2072811640625 0.47291312812499997 0.2124898828125 0.48633529218750005 0.2142453921875 0.49140018124999996 0.21098898593749998 0.4928128296875 0.20621850468749997 0.47896571093749996 0.200359015625 0.4707883578125 0.1919699765625 0.446298440625 0.180508159375 0.42115771406249997 0.1740136265625 0.41380730468750004 0.1766796203125 0.4114758546875 0.18178335 0.4176586453125 0.19136893906250002
0 0.28188275625000003 0.21506619843750002 0.2876405921875 0.22054780625 0.297701475 0.22257620625 0.304982990625 0.2284514234375 0.3205107515625 0.23417446874999998 0.3497516359375 0.2434399859375 0.35403171875 0.24283384687499998 0.34726701718749997 0.229674328125 0.3361992640625 0.21996802031249998 0.3181179890625 0.20902052968749998 0.2957107015625 0.20437331718750001 0.28746445625 0.20452549062499997 0.28056196718750004 0.20844839531249998 0.28188275625000003 0.21506619843750002