0 0 0.8899691078125 0.0046551125 0.89055853125 0.021080578125 0.8983601703125 0.025873557812499996 0.9030142296875001 0.0345576859375 0.9045524109375 0.022273840625 0.8800896187499999 0 0.8741309625 0 0.8899691078125
0 0 0.81810555 0.01595340625 0.81754494375 0.02400900625 0.8222333078125 0.0247498984375 0.826713225 0.033434028125 0.82825140625 0.0340063734375 0.8212861703125001 0.04300476875 0.8212492578124999 0.04384280625 0.8170490125000001 0.0219396484375 0.8039284500000001 0 0.8000423796874999 0 0.81810555
0 0 0.733361065625 0.016513434375 0.7409985781249999 0.0185599578125 0.7348380421875 0.0302410140625 0.73364554375 0.0363396234375 0.7276591515625 0.030861931250000002 0.722340228125 0.013542245312500001 0.7149237859375 0 0.7142459984375 0 0.733361065625
0 0.0981673546875 0.8929887140625 0.0960722609375 0.90348933125 0.1112330578125 0.9094362078125 0.15475845625 0.9166020828124999 0.1586496046875 0.9134862046875 0.1572163890625 0.90018629375 0.1359493703125 0.8920706781250001 0.1047411671875 0.8887172515625 0.0981673546875 0.8929887140625
0 0.0958428234375 0.8268031312499999 0.10947326093750001 0.8281302578125 0.11694890312499999 0.8316287265625 0.11947823906249999 0.8353382515625001 0.125004503125 0.83631709375 0.12210471875 0.8303676125000001 0.1269948453125 0.8263415078125 0.1415195 0.8272834390625 0.15330531249999998 0.825565909375 0.1634636171875 0.827908790625 0.168619434375 0.826647675 0.1682489875 0.8244077171875 0.1468210328125 0.81300208125 0.1206638921875 0.80891256875 0.1006691546875 0.810806846875 0.0935153875 0.8138884140625 0.087891978125 0.8215897328124999 0.0958428234375 0.8268031312499999
0 0.14816771875 0.75376879375 0.17090130312500001 0.754533978125 0.1806329796875 0.7508218531249999 0.180157778125 0.749106925 0.16146866875000002 0.7403607515624999 0.1438909015625 0.7383344515625 0.1284158421875 0.7339626640625 0.1121027421875 0.733791125 0.10642315 0.7376773953125 0.1080096953125 0.746112196875 0.1327002703125 0.757552140625 0.142649065625 0.76094508125 0.14816771875 0.75376879375
0 0.2618449515625 0.91654434375 0.226214215625 0.910776815625 0.210746765625 0.9145601609374999 0.2074917578125 0.9226809859375 0.20944113749999999 0.9252006125 0.218286203125 0.9300288140624999 0.263495290625 0.9369493265625 0.2628591515625 0.931944378125 0.2709557125 0.9241375328125001 0.2618449515625 0.91654434375
0 0.24982209218749998 0.8334205421875 0.2082460734375 0.8287742953125001 0.197934440625 0.8312965265625 0.1968868921875 0.8365468343750001 0.2013170390625 0.847116065625 0.23079298124999997 0.8550549359374999 0.26304873125 0.8531580546875001 0.273569875 0.8495857625 0.2565644546875 0.8405942281250001 0.24982209218749998 0.8334205421875
0 0.24512916406250002 0.7668154546875 0.279962821875 0.7642880171875001 0.2826940546875 0.7587923484375 0.27058636875 0.753929840625 0.26710662812499997 0.7467904625 0.25158299687499996 0.7467587578125 0.2390562921875 0.7439963734374999 0.222009909375 0.74750005 0.21722454062500002 0.751001121875 0.2161769921875 0.7562514296875 0.2227584140625 0.7601350953125 0.235599384375 0.7613223890625 0.24512916406250002 0.7668154546875
0 0 0.6512831765625 0.007487503125 0.655144096875 0.02238260625 0.6583259859374999 0.0367463265625 0.655977896875 0.0531156078125 0.6599644859375 0.068373546875 0.657231203125 0.0531079953125 0.65180935625 0.047155103125 0.64477550625 0.0074160984375 0.6350187843749999 0 0.635073209375 0 0.6512831765625
0 0.10695264062500001 0.6646081296874999 0.11695761874999999 0.6718161234375 0.1264312140625 0.6734941390625 0.1360581359375 0.67030704375 0.14790013125 0.6724045624999999 0.152113153125 0.6758687234375 0.1699566140625 0.680660015625 0.176481853125 0.6807286296874999 0.1805825109375 0.6765626890625 0.1995782734375 0.6755786421875001 0.18273378906249998 0.669877125 0.17356684687499999 0.6584688843750001 0.13646193281250002 0.65189665625 0.1223077234375 0.6531946843750001 0.1086848984375 0.6600226890625 0.10695264062500001 0.6646081296874999
0 0.22952941875000002 0.6852324390625 0.23810879218749997 0.68729565 0.25494566406249997 0.6848420359375 0.270211215625 0.6902638828125001 0.277469740625 0.6866572828125 0.289786934375 0.6904697296875 0.298205371875 0.689242921875 0.291994396875 0.6875992140625 0.2882003921875 0.6820349296875 0.2666676828125 0.6711543234375 0.23556423437500001 0.667275865625 0.2273553078125 0.6674526109375 0.22167571718749998 0.6713388796875 0.22452692812500002 0.6816284421875001 0.22952941875000002 0.6852324390625
0 0.24675170624999998 0.6112042640625 0.23949318281249998 0.614810865625 0.24934483593749998 0.6268839703125 0.252977903125 0.6291582359375 0.255870075 0.626952584375 0.2645542046875 0.6284907671875 0.26571411875 0.630870559375 0.2843394328125 0.6276465515625 0.293813028125 0.6293245671875 0.3071853828125 0.6360418359375 0.312131690625 0.635830784375 0.3160228375 0.63271490625 0.3039151515625 0.6278523984375 0.3021190984375 0.620467659375 0.308273890625 0.61829631875 0.2601164484375 0.6097664046875 0.24675170624999998 0.6112042640625
0 0.15789279375 0.6100314250000001 0.177517084375 0.6058971921875 0.1789350796875 0.602886840625 0.177090453125 0.5998421828125 0.1637181 0.5931249125 0.135982025 0.58875573125 0.11635773593750001 0.592889965625 0.113256053125 0.596145678125 0.1145769046875 0.6018154890625 0.13142138750000001 0.6075170062499999 0.1437871546875 0.606989371875 0.15789279375 0.6100314250000001
0 0 0.58602331875 0.012791939062499999 0.5875918703125 0.01868865 0.5908106703125 0.043581125 0.5930454203125 0.05131485 0.5911537484375 0.0629473328125 0.5943013296874999 0.06415581875000001 0.592341040625 0.051460565624999996 0.57813350625 0.0375644359375 0.5740413906249999 0.01998666875 0.5720150875 0 0.572190203125 0 0.58602331875
0 0.034784631249999996 0.5838771406250001 0.036412134375 0.579816728125 0.0329885765625 0.5764924015624999 0.02804226875 0.5767034546875001 0.026680457812500002 0.5835288546874999 0.031207746874999998 0.5854179234375 0.034784631249999996 0.5838771406250001
0 0.0641290625 0.5097113 0.040549828125 0.5049912296875 0.01850095625 0.5048909109374999 0.009719684374999999 0.512032890625 0.02014368125 0.5171407609374999 0.0633548171875 0.5258817265625 0.0671412109375 0.5232908828125 0.0863464828125 0.5212567703125 0.0959248328125 0.52240975625 0.0641290625 0.5097113
0 0.15783190625000001 0.5447903765625 0.1724613171875 0.545207275 0.1775609484375 0.5401311109375 0.19313315625 0.535822734375 0.1931817265625 0.531482653125 0.179132271875 0.5322556484375001 0.148133578125 0.527852159375 0.12498097500000001 0.5291870984375 0.120405115625 0.531638109375 0.1185681015625 0.53674858125 0.1347840578125 0.5456002828125001 0.14336343125 0.5476634953125 0.15783190625000001 0.5447903765625
0 0.2570799203125 0.547149340625 0.2402916203125 0.5452628749999999 0.232557896875 0.547154546875 0.2294562140625 0.550410259375 0.2382527078125 0.559578540625 0.2797315828125 0.5729049484375001 0.2854749671875 0.5809888625 0.30357650937499997 0.5803900093750001 0.2989854265625 0.5665307562499999 0.2570799203125 0.547149340625
0 0.3429222328125 0.5634413796875 0.3704487984375 0.5688606218750001 0.38055853281249996 0.5755435828125 0.3800909421875 0.5819837875 0.3841992125 0.5859729796875001 0.38419159999999997 0.57781785 0.3873980359375 0.5740371078125001 0.40292166875 0.5740688125 0.4043396640625 0.5710584609375 0.4039692171875 0.5688185031249999 0.385594371875 0.5584972375 0.352751053125 0.5510490906250001 0.33691315624999996 0.552592478125 0.33607511875 0.5567927234375001 0.3429222328125 0.5634413796875
0 0.2865102 0.5061574249999999 0.302299525 0.5089541171875 0.31755746406249996 0.5062208328125 0.31571283906250003 0.5031761734375 0.3013415078125 0.49736913125 0.2676601515625 0.49412123125 0.2531916796875 0.49699435000000003 0.25256314999999996 0.5001445343750001 0.2588303078125 0.5056032921875 0.264936528125 0.50777203125 0.2770927875 0.508294459375 0.2865102 0.5061574249999999
0 0.155290253125 0.471499721875 0.135875471875 0.4745838953125 0.13646303906249999 0.48392892187500003 0.15925280625 0.48850915781250004 0.188511628125 0.4893429578125 0.20134498750000002 0.4823751203125 0.20139355937499998 0.478035040625 0.1716033515625 0.47167126093749995 0.155290253125 0.471499721875
0 0.0821355828125 0.4612600890625 0.0829736203125 0.4570598421875 0.0644454484375 0.4516036859375 0.037974043750000006 0.4490892671875 0.0250845015625 0.45224205624999997 0.0221923296875 0.45444770625 0.022618960937499998 0.46050271406250004 0.0308840703125 0.4641410171875 0.0480913890625 0.46392736093750003 0.07167062187499999 0.46864742968749995 0.0821355828125 0.4612600890625
0 0.061515221875000005 0.41303368125000006 0.07803783125 0.41215515937499997 0.0896703140625 0.4153027390625 0.095140396875 0.412466534375 0.07034506562500001 0.4015516203125 0.029977532812500002 0.39494508437500003 0.02176860625 0.3951218296875 0.020986750000000002 0.4031371265625 0.0244103078125 0.40646145312500004 0.0387254546875 0.408453446875 0.0559403859375 0.4163949203125 0.061515221875000005 0.41303368125000006
0 0.0832041625 0.3657783078125 0.0913083359375 0.3661265921875 0.0977773921875 0.3623801578125 0.09188068125 0.35916135625 0.0614057625 0.3521327125 0.041934796875 0.3514018359375 0.031518409375 0.354449096875 0.029890904687499997 0.3585095078125 0.0333144625 0.361833834375 0.047790548437500004 0.3671158484375 0.0733677328125 0.3700154640625 0.0832041625 0.3657783078125
0 0.053925412500000006 0.2872082453125 0.0450879578125 0.290535175 0.0426709859375 0.29445575156250003 0.045989787500000004 0.2983051109375 0.065887384375 0.305090996875 0.09709558593749999 0.3084444234375 0.10361321406249999 0.3003579078125 0.09045036875 0.2925905765625 0.06845006875000001 0.28815017656249997 0.053925412500000006 0.2872082453125
0 0.1777754875 0.4292776609375 0.19040695000000002 0.43151501562499994 0.2007671546875 0.42465270468750005 0.2129234125 0.42517513281249997 0.21623460312499998 0.42086935781249996 0.20917797968750002 0.415270765625 0.198439715625 0.4117379875 0.1648145421875 0.41230513750000003 0.1466644296875 0.417244071875 0.14730056875 0.42224901875 0.1574103046875 0.42893197968749996 0.16983225468750002 0.4322193953125 0.1777754875 0.4292776609375
0 0.2990594703125 0.4432604875 0.3275288265625 0.4439544515625 0.3346825953125 0.44087288437499994 0.33373219062500004 0.43744302968750004 0.31961894218750003 0.42624584375 0.28182931718750004 0.41900875 0.25904716250000004 0.422583646875 0.25473699375000003 0.42779964687499994 0.2603194390625 0.43259353906250003 0.2722661890625 0.43416602656250003 0.293484634375 0.44662172499999997 0.2990594703125 0.4432604875
0 0.3169757078125 0.39033406875 0.32202676874999997 0.38959798437500004 0.315018715625 0.3796593109375 0.294122146875 0.37378365156250004 0.2624949265625 0.372530346875 0.25891804218750003 0.37407113281250004 0.260504584375 0.3825059328125 0.2658213390625 0.3845348359375 0.279081328125 0.38362200468749996 0.30397379999999996 0.38585675625000004 0.3169757078125 0.39033406875
0 0.1983386484375 0.362253803125 0.161652753125 0.35358144999999996 0.153919028125 0.35547312343750004 0.1552398796875 0.36114293750000004 0.1622965046875 0.36674152968749996 0.1729300125 0.37079933593750003 0.2014555515625 0.375308353125 0.213136609375 0.374115853125 0.2088674015625 0.3668366421875 0.1983386484375 0.362253803125
0 0.16656100625 0.312594740625 0.194192325 0.3174889546875 0.222871190625 0.317132859375 0.207968475 0.3057958390625 0.174021425 0.29978295 0.156604596875 0.30104666875 0.1581349578125 0.30566641875 0.16656100625 0.312594740625
0 0.2561259171875 0.31432575156250003 0.2544984140625 0.3183861640625 0.2587114359375 0.3218503265625 0.313974075 0.33163875 0.3168100640625 0.32561805 0.3143854828125 0.321383496875 0.3075945515625 0.31854989218749996 0.26427866093749997 0.31033395625 0.2561259171875 0.31432575156250003
0 0.27232955625 0.25359632187500003 0.2676489421875 0.2565723640625 0.2688650359375 0.26276720625 0.2999684859375 0.266645665625 0.3353821015625 0.265308125 0.3194804109375 0.2548813328125 0.3061642390625 0.2519791125 0.2866932765625 0.251248234375 0.27232955625 0.25359632187500003
0 0.227748996875 0.24352562500000002 0.207537140625 0.23831483125 0.1758051625 0.23758655625 0.1715997515625 0.24227752656249998 0.17655366875 0.250221603125 0.180871446875 0.2531607359375 0.19360766093749998 0.25487305781249997 0.2307611484375 0.25710520468750003 0.23365332031250002 0.25489955468750003 0.227748996875 0.24352562500000002
0 0.0615163265625 0.2450659453125 0.0659874328125 0.243139965625 0.0907189671875 0.24208469687499998 0.1045103390625 0.2467018453125 0.12076725625 0.2430583328125 0.116868496875 0.238019078125 0.09975832031250001 0.2295525734375 0.089020059375 0.2260197953125 0.07360117968749999 0.22546306249999998 0.05281697656249999 0.22721750312500003 0.045663209375 0.23029907187499998 0.0439309484375 0.23488451562499998 0.05767375 0.24384174375 0.0615163265625 0.2450659453125
0 0.0678683125 0.1722634125 0.0817644421875 0.17635552968749998 0.12575743125 0.1770812 0.1067464453125 0.16175498593749998 0.070430996875 0.1553225921875 0.059539409375 0.1566549265625 0.0554387515625 0.160820865625 0.0678683125 0.1722634125
0 0.199742525 0.1749654546875 0.1905346234375 0.176052428125 0.1849597890625 0.179413665625 0.1859663734375 0.1866585703125 0.1903889078125 0.1890726703125 0.2313849703125 0.192529021875 0.243960246875 0.1909513265625 0.2450077953125 0.1857010171875 0.2315306859375 0.179508778125 0.199742525 0.1749654546875
0 0.3375912359375 0.196882996875 0.32232568437500003 0.19146115 0.3020652546875 0.1905904375 0.289489978125 0.1921681328125 0.2848093625 0.1951441765625 0.28455128125 0.2005343203125 0.28907856875000004 0.20242338750000002 0.31018465 0.207248984375 0.34149760625000003 0.21007738125 0.34464785937500003 0.202481590625 0.3375912359375 0.196882996875
0 0.30542915625 0.14095745937499998 0.304381609375 0.1462077671875 0.30996405312499997 0.1510016609375 0.3436454109375 0.1542495609375 0.3740565359375 0.149308025 0.3549969796875 0.138321890625 0.3282113109375 0.1373825640625 0.31000501406250003 0.13850644843749998 0.30542915625 0.14095745937499998
0 0.2637969546875 0.13249616250000001 0.2458411265625 0.12007477343749999 0.21200644531249999 0.12169198125 0.2010662828125 0.1273643984375 0.20707535937500002 0.13821329843750002 0.21207785 0.141817296875 0.2199725125 0.1432156421875 0.2577545265625 0.142297603125 0.26501305 0.1386910046875 0.2637969546875 0.13249616250000001
0 0.088977296875 0.123818140625 0.1322931859375 0.132034078125 0.1388669984375 0.12776261093750002 0.12691263749999998 0.11803499218749999 0.09191042968749999 0.1091172796875 0.081018840625 0.1104496140625 0.0853442296875 0.121543875 0.088977296875 0.123818140625
0 0.083446328125 0.0614132984375 0.09160668281249999 0.065576634375 0.10270778124999999 0.0631942390625 0.1146545296875 0.06476672812499999 0.12776119375 0.0687190078125 0.131031421875 0.0769084484375 0.13645293281249998 0.078412321875 0.13844327343750001 0.0684367359375 0.1438085984375 0.066125559375 0.1502290828125 0.06671920625 0.15801138125 0.0604874515625 0.12268729687499999 0.0449897 0.10084793437499999 0.0438393171875 0.088167903125 0.0459420453125 0.0813845828125 0.0512635734375 0.083446328125 0.0614132984375
0 0.0943538859375 0 0.0939141921875 0.0007550875 0.1070770375 0.0085224203125 0.11555165625 0.0111106625 0.1288116453125 0.0101978328125 0.15733718593749998 0.0147068484375 0.16080931406250001 0.013691095312500002 0.16564325625 0.005849940624999999 0.1717980484375 0.0036785984374999997 0.162158259375 0 0.0943538859375 0
0 0.219952584375 0.06547938125 0.22016970468750002 0.07258445 0.22938522031250003 0.0796526078125 0.2557518703125 0.082692059375 0.27606087343749997 0.07922269062500001 0.2820547265625 0.0737613296875 0.27578756875 0.068302571875 0.2357343 0.060120942187500005 0.219952584375 0.06547938125
0 0.2957518609375 0.0337877703125 0.29264256875 0.0288883484375 0.27831981093749997 0.018741225 0.23705805624999998 0.0125198859375 0.23211174843750002 0.012730940625000001 0.2282206015625 0.0158468171875 0.2329164375 0.0291810359375 0.23812843749999998 0.031734971875000004 0.27970445625 0.03638121875 0.2937539109375 0.035608223437499996 0.2957518609375 0.0337877703125
0 0.3475242421875 0.0815525546875 0.3338376234375 0.07641037656250001 0.3200538625 0.07994836093749999 0.3173226265625 0.0854440296875 0.320536675 0.08981841874999999 0.33017120625 0.094786453125 0.38463676874999997 0.0962799140625 0.37932001406250004 0.094251009375 0.37041876406249996 0.08560775937500001 0.3475242421875 0.0815525546875
0 0.3315249328125 0.0249037 0.3302116921875 0.0273890203125 0.3357941390625 0.032182910937499996 0.36411016875 0.037741989062499995 0.393312809375 0.034760740624999995 0.39020351875000003 0.029861321875000003 0.3856762296875 0.0279722515625 0.3450991859375 0.0224157765625 0.3315249328125 0.0249037
0 0.3926747921875 0.9613505421875 0.41024494687499996 0.9552217125 0.3864971671875 0.9390564906250001 0.373600015625 0.9340541468750001 0.34044243281250003 0.928181090625 0.32986510468749997 0.9279383328125 0.32113240468750004 0.9307402343750001 0.320399121875 0.9344154484375 0.3280918859375 0.9450189890624999 0.3416175671875 0.9468711453124999 0.34898845624999997 0.950894646875 0.37498465937500003 0.951694140625 0.3926747921875 0.9613505421875
0 0.39913597031250003 0.8593242609375 0.40165769687499997 0.8548786515625 0.368548684375 0.8446655156249999 0.3250232875 0.837499640625 0.318079028125 0.83953115 0.3107719328125 0.8474778296875 0.32198539843749996 0.8527255359374999 0.3451456125 0.8595457281250001 0.3587198640625 0.8570578046874999 0.3949791296875 0.8596751484375 0.39913597031250003 0.8593242609375
0 0.37301508437500003 0.7813135375 0.3905928515625 0.7833398359375 0.3918013375 0.781379546875 0.3713723578125 0.7690636859375 0.3385290390625 0.7616155375 0.3278469578125 0.7618978109375 0.319694215625 0.76588960625 0.31785720156249997 0.77100008125 0.3245995609375 0.7781737640624999 0.3507541640625 0.7795449015625 0.36454807499999997 0.786880425 0.37301508437500003 0.7813135375
0 0.40836781093749996 0.7147349453125 0.41425691093749994 0.709798615625 0.3840886453125 0.693039746875 0.34887692812500004 0.6851720953125 0.33698636249999997 0.68741465625 0.3355197953125 0.6947650890625 0.33920904531249996 0.7008544046875 0.342632603125 0.7041787328125 0.3589457015625 0.704350271875 0.40026363906249995 0.7143866625 0.40836781093749996 0.7147349453125
0 0.33957478750000003 0.6416683640625 0.3439973203125 0.6440824640625 0.3581029578125 0.6471245171875 0.36199410625 0.644008640625 0.3726761875 0.64372636875 0.3835115953125 0.6385789828124999 0.3950878953125 0.6379115140625 0.41008775468750003 0.6405683718749999 0.4122952140625 0.6376978578125 0.3993418796875 0.6288804640625 0.39007779375 0.6261523859375 0.3782358 0.624054865625 0.3609237265625 0.6247935546875001 0.352295778125 0.627070425 0.3428297953125 0.6335475390624999 0.33957478750000003 0.6416683640625
0 0.356862228125 0.5017674140625 0.355339478125 0.5053027953125 0.359713440625 0.5120569765625 0.368872771875 0.515310084375 0.3953927484375 0.513484425 0.42481251093749994 0.51760824375 0.40754139531250005 0.5058517203124999 0.3705412359375 0.498754459375 0.356862228125 0.5017674140625
0 0.4512306375 0.463036746875 0.43590890312499997 0.4537998484375 0.4010676328125 0.4481721546875 0.390280796875 0.44897945781250004 0.378655925 0.4539870078125 0.3780273953125 0.45713719375000006 0.38292513125 0.461266221875 0.4254515546875 0.46934232031249995 0.4347642125 0.46773031875 0.4471861625 0.471017734375 0.4512306375 0.463036746875
0 0.41865591718750006 0.40508272031250003 0.4472862125 0.40906670468749995 0.45312673906249995 0.4084704546875 0.45475424374999995 0.4044100421875 0.4454339765625 0.3978669140625 0.4092718546875 0.386569409375 0.3984850203125 0.3873767140625 0.39559284687499996 0.3895823640625 0.398919259375 0.401586853125 0.403132284375 0.40505101562499995 0.40865854687500003 0.40602985625 0.41865591718750006 0.40508272031250003
0 0.45565137031249997 0.35075397812500003 0.416967525 0.34390208125 0.41249641875 0.3458280609375 0.41076415937500005 0.3504135046875 0.4182959859375 0.35772702343749996 0.4291390046875 0.3607347703125 0.4536610296875 0.3607295640625 0.45818831718749997 0.362618634375 0.4612338171875 0.3555478703125 0.45565137031249997 0.35075397812500003
0 0.43012566249999995 0.2902434140625 0.4198140296875 0.29276564375 0.418396034375 0.29577599375 0.419032175 0.300780940625 0.4241394203125 0.30385990625 0.46834952812499997 0.3116906453125 0.4892384890625 0.3094111734375 0.48376079687500007 0.3040922515625 0.47254733125000004 0.29884454531250004 0.43012566249999995 0.2902434140625
0 0.4273745015625 0.2180028203125 0.4257469953125 0.22206323437500003 0.4359129140625 0.23256124531250003 0.4460712203125 0.234904125 0.49174789687500003 0.2353844359375 0.49458388593749997 0.229363734375 0.48262952812500004 0.2196361140625 0.4338435578125 0.21425638593750002 0.4273745015625 0.2180028203125
0 0.4601569296875 0.16020991874999999 0.452052759375 0.159861634375 0.4490558296875 0.162592315625 0.44659028906250003 0.1708529734375 0.4486444234375 0.1728475703125 0.49164604843750004 0.18263859843750002 0.5105856281250001 0.1778394984375 0.49979118125 0.1704916703125 0.48541985 0.1646846296875 0.4601569296875 0.16020991874999999
0 0.4618359109375 0.098538559375 0.4556811203125 0.10070989999999999 0.452369928125 0.1050156734375 0.45468975624999997 0.1097752578125 0.47548156874999997 0.11617594843750001 0.5068507109375 0.1228193953125 0.52121443125 0.1204713078125 0.5099933531249999 0.10706847187499999 0.4789384765625 0.0988499328125 0.4618359109375 0.098538559375
0 0.5123570453124999 0.046061975 0.48925301406250005 0.043056834375000005 0.4670993890625 0.043481545312499995 0.461419796875 0.0473678140625 0.4687982984375 0.059546445312499995 0.48053553750000005 0.06216899375 0.5175280843750001 0.061111121874999993 0.5214192328125 0.057995246874999996 0.5215725609375 0.0531301359375 0.5123570453124999 0.046061975
0 0.5094868875 0.9739976953125 0.541791209375 0.9677607343749999 0.5500563203125 0.9713990390625 0.563791509375 0.9722011359374999 0.55542164375 0.9690878625 0.5492030578125 0.9592890234375 0.5170444515625 0.9525057406249999 0.49983713124999996 0.9527193984375 0.483580215625 0.956362909375 0.4815336921875 0.9625234453125 0.4923281390625 0.969871271875 0.498853378125 0.9699398875 0.5094868875 0.9739976953125
0 0.52261458125 0.8877185031250001 0.55792344375 0.8869059921875 0.5594461921875 0.8833706140625001 0.5539685000000001 0.8780516875 0.5409665921875 0.8735743765624999 0.5033864765625 0.865287221875 0.478920634375 0.869107478125 0.48360885937500003 0.8742865671875 0.48272225 0.8828268953125 0.5000905078125 0.8859032578124999 0.5127705390624999 0.88380053125 0.52261458125 0.8877185031250001
0 0.5034303421875 0.799521140625 0.5273800234375 0.8064811687500001 0.5460053375 0.8032571609374999 0.5424208421875 0.7966428140625 0.5319968421875 0.7915349453125 0.5295160812499999 0.7834853390625 0.5177302687500001 0.7852028703125 0.48783530468749997 0.7793641250000001 0.471473634375 0.783532665625 0.49327203593749996 0.7971782609375 0.4954385375 0.80680295625 0.5034303421875 0.799521140625
0 0.49135891093749995 0.720737421875 0.5046265125 0.7279797218749999 0.52284041875 0.7350109687499999 0.523412765625 0.728045734375 0.525990671875 0.7274151765625 0.55009368125 0.7295100921875 0.55988915 0.7377681468749999 0.564884028125 0.7332170125 0.5698303359375 0.733005959375 0.5651982921875 0.7316419203125 0.5628222828125 0.723067284375 0.5591892171875 0.72079301875 0.5369232234375 0.7135876296875 0.49655568906249997 0.70698109375 0.48929716562500003 0.7105876953125 0.49135891093749995 0.720737421875
0 0.5515888890625 0.6400833203125 0.517383759375 0.639460571875 0.511333721875 0.641106884375 0.5070235546874999 0.646322884375 0.5173989812500001 0.655770834375 0.5288219578125 0.6599684781249999 0.5335025718749999 0.656992434375 0.5725492546875001 0.657929159375 0.5724854609375 0.6459589765625 0.5515888890625 0.6400833203125
0 0.5153325296875 0.5841951078125 0.5209225890625 0.59714413125 0.525240365625 0.6000832625 0.547450178125 0.6034736015625 0.57444535625 0.6033628671875 0.5793278671875 0.5911816328125 0.5757995578124999 0.5883823375 0.52690883125 0.5835276390625 0.5153325296875 0.5841951078125
0 0.513801184375 0.5280450890624999 0.516805721875 0.5334695375 0.5318617625 0.539941446875 0.5741786765625 0.549067609375 0.58254093125 0.5440257500000001 0.5785374156249999 0.5395115296874999 0.558269375 0.5304856859375 0.5185865515625 0.5245440140625 0.513801184375 0.5280450890624999
0 0.5893872328125 0.487507809375 0.5846990062499999 0.4823287203125 0.5599598593749999 0.47522885625000005 0.5374357859375001 0.473413609375 0.5327551703125 0.47638965312500003 0.5316028687500001 0.48216499218750003 0.5373462515625 0.490248903125 0.5499777140625 0.49248625781250005 0.561973034375 0.48971866718749996 0.586076040625 0.49181358125 0.5893872328125 0.487507809375
0 0.56699655625 0.4030911890625 0.545527640625 0.4041807640625 0.5416364921875 0.4072966421875 0.54495529375 0.4111459984375 0.5636444046875 0.4198921734375 0.5840657734375 0.42405290625000003 0.6046890390625 0.41900844375 0.615846321875 0.42044109843750005 0.584364815625 0.40616755156249995 0.56699655625 0.4030911890625
0 0.6288359109375 0.3553372796875 0.5958878375000001 0.3484141625 0.5758930999999999 0.35030843906250003 0.573476128125 0.354229015625 0.57648066875 0.3596534671875 0.5792195140625 0.3623129296875 0.5979010109375 0.362903971875 0.6205860249999999 0.36800923750000003 0.63678675625 0.3605506765625 0.6288359109375 0.3553372796875
0 0.5712639640625 0.295673534375 0.59957999375 0.3012326109375 0.624996240625 0.30084220781250004 0.631046278125 0.29919589687500003 0.6347764890625001 0.29279 0.5803033171875 0.283141409375 0.5724648375 0.2855581125 0.5712639640625 0.295673534375
0 0.5910022921875 0.2336147875 0.586321678125 0.23659082968749998 0.5863292890625 0.24474595937500002 0.6068554125000001 0.2483816625 0.6359047265625 0.2502655234375 0.6470543984375 0.2435430484375 0.639417815625 0.23675455781250002 0.6051565046875 0.2323167609375 0.5910022921875 0.2336147875
0 0.58883993125 0.1830029671875 0.586688653125 0.1896885328125 0.5960089203125001 0.196231659375 0.6199024171875 0.1993766375 0.6457376828125 0.196886109375 0.6487831828124999 0.1898153484375 0.6371992703125 0.1823276875 0.59352054375 0.180026925 0.58883993125 0.1830029671875
0 0.665140146875 0.1242208078125 0.6247726140625 0.1176142734375 0.612044009375 0.12405707968749999 0.6087890015624999 0.132177903125 0.6126877609375 0.13721715625 0.6316349515625 0.1405731890625 0.6362108109375 0.138122178125 0.658573946875 0.1366474046875 0.6664609984375 0.12989061875000002 0.665140146875 0.1242208078125
0 0.6714026015625 0.0682535671875 0.664821178125 0.0643699015625 0.6479281234375 0.063008465625 0.6197244578125 0.0650794875 0.6162523281250001 0.0660952421875 0.6143667421875 0.0755457953125 0.619159721875 0.0801998546875 0.6269496296875 0.08212323125 0.6549437859375 0.0811022703125 0.6707255 0.0757438328125 0.6714026015625 0.0682535671875
0 0.78319725 0.1511111796875 0.8116180359375 0.15614522656250002 0.8371876078125 0.150889709375 0.8355524921875 0.146794990625 0.8274968921875001 0.1421066265625 0.7957087328125 0.1375633 0.781820215625 0.141626315625 0.78319725 0.1511111796875
0 0.7926585296875001 0.0832080625 0.7789795203125001 0.0862210171875 0.7788823765624999 0.0949011796875 0.7836753562500001 0.0995552375 0.7871474875 0.0985394828125 0.827619775 0.1046209875 0.8381894890625 0.09670861562500001 0.8271855328125 0.0904108484375 0.7926585296875001 0.0832080625
0 0.7813576140625 0.942789459375 0.7870448156250001 0.9470583203125 0.8243516281250001 0.9444253578125 0.8338814078125001 0.9499184234375001 0.8341394890625 0.94452828125 0.8368221515625001 0.9433726921875 0.847769925 0.9458554093749999 0.8610299124999999 0.9449425781249999 0.8247068546874999 0.9303550546875 0.7765494125 0.9218251390625 0.763079915625 0.9237880328125 0.758721175 0.9333441125 0.7746228656249999 0.9437709062499999 0.7813576140625 0.942789459375
0 0.6826743328125 0.9253101296875 0.6856712609375 0.9225794484375 0.7000349796875 0.9202313609375 0.6960800375 0.9113770546875 0.644708546875 0.8984727546875 0.6355006453125001 0.8995597249999999 0.62813736875 0.9036913562500001 0.6340416906249999 0.9150652890625001 0.6390441796874999 0.9186692875 0.6594655484375 0.9228300171875 0.6753034453125 0.921286628125 0.6826743328125 0.9253101296875
0 0.7864297109375 0.8518219031250001 0.7865420750000001 0.8594520031249999 0.79033608125 0.8650162859374999 0.78845049375 0.874466840625 0.8031846609375 0.8743587093749999 0.8129239484375 0.878801715625 0.8216004671875 0.872184765625 0.8464443656249999 0.878759596875 0.8550723124999999 0.8764827265624999 0.869701725 0.8768996296875 0.8725377140624999 0.8708789265625001 0.84326366875 0.8537348640625 0.8240022140625 0.8519539249999999 0.8151571484375 0.847125725 0.807528178125 0.8484923671875 0.7989488031249999 0.8464291546875 0.7904256125 0.8481809953124999 0.7864297109375 0.8518219031250001
0 0.741164440625 0.8410863375 0.7455307921875 0.8396853890625 0.7210497265625 0.8271953828124999 0.7155720343749999 0.8218764593750001 0.700781684375 0.8181695390625 0.688617815625 0.8094919828125 0.683147734375 0.8123281890625 0.6710962312500001 0.8112807296875 0.6649414375 0.8134520734375 0.6616302484375 0.817757846875 0.67258563125 0.8283956921875 0.6860065578125 0.83077288125 0.6993789125000001 0.8374901515625 0.741164440625 0.8410863375
0 0.6851485921875 0.7572368671875 0.71341605 0.767136028125 0.722100178125 0.7686742078125001 0.7310423890625 0.764822246875 0.7545168671875 0.770067346875 0.744246196875 0.760094365625 0.72613704375 0.7525380890625 0.721658328125 0.7463089359375 0.7100820265625 0.7469764062500001 0.68750176875 0.741346109375 0.670084940625 0.742609828125 0.6699316125 0.7474749390625 0.6779386406250001 0.7565033875 0.6851485921875 0.7572368671875
0 0.87614324375 0.7872618 0.8620223828125001 0.767909484375 0.8300247140625 0.7644162203125 0.8137677968749999 0.7680597328125 0.8105613609375 0.7718404765625 0.8111974999999999 0.7768454203124999 0.8237318171875 0.7877629374999999 0.8348405281250001 0.7935356734375001 0.8516212171875001 0.787267009375 0.8668305859375 0.7888738046875 0.87614324375 0.7872618
0 0.816872384375 0.711533153125 0.87018564375 0.7188019515625 0.879707809375 0.7161398859375 0.8725464296875 0.711066325 0.8481215499999999 0.7023913687500001 0.8197007640624999 0.697357321875 0.8125469937500001 0.7004388921875 0.816872384375 0.711533153125
0 0.6569735703124999 0.677231546875 0.6590277062500001 0.67922614375 0.6836059140625 0.6830359875 0.6905577828125 0.689159609375 0.6902997015625 0.6945497515625 0.7076603484375 0.689470984375 0.71545025625 0.6913943609375 0.71966328125 0.6948585234375 0.7327137593749999 0.694995753125 0.7264466015625 0.6895369953125 0.7297577937499999 0.685231221875 0.7194871203125001 0.6752582406250001 0.6773235359374999 0.661266965625 0.6677451859375 0.66011398125 0.6613808828125001 0.6633353843750001 0.6569735703124999 0.677231546875
0 0.714592290625 0.6178583468750001 0.72370305 0.6254515359374999 0.7298092703125 0.6276202750000001 0.7331766453124999 0.62712955 0.7300673515625 0.62223013125 0.734482275 0.6164891 0.745269109375 0.615681796875 0.7509487 0.611795528125 0.748999321875 0.6092759 0.6916263640625 0.5936778281249999 0.6686346999999999 0.5983027859375001 0.6686908828125 0.6021178359375 0.67927581875 0.6105157250000001 0.714592290625 0.6178583468750001
0 0.8568085828124999 0.65065868125 0.8606997312500001 0.6475428046875 0.86911816875 0.6463159968750001 0.8863254875000001 0.6461023406249999 0.9077458296875 0.6493528453125 0.9005844515625 0.6442792828125 0.8830552578124999 0.6379129031249999 0.8636328656250001 0.6328419421875 0.8333188828125 0.62910331875 0.8169010296874999 0.6294568093749999 0.8122204156249999 0.6324328546875 0.8155954 0.6400972625 0.8221768218750001 0.6439809265625 0.8568085828124999 0.65065868125
0 0.8748901968749999 0.5723235671875 0.8254119046874999 0.558123840625 0.816518265625 0.557635721875 0.8086312140624999 0.5643925078125 0.818217175 0.5737006234375001 0.835005475 0.5755870875 0.873850259375 0.58572900625 0.8781118546875 0.5848530875 0.8796346046875 0.58131770625 0.8748901968749999 0.5723235671875
0 0.7540608984375 0.563424078125 0.7347918328125 0.5534880078125 0.6806891078125 0.5460793765624999 0.673640096875 0.548635915625 0.672012590625 0.5526963265625 0.675121884375 0.5575957453125 0.68338699375 0.56123405 0.7335423875 0.567943509375 0.7437492640625 0.565946309375 0.75411708125 0.567239128125 0.7540608984375 0.563424078125
0 0.7390293640625 0.51586295 0.752281740625 0.5067949890625 0.7459098281250001 0.5018612625000001 0.7299595640625001 0.49577455 0.711801840625 0.492558353125 0.689124440625 0.49560821875 0.694658315625 0.504742190625 0.7019244484375 0.5092907234374999 0.7142902171875 0.508763090625 0.7323431859375 0.5125043171875 0.7390293640625 0.51586295
0 0.8925756234375 0.52055396875 0.9008407343749999 0.524192275 0.9029434390625 0.5218467890625 0.8929946421875 0.518453846875 0.8918832999999999 0.511733971875 0.888250234375 0.5094597078125 0.8610379343749999 0.502465371875 0.8408822578124999 0.501069628125 0.8359921343750001 0.50509573125 0.8356292984374999 0.5110109046875 0.8540527156250001 0.516992090625 0.8808945671874999 0.52174646875 0.8925756234375 0.52055396875
0 0.9001437046874999 0.453946278125 0.8980895703125 0.45195168125 0.87293140625 0.4469519421875 0.8461457343750001 0.44601261406250003 0.8370987703124999 0.45038960625 0.83694544375 0.45525471875 0.8420526875000001 0.4583336828125 0.8569477937500001 0.46151557343749994 0.872471425 0.461547278125 0.897042021875 0.4572019890625 0.9001437046874999 0.453946278125
0 0.7556456421875 0.4571620125 0.7664400875 0.4645098390625 0.7744395046875 0.46538315468749997 0.7692275078125 0.46282922187500003 0.7664324765625 0.4563547078125 0.7753746875 0.4525027453125 0.7658934796875 0.4426696 0.7582083265625 0.440221190625 0.712209775 0.43316084374999997 0.707633915625 0.43561185468749997 0.7067958765625 0.43981210156249995 0.7090109499999999 0.4450967171875 0.7134334828125 0.44751081875 0.7556456421875 0.4571620125
0 0.7650916984375 0.37294863437500003 0.7225167031249999 0.3692126140625 0.7163619125 0.37138395625 0.7155238734375 0.37558420312499996 0.7202120984375 0.380763290625 0.7724216265625 0.389467346875 0.7852064109375 0.3868395890625 0.78604445 0.3826393453125 0.7788830703125 0.37756578125 0.7650916984375 0.37294863437500003
0 0.8547204046875001 0.3866498265625 0.8534071640625 0.389135146875 0.857990634375 0.394839265625 0.8949907953125 0.401936525 0.9083555375 0.4004986625 0.9154531218749999 0.39360204374999996 0.8903997109375 0.3880772734375 0.8615599078124999 0.38514335 0.8547204046875001 0.3866498265625
0 0.9107192312500001 0.33949216875 0.9158188640624999 0.3344160015625 0.8986039328125001 0.326474528125 0.8623932406250001 0.31951710312500003 0.842398503125 0.32141138125 0.841455709375 0.3261366578125 0.846248690625 0.330790715625 0.8655663265625 0.33638670625 0.9076175484375 0.3427478796875 0.9118791453125 0.3418719609375 0.9107192312500001 0.33949216875
0 0.8069363140625001 0.327089003125 0.7871920484375 0.31543800625 0.744617053125 0.311701984375 0.7369880828125 0.3130686265625 0.7304142703125 0.3173400921875 0.7318398765625 0.3224848734375 0.7377365874999999 0.3257036734375 0.7518422265625 0.3287457296875 0.7683648359374999 0.32786720625 0.7956257078125 0.3305214609375 0.8069363140625001 0.327089003125
0 0.8587145078124999 0.26831205156250004 0.8576669593749999 0.273562359375 0.8639341171874999 0.2790211171875 0.9184558624999999 0.28432962812499996 0.921815625 0.2756837734375 0.9092327375 0.2691063359375 0.879442528125 0.262742559375 0.8688652031249999 0.2624998015625 0.8587145078124999 0.26831205156250004
0 0.7997735703125 0.2622207890625 0.7956653 0.258231596875 0.7735602453125 0.254316228125 0.7621372703125 0.2501185828125 0.740709315625 0.2387129484375 0.7381314062500001 0.23934350625 0.7418206578125 0.2454328234375 0.7366724515625 0.2548490671875 0.73830756875 0.25894378749999997 0.7931997578125001 0.26649225468750004 0.7973565984375 0.266141365625 0.7997735703125 0.2622207890625
0 0.8088201015625 0.20294158125 0.7915565984375 0.1993401890625 0.7648756828125001 0.1978758296875 0.7585113812500001 0.20109723281249997 0.7618863671875 0.20876164218749999 0.7986770171875001 0.21690896249999997 0.8227800234375 0.21900387812500002 0.8264616625000001 0.2169380640625 0.8240370796875001 0.2127035078125 0.8088201015625 0.20294158125
0 0.955660825 0.228950825 0.9599709921875 0.22373482500000003 0.939598196875 0.2152340125 0.915495190625 0.213139096875 0.8999229828124999 0.21744747343749998 0.8951937984375 0.224763596875 0.8987221109375 0.2275628921875 0.9176693 0.23091892343749998 0.930139821875 0.229866259375 0.9461386578125 0.2316128890625 0.955660825 0.228950825
0 0.9129763687500001 0.16431383593749999 0.9138782015625001 0.17208377187499999 0.9188806906250001 0.17568776875 0.9602472000000001 0.1813840765625 0.971501628125 0.17413656875 0.9639697999999999 0.16682305 0.9239165312500001 0.1586414203125 0.9179712468749999 0.15976270312500002 0.9129763687500001 0.16431383593749999
0 0.9273839546874999 0.0961996671875 0.9109661015625001 0.096553159375 0.9053912640625 0.0999143984375 0.9091852687499999 0.10547868281249999 0.9166609140625 0.108977153125 0.96176524375 0.116422696875 0.9756537625 0.11235968125 0.9725444671875 0.1074602625 0.9634898937499999 0.103682121875 0.9273839546874999 0.0961996671875