0 0.8478574859375 0.0210597390625 0.8511387234375001 0.028415171875 0.8670102421875001 0.032681448437499996 0.9040944453125 0.029702848437500002 0.9154746656249999 0.021664546875 0.914293684375 0.0173397375 0.8944833640625 0.0126312234375 0.8828123546875 0.014426185937499999 0.8620827625 0.0110118640625 0.8562763375 0.012533679687499999 0.8478574859375 0.0210597390625
0 0.8826928578125001 0.085134509375 0.8643833875 0.0916184796875 0.8468187171875 0.09306225625 0.8629228671875 0.10232320312500001 0.8612006359375 0.107408921875 0.8553942109375001 0.1089307375 0.8565170359375 0.11200688125 0.9188399578125 0.104098640625 0.923610796875 0.10137368124999999 0.9252748687500001 0.09503929531250001 0.9082223687500001 0.08644820625 0.8974997124999999 0.08757330937499999 0.8826928578125001 0.085134509375
0 0.9092385609375 0.16118041249999998 0.8662316171875 0.16318349375000002 0.8489286546875 0.17024627187500002 0.8817363609375001 0.18060630312499998 0.9022333218749999 0.1790259546875 0.91772681875 0.17517589218750002 0.92614566875 0.1666498328125 0.9092385609375 0.16118041249999998
0 0.9204320562499999 0.2332584359375 0.9220088921875 0.225051046875 0.8922207156249999 0.21642744375 0.883336603125 0.2149641625 0.8786239234375 0.2189377890625 0.8592788640625001 0.22421861562499998 0.8668769281250001 0.240132621875 0.8845869937499999 0.24181051406249998 0.9204320562499999 0.2332584359375
0 0.8790779499999999 0.291779959375 0.87051370625 0.29718435 0.8697107484375 0.300975878125 0.873736784375 0.3032911140625 0.938130884375 0.2977891578125 0.946724209375 0.2930091015625 0.9484173609375001 0.28729904687499996 0.9443040875 0.283110809375 0.9354199765625 0.2816475296875 0.9265649421875001 0.2808085828125 0.8983648515624999 0.2852504640625 0.8790779499999999 0.291779959375
0 0.8705474531249999 0.3610029671875 0.8668412812499999 0.365555403125 0.8826837218750001 0.36919734531250004 0.8897874437500001 0.3744976765625 0.8966294593749999 0.3741790046875 0.9267262546874999 0.36839740781249997 0.9353195781249999 0.36361735 0.9370127296874999 0.357907296875 0.92410258125 0.3541287796875 0.8859246328125 0.3546555703125 0.864508396875 0.3575301125 0.8705474531249999 0.3610029671875
0 0.9324501125 0.428196875 0.9331658328125 0.422532346875 0.9251428390624999 0.41852620625 0.892771315625 0.41753118125000005 0.8657231265625001 0.4256735421875 0.8745781593749999 0.42651248906249994 0.88570791875 0.43412805624999995 0.9189696359375 0.43320455625000004 0.9324501125 0.428196875
0 0.90448731875 0.5008277109375 0.9228840281249999 0.496216740625 0.9244027046875001 0.4867606859375 0.9038766640624999 0.4877167 0.888034225 0.48407475624999996 0.8843280515625 0.4886271921875 0.8728024390625 0.4935438234375 0.8939682140625 0.5063231499999999 0.90448731875 0.5008277109375
0 0.89509570625 0.572593578125 0.9040670546875 0.575929859375 0.9134342562500001 0.566733940625 0.9289277515625001 0.5628838796875 0.9336404328125001 0.558910253125 0.9304464296875 0.5534278234375 0.9069008609375 0.5526474125 0.8873231703125001 0.55293356875 0.8797363578124999 0.5582924359375 0.8744242718749999 0.570427925 0.89509570625 0.572593578125
0 0.9267158500000001 0.6205502078125 0.887764021875 0.625492859375 0.8667839671875001 0.6377324078125 0.899097334375 0.6374787640624999 0.9262618375 0.6318337390625001 0.9329002984375 0.6271447328125 0.932696746875 0.6227743953125 0.9267158500000001 0.6205502078125
0 0.8812593812499999 0.6968211609375 0.8803691859375 0.6987396859375 0.8920983515625001 0.698193390625 0.9231725781250001 0.6923662687500001 0.9317949796875 0.6882105453125 0.9295493296874999 0.68205825625 0.920548903125 0.6780976421875 0.9048809375 0.6782017 0.8778327484374999 0.6863440609375 0.8612455078125001 0.6877423109375 0.8812593812499999 0.6968211609375
0 0.7744797203125 0.380493909375 0.783509225 0.38507885937499997 0.8142926625 0.3730083984375 0.8148339109375 0.3635978671875 0.805920721875 0.36151025312499996 0.7707041421875 0.362524803125 0.7454363421875 0.3668301109375 0.74937514375 0.367272346875 0.752714540625 0.3758764453125 0.7744797203125 0.380493909375
0 0.8139405359375 0.43872205312499996 0.8177339437500001 0.43604261875 0.8145108640625001 0.4299358546875 0.802549065625 0.42548748124999997 0.771474840625 0.431314603125 0.7577326546875 0.43070327812500003 0.7609848140625 0.43743437656250006 0.7739240406250001 0.441837228125 0.8139405359375 0.43872205312499996
0 0.7536800765625 0.491583778125 0.742270778125 0.4989977453125 0.748251675 0.50122193125 0.748426146875 0.504967934375 0.742648803125 0.507114084375 0.743829784375 0.5114388953125 0.7771205812499999 0.5111397265625001 0.7848527890625 0.5089025296874999 0.7918401953124999 0.5117055265625 0.8129947234375001 0.50321198125 0.8148041906250001 0.4999992640625 0.8107781515625 0.49768402656250005 0.77411888125 0.4887547609375 0.7536800765625 0.491583778125
0 0.8004303374999999 0.5801311296875 0.8139398921875 0.5757477828125 0.8224169 0.5684703890625 0.821264996875 0.5647699109375 0.81235180625 0.5626822984375 0.77710615 0.5630725156249999 0.759919503125 0.5726326296875001 0.7553231406250001 0.579103590625 0.77412695 0.58323329375 0.8004303374999999 0.5801311296875
0 0.8126472625 0.6321199187500001 0.7784953531250001 0.6349619453125 0.7680634828125 0.6423303875 0.769244465625 0.6466552 0.79874185625 0.649035465625 0.8218221625 0.6398265375000001 0.8205830234375 0.6342530578125001 0.8126472625 0.6321199187500001
0 0.7508311984375 0.7038247421875 0.8018902156250001 0.7064521359375 0.8231029015625 0.6992072578124999 0.8239058578125 0.69541573125 0.8158828609375 0.691409590625 0.7826502234375 0.692957425 0.7508311984375 0.7038247421875
0 0.9024348171875 0.7511985578125 0.9178119953125 0.7448511609375 0.93528943125 0.741534384375 0.93594699375 0.7346211874999999 0.9279239968749999 0.7306150484375 0.8927074203125 0.7316295984375001 0.8773883984375 0.7392256625 0.8756370890625 0.7436870484375 0.8816761453125 0.747159903125 0.9024348171875 0.7511985578125
0 0.776829365625 0.746412028125 0.753371034375 0.7475046171875 0.772203925 0.752258653125 0.757833253125 0.759184859375 0.7955571906250001 0.7699416015625 0.8117664046874999 0.7604270125 0.828179175 0.7552827578125 0.8307625203125 0.7476541796875 0.8267655609375 0.745963275 0.8160429046875001 0.7470883796875001 0.7992230328125001 0.7434919609375 0.787435709375 0.7427895875 0.776829365625 0.746412028125
0 0.6661396609375 0.515057371875 0.6847108421875 0.5141924046875 0.6911457515625 0.5051330609375 0.6830936765625 0.5005025859375001 0.6663028843750001 0.49753050156249995 0.646783353125 0.499065325 0.631348015625 0.5041640562499999 0.632470840625 0.5072402 0.650646165625 0.5189074328125 0.6661396609375 0.515057371875
0 0.6924186390625 0.57452515625 0.661053625 0.5741089406250001 0.637827921875 0.5801961999999999 0.66068685 0.5872654734375 0.698806640625 0.5854900171875 0.7033448484375 0.5777703890625 0.701273671875 0.575364103125 0.6924186390625 0.57452515625
0 0.690468446875 0.6378104890625 0.65919066875 0.639267275 0.6351620078125 0.6491460625000001 0.6627917734375 0.6534903765625 0.687314771875 0.6542252640624999 0.7074627890625 0.6451529109374999 0.7043560249999999 0.64154348125 0.690468446875 0.6378104890625
0 0.6467795265625 0.7092967156250001 0.647070315625 0.715540053125 0.642241321875 0.7170163421875 0.6832934046875 0.7151043109375 0.7142513140625 0.7067798546875 0.7109991546875001 0.7000487578125 0.689263053125 0.6960556265625 0.664740053125 0.6953207390625 0.657211396875 0.7019282734375001 0.64281165 0.7082301453125 0.6467795265625 0.7092967156250001
0 0.7187941890625 0.7622545093750001 0.7156292671875 0.7573964140625 0.7047612156249999 0.7553998484375 0.665780309375 0.759718165625 0.6436774328125 0.7688815703125 0.6400003390625 0.7740583375 0.6684330625 0.7746111265625 0.6986461734375 0.7713268640625001 0.7187941890625 0.7622545093750001
0 0.934432984375 0.8072715265625 0.93328108125 0.8035710484375 0.9144772703124999 0.7994413453125 0.8869638203125 0.7975943640625001 0.8738904484375001 0.8113427171875 0.8878943421875001 0.8175730453125001 0.9191139609375 0.814867590625 0.93066865625 0.81057529375 0.934432984375 0.8072715265625
0 0.4806118125 0.1911550328125 0.470982903125 0.1947319484375 0.464431675 0.2012939578125 0.45379625468749996 0.20429206249999998 0.46785830781250004 0.2117710578125 0.49134572031249996 0.21130280156249998 0.5112141984374999 0.2172599828125 0.5196039671875 0.2081095890625 0.528284528125 0.2052025328125 0.529919521875 0.1982438125 0.508986378125 0.19045915625 0.4993283875 0.1934117375 0.4806118125 0.1911550328125
0 0.463792865625 0.271703821875 0.48849033750000004 0.2761847109375 0.4966296484375 0.2826881859375 0.5150554359374999 0.27870154999999996 0.5313518859374999 0.2710599609375 0.5360936453125 0.26771066875 0.5348835843749999 0.262761525 0.5159925375000001 0.25675881875 0.49745043593749994 0.2582481203125 0.482934371875 0.2620526578125 0.463792865625 0.271703821875
0 0.547151728125 0.326029859375 0.5373192640625 0.3252364390625 0.533089675 0.318550865625 0.5281734421875 0.3181541546875 0.5243800375000001 0.3208335875 0.5126799484375 0.3220042171875 0.5041447828125001 0.328032940625 0.48074460625000004 0.33037419843750004 0.47129016874999996 0.33769711562500004 0.4881100390625 0.341293534375 0.48457834218749996 0.3495919703125 0.5245657578125 0.3458524640625 0.545633046875 0.33548591562499996 0.5493392187499999 0.33093348125 0.547151728125 0.326029859375
0 0.5131099109374999 0.405181165625 0.5444458453125 0.404973046875 0.561806965625 0.39915893593749996 0.5584966484375 0.3911791703125 0.5348347640625 0.3879014234375 0.5113473515625 0.38836967968749997 0.4832344953125 0.3946845609375 0.48139595 0.3972729453125 0.5040804046875 0.40059621874999995 0.5131099109374999 0.405181165625
0 0.5493526578125 0.46826159531249995 0.55906880625 0.46655768125 0.586029759375 0.4565423203125 0.5887003421875 0.45078674375 0.5806191875 0.44553193750000003 0.545402609375 0.4465464859375 0.5398578921875 0.45368730468749996 0.5167485046875 0.4622719 0.5168648203124999 0.4647692359375 0.5493526578125 0.46826159531249995
0 0.51561535625 0.522068153125 0.5237255875 0.5279472953125001 0.5180936375 0.5332151125 0.5122581312500001 0.53411259375 0.5162550921875 0.5358034953125 0.56474859375 0.525410928125 0.5755294078125 0.5255344921875 0.5811613625 0.520266675 0.574889675 0.51179915 0.547492540625 0.512449503125 0.5280893234375 0.5164816640625001 0.51561535625 0.522068153125
0 0.5672606203125 0.6003765046875 0.5922957906249999 0.591076528125 0.5911148078124999 0.586751715625 0.5831208906249999 0.583369909375 0.5467814875 0.5813083156250001 0.5223166453125 0.5818220968750001 0.5205653359375 0.58628348125 0.5300019453125 0.5996091031249999 0.5526282421875 0.6016837078124999 0.5672606203125 0.6003765046875
0 0.5474840484375 0.659486609375 0.5526329109375 0.664877990625 0.58077484375 0.6591874421874999 0.5915556578125 0.65931100625 0.5972748484375 0.655916190625 0.5939063734375 0.64668775625 0.5614476125000001 0.64381973125 0.5496893671875 0.6437416921875 0.5333056796875 0.649510278125 0.535638565625 0.65753556875 0.5474840484375 0.659486609375
0 0.5850850890625 0.709667428125 0.55656513125 0.7072416375 0.537278228125 0.7137711312499999 0.5355559984375 0.7188568515625 0.5596831421874999 0.7321239390625001 0.5982569468750001 0.7190649484375 0.5969887265625 0.7128671359375 0.5850850890625 0.709667428125
0 0.5278284578125 0.7842883328125 0.5220511109375 0.7864344812499999 0.5349903390625 0.79083733125 0.568281134375 0.7905381640625 0.6049873140625001 0.779443225 0.604667446875 0.772575553125 0.5917572984375 0.7687970359375 0.5486631171874999 0.768927115625 0.5302373296875 0.7729137515625 0.5323375859375 0.775944371875 0.5278284578125 0.7842883328125
0 0.3685758421875 0.540804703125 0.39824770468750004 0.546930971875 0.4245510921875 0.5438288078125 0.42854805156250003 0.5455197093749999 0.434180003125 0.54025189375 0.4448154234375 0.5372537875 0.4485215953125 0.532701353125 0.441505109375 0.529274021875 0.42474339531250005 0.5269262718750001 0.37593002656249996 0.5304511671875 0.368372290625 0.5364343671875 0.3685758421875 0.540804703125
0 0.447007584375 0.6053516906249999 0.44763607031249997 0.5978141625 0.420605709375 0.5853079828125 0.4147992859375 0.5868297984375 0.40931272500000004 0.5952192828125 0.3784420515625 0.6054167421875001 0.39540731875 0.6121348296875 0.40917858125000006 0.6133704875 0.447007584375 0.6053516906249999
0 0.39563336875 0.6590509109375 0.38215289218750004 0.6640585921875 0.3968725078125 0.664624390625 0.414902440625 0.6731699546875001 0.43749965625 0.674620225 0.45877049843749995 0.6686240140625 0.46052180781249996 0.6641626296875 0.4563794546875 0.65935005625 0.4238043796875 0.653984696875 0.40031696875 0.6544529531250001 0.39451054375 0.6559747671875 0.39563336875 0.6590509109375
0 0.4520963765625 0.7146101 0.41507033125000004 0.7188373671875 0.3939739625 0.72857958125 0.42631640624999995 0.7289502718749999 0.45161328593750005 0.7252692984375 0.45635504375 0.7219200078125 0.4561224140625 0.7169253359375001 0.4520963765625 0.7146101
0 0.4642663953125 0.7866230953125 0.4688046 0.7789034671875 0.4608106828125 0.7755216609375 0.4196713640625 0.7755606921875 0.39634059375 0.8004234875 0.4139343453125 0.7996040453125 0.43621169687499994 0.7941866453124999 0.451559796875 0.7872149140625 0.4642663953125 0.7866230953125
0 0.2708618671875 0.54598149375 0.27157758906249996 0.5403169640625001 0.2655094515625 0.5362197765625 0.22617959999999998 0.5330460875 0.1934413015625 0.545207596875 0.2085389421875 0.553889734375 0.23220082656250002 0.55716748125 0.247752478125 0.5545660875 0.2708618671875 0.54598149375
0 0.23646416406249998 0.6276716718750001 0.2472158984375 0.6271709015625 0.26262215625 0.6214478390625 0.2792384765625 0.6206739203125 0.2840093140625 0.6179489625000001 0.2836312890625 0.609832625 0.274689021875 0.6071206765625 0.23354970156250002 0.60715970625 0.22409526249999998 0.6144826234375 0.197966346875 0.621330790625 0.23646416406249998 0.6276716718750001
0 0.20955478749999998 0.6808571109375 0.215797396875 0.6887003015625 0.20912985625 0.6927649765624999 0.2433108453125 0.690547284375 0.26357517812500003 0.6839722640625 0.27530434375 0.6834259703125001 0.28194280625 0.6787369609375 0.2817392546875 0.6743666234375 0.27173231875 0.6698272000000001 0.23251877968749998 0.669150846875 0.21130609687500002 0.6763957265625 0.20955478749999998 0.6808571109375
0 0.2031245453125 0.7531107390625 0.21704120468750002 0.7574680640625 0.2443220234375 0.7543203765625 0.25809328593749997 0.7555560328125 0.2751054609375 0.742249915625 0.2709631078125 0.7374373453125 0.260065978125 0.7348164453125 0.2314587828125 0.7305176546875 0.22597222499999997 0.7389071406250001 0.21243359062499997 0.742666153125 0.2031245453125 0.7531107390625
0 0.27271908749999996 0.7961702421875 0.236583234375 0.798478984375 0.1959673328125 0.8097560234375001 0.22463268749999998 0.81530348125 0.2432038671875 0.8144385156249999 0.269274625 0.8063416812499999 0.2739873046875 0.8023680546874999 0.27271908749999996 0.7961702421875
0 0 0.24306731875 0.0051219015625000005 0.245494921875 0.0327225890625 0.2492149046875 0.05129376718749999 0.2483499375 0.076532490625 0.24342029687500003 0.08029681718750001 0.2401165296875 0.079057678125 0.23454305 0.0730186203125 0.23107019375 0.051311596875 0.22770139843749998 0.0269049125 0.22946384687500002 0.0173632375 0.2349137625 0.0018697437500000001 0.238763825 0 0.24139612968750002 0 0.24306731875
0 0.0258429890625 0.31182064375 0.0193208421875 0.3190069875 0.028408504687500002 0.324840603125 0.0452865328125 0.32968569062499997 0.07952568125000001 0.3287166640625 0.09019018125 0.32634289375000003 0.0939545078125 0.3230391265625 0.0917379390625 0.317511171875 0.075721025 0.3101232265625 0.06304350625 0.31133937968750003 0.04038813125 0.30864044062499996 0.0258429890625 0.31182064375
0 0.0206078125 0.38870146875 0.0336633546875 0.39560165468749997 0.0643708046875 0.402931065625 0.0826802765625 0.3964470953125 0.0944676015625 0.39714946875 0.1038638828125 0.3885778828125 0.10049540781249999 0.37934945 0.0741920203125 0.3824516140625 0.0467076484375 0.3812289671875 0.031155996875 0.3838303609375 0.0206078125 0.38870146875
0 0.0485508640625 0.441834865625 0.0236029296875 0.45300784531250005 0.04019016875 0.45160959375000004 0.059052139062499995 0.45698796562500005 0.08242323593749999 0.454022375 0.0978876515625 0.449547978125 0.1016229 0.44561987812500004 0.10041283906250001 0.4406707328125 0.08649618125 0.43631340625000004 0.0738477421875 0.4381538921875 0.0530890703125 0.4341152390625 0.0485508640625 0.441834865625
0 0.059564307812499995 0.4469531015625 0.058761350000000004 0.450744628125 0.062816465625 0.4536841984375 0.07733253125 0.4498796609375 0.0741385296875 0.44439723124999997 0.066260928125 0.443512759375 0.059564307812499995 0.4469531015625
0 0.113956140625 0.500106003125 0.10975563125000001 0.4940447640625 0.0889678796875 0.489381775 0.060651473437500006 0.4913263234375 0.0397295765625 0.5048145374999999 0.06652730625 0.5123260468749999 0.09170786875 0.5061477375 0.10539189687499999 0.5055103937500001 0.113956140625 0.500106003125
0 0.1284768734375 0.55949575 0.1282151640625 0.5538767453125 0.1241891265625 0.551561509375 0.0762950296875 0.5537922125 0.0464017859375 0.563944146875 0.05741523125 0.5690623796875001 0.1044191359375 0.568750203125 0.12086098125 0.5642302828125 0.1284768734375 0.55949575
0 0.1268465484375 0.629648753125 0.1265848390625 0.6240297499999999 0.10781010625000001 0.6205243796875 0.0971456078125 0.6228981515625 0.08038389375 0.6205504000000001 0.0602067984375 0.6289984203125 0.08134349375 0.6411534140625 0.09215338906250001 0.6419013125 0.1268465484375 0.629648753125
0 0.090115959375 0.7033136421874999 0.10667412031250001 0.7012910578125 0.13567717031249998 0.69305765 0.1333733640625 0.68565669375 0.10378873749999999 0.6814034265625 0.0930079234375 0.6812798640625 0.0602114671875 0.6921927046875 0.0691246578125 0.69428031875 0.0684089359375 0.699944846875 0.090115959375 0.7033136421874999
0 0.0656848640625 0.7676460406250001 0.09521133125 0.7706506390625 0.125162734375 0.7617473734375 0.12582029687500002 0.7548341781250001 0.10494530937499999 0.7482981890625 0.08720616406250001 0.7459959625 0.08358723125 0.7524213984375 0.0624036265625 0.7602906078125 0.060652317187500006 0.76475199375 0.0656848640625 0.7676460406250001
0 0.131689546875 0.8177553124999999 0.1304794859375 0.8128061687500001 0.1175984171875 0.8096519859375 0.078472115625 0.8108486328125 0.066946503125 0.8157652656250001 0.06536966562499999 0.8239726515625 0.0882285921875 0.8310419265625001 0.11639960468749999 0.8259757125 0.131689546875 0.8177553124999999
0 0 0.070318378125 0.0028744046874999997 0.0710521578125 0.0169364578125 0.078531153125 0.056836637499999995 0.07291864375 0.061549315625 0.0689450171875 0.0530029 0.0537008703125 0.0332216609375 0.049616690625 0.01465048125 0.050481657812500004 0.000134415625 0.054286195312499994 0 0.054359534375 0 0.070318378125
0 0 0.15536229375 0.045297860937500004 0.161678096875 0.0663942296875 0.151935884375 0.066103440625 0.145692546875 0.0550609171875 0.139949978125 0.0313408734375 0.1354235640625 0.0215665703125 0.13587880937500002 0 0.140630175 0 0.15536229375
0 0.16097052812499998 0.058360557812500005 0.1776740828125 0.059459642187499995 0.2010451796875 0.0564940515625 0.20871923125 0.053008185937499994 0.20943495156249997 0.047343659375 0.2053798359375 0.0444040890625 0.172833840625 0.0396630609375 0.14356908125 0.0422774640625 0.138972715625 0.048748425 0.1411020515625 0.052403378125 0.16097052812499998 0.058360557812500005
0 0.3439104296875 0.0532910859375 0.3546330859375 0.05216598125000001 0.36713613125 0.0472038265625 0.3667581078125 0.039087487500000004 0.355773740625 0.0345935859375 0.343038065625 0.034561071875 0.331134425 0.0313613640625 0.320353609375 0.0312378 0.3029343328125 0.035803245312499996 0.304551496875 0.049493064062499995 0.3439104296875 0.0532910859375
0 0.43692864531250003 0.0314198796875 0.43333879062499997 0.0384696484375 0.44740084218750004 0.045948643750000004 0.47707270468749996 0.0520749140625 0.48181446406250006 0.0487256203125 0.4974242734375 0.0473728953125 0.501159521875 0.04344479375 0.5019334015625 0.0390289328125 0.49275850312499997 0.031322315625 0.4800809828125 0.032538467187499996 0.45624462499999996 0.0255147171875 0.43692864531250003 0.0314198796875
0 0.5734030546875 0.038222478125 0.5912875921875 0.043646373437500004 0.62087221875 0.047899640625 0.6304720515625 0.043698392187500004 0.641194709375 0.042573289062500005 0.6466812671875 0.0341838015625 0.638571034375 0.028304660937499997 0.6298032390625 0.029338715625 0.6167476953125 0.022438531249999998 0.5923700890625 0.0248253109375 0.57891869375 0.030457325 0.5734030546875 0.038222478125
0 0.511666375 0.121811678125 0.508501453125 0.11695358125 0.47500710625 0.1128824125 0.4544810640625 0.113838428125 0.454946325 0.12382776874999998 0.466163321875 0.1333163390625 0.5042540328125 0.130916546875 0.5080765203125 0.1288614484375 0.511666375 0.121811678125
0 0.6097471265625 0.1034783546875 0.5970696078125 0.1046945078125 0.60020545 0.10892827187500001 0.5827861750000001 0.1134937140625 0.5920483125 0.12307333437500001 0.607948909375 0.1279639453125 0.621632934375 0.1273266015625 0.644916796875 0.122488009375 0.6524163734374999 0.1152561421875 0.6450800203125 0.1049611390625 0.63720241875 0.10407666874999999 0.63047671875 0.10689267499999999 0.6097471265625 0.1034783546875
0 0.3007017625 0.1350885390625 0.33727379687500003 0.142144803125 0.3774938421875 0.1433999625 0.386919203125 0.13545271406249998 0.38556374843749996 0.1273818984375 0.36394396093750003 0.1258861046875 0.3441045625 0.1205532578125 0.33234631718749996 0.12047521875 0.31412408125 0.128832190625 0.3004691328125 0.1300938671875 0.3007017625 0.1350885390625
0 0.1514775953125 0.1279510421875 0.15700448281249998 0.1414587625 0.17704743125 0.15116194375 0.22097365 0.14786467187500002 0.2247088984375 0.1439365703125 0.2242727171875 0.13457156406249998 0.2203048375 0.133504996875 0.1816325484375 0.12341811093749999 0.173813103125 0.12378230781249999 0.1604198640625 0.1306629890625 0.1514775953125 0.1279510421875
0 0.21058677656250002 0.240324603125 0.217138003125 0.23376259375 0.226080271875 0.2364745421875 0.2433832328125 0.2294117625 0.2320499203125 0.21742585781249998 0.19384289375 0.2173283125 0.1705008765625 0.2209182375 0.1554435625 0.2341333046875 0.1768597984375 0.23125876406249998 0.21058677656250002 0.240324603125
0 0.165251615625 0.297496678125 0.1776495953125 0.311310059375 0.2228440296875 0.3142106 0.237389171875 0.311030396875 0.24977590312500003 0.30357090625 0.2475593328125 0.2980429515625 0.2316005765625 0.291903671875 0.22392652656249998 0.2953895375 0.20221950312499998 0.292020740625 0.1857776578125 0.2965406625 0.165251615625 0.297496678125
0 0.1835470171875 0.37483602656250004 0.20206003906249997 0.3727223921875 0.2177861640625 0.373867 0.232825646875 0.381300471875 0.2624862609375 0.3661538671875 0.2602406109375 0.360001578125 0.2443400125 0.35511096875 0.2226329890625 0.351742171875 0.2171173515625 0.3595073234375 0.1901564 0.369522684375 0.1835470171875 0.37483602656250004
0 0.177077353125 0.42521195 0.22443020468750002 0.43239177812499996 0.25458515625 0.4278588484375 0.26587814062500004 0.41794754687499996 0.2535964765625 0.40663150000000003 0.2495704375 0.4043162640625 0.177077353125 0.42521195
0 0.2523323296875 0.49549900312500006 0.252041540625 0.489255665625 0.265231228125 0.4780046484375 0.263072815625 0.4737253609375 0.25214660625 0.470480128125 0.21690095 0.47087034531249994 0.188159609375 0.48472275781249996 0.21972817500000003 0.489509309375 0.23571600781250002 0.496272921875 0.2523323296875 0.49549900312500006
0 0.59486895625 0.1836337078125 0.5804692046875 0.1899355828125 0.5835759703125001 0.19354500937500002 0.59835374375 0.1953594765625 0.6125030328125 0.2047114734375 0.6388936578125 0.2034823109375 0.6533515640625 0.1984291046875 0.6608220625000001 0.190572903125 0.659670159375 0.1868724265625 0.6488893453125 0.1867488625 0.640895428125 0.18336705625 0.6212305 0.1817802125 0.59486895625 0.1836337078125
0 0.6271400796875 0.2665985546875 0.66514355625 0.2623257609375 0.6737950374999999 0.258794371875 0.6774139703125 0.2523689359375 0.657429178125 0.243914421875 0.6310094765625001 0.24451925000000002 0.5992776875 0.2572595671875 0.607184365625 0.25876837343750003 0.6123623078125 0.2647840875 0.6271400796875 0.2665985546875
0 0.673229378125 0.330774853125 0.6805544828125 0.3197969828125 0.6742246390625 0.31008078906250003 0.631334009375 0.3145812046875 0.613972890625 0.3203953171875 0.6092892890625 0.3249932765625 0.6312289437499999 0.3333567421875 0.65350629375 0.3279393421875 0.673229378125 0.330774853125
0 0.6126802609374999 0.3767674546875 0.6349979390625 0.393247259375 0.642904621875 0.39475606406249997 0.6750144359375 0.390132084375 0.6836077578124999 0.3853520265625 0.684265321875 0.37843883125 0.6712679359375 0.37278731249999997 0.6615517890625 0.3744912265625 0.6575257531250001 0.3721759890625 0.6231702875 0.3706476796875 0.6126802609374999 0.3767674546875
0 0.690134571875 0.4413599671875 0.6879470828125 0.4364563453125 0.6692014281249999 0.4335753109375 0.643788234375 0.43475895 0.6219179875 0.448917021875 0.63086025625 0.45162897031250004 0.6504670265625 0.45196714531250004 0.6738090421875 0.4483772234375 0.690134571875 0.4413599671875
0 0.3166423953125 0.2141115875 0.34835635468750004 0.22201980781250003 0.3593988796875 0.22776237500000002 0.379692290625 0.2218116890625 0.39835070781250004 0.2228197234375 0.4007305 0.210820809375 0.391730075 0.20686019375 0.3770686171875 0.20754306250000001 0.36510681875 0.20309468593750002 0.35728737499999996 0.2034588828125 0.3166423953125 0.2141115875
0 0.379690671875 0.2746921515625 0.351432421875 0.2778853640625 0.347929803125 0.2868081375 0.33048144687500003 0.29074924687500003 0.341611209375 0.298364815625 0.365244015625 0.301018228125 0.3788989625 0.2997565515625 0.3927574640625 0.302865209375 0.413824753125 0.2924986625 0.414540475 0.2868341359375 0.4073204375 0.27903646718749997 0.39567850625 0.2814557640625 0.379690671875 0.2746921515625
0 0.35067729999999997 0.3457979578125 0.3764394390625 0.35210632343750004 0.393026678125 0.350708071875 0.4186143453125 0.35327043593749996 0.42522373125 0.34795709375 0.42780707500000004 0.340328515625 0.3990544875 0.3329080546875 0.3754798375 0.331503309375 0.36585092656249996 0.335080225 0.3512185484375 0.33638742499999996 0.35067729999999997 0.3457979578125
0 0.4225146515625 0.4159802375 0.4330046796875 0.4098604640625 0.4326557328125 0.402368459375 0.4206067 0.3960470828125 0.38358065468749997 0.4002743515625 0.3652130265625 0.40550965312500004 0.35664878125 0.4109140453125 0.39626942187499997 0.4203310703125 0.4225146515625 0.4159802375
0 0.40134980000000003 0.487346115625 0.4062660328125 0.4877428265625 0.43871354218749997 0.46933798125 0.434629346875 0.46577407656250003 0.420829003125 0.463914084375 0.392512596875 0.46585863125 0.375151478125 0.47167274375 0.3743776 0.4760886046875 0.39306509375 0.4777209734375 0.40134980000000003 0.487346115625
0 0.72326979375 0.038124890625000005 0.751789753125 0.04055068125 0.76248333125 0.03880124375 0.7680862078125 0.03290909375 0.757846640625 0.0233749984375 0.7430979453125001 0.022184865625 0.732113578125 0.017690965625 0.7047746015625 0.0195899875 0.7153049578124999 0.035367418750000004 0.72326979375 0.038124890625000005
0 0.7213486828125 0.1020345578125 0.7102301703125 0.11569186093749999 0.7133078546875 0.11867695625 0.7297787812500001 0.11478137031249999 0.76994066875 0.1147878640625 0.781466284375 0.10987123437499999 0.78218200625 0.1042067046875 0.7771494578125 0.101312659375 0.7672588375 0.0992705703125 0.761132546875 0.0939247125 0.74638385 0.09273458125 0.719044875 0.0946336015625 0.7213486828125 0.1020345578125
0 0.7228251203125 0.175796990625 0.7132252890624999 0.1799982390625 0.7173385609375 0.184186478125 0.7155290953125 0.1873991953125 0.745084640625 0.191028128125 0.78702691875 0.187197571875 0.790791246875 0.1838938046875 0.7893776328125 0.174574321875 0.7627252984374999 0.17018448125000002 0.71963111875 0.1703145609375 0.7177344140625 0.1716542765625 0.7228251203125 0.175796990625
0 0.7496565953125 0.24712711718749997 0.7811960828125 0.2512893359375 0.795741225 0.24810913281250002 0.8004829843750001 0.244759840625 0.8001921953125001 0.2385165015625 0.786391853125 0.2366565109375 0.779317209375 0.23198051249999999 0.774517290625 0.23408113749999998 0.7236327453125 0.235199746875 0.7496565953125 0.24712711718749997
0 0.8110067578125 0.3024586828125 0.810745046875 0.2968396796875 0.8026638953124999 0.2915848734375 0.791080121875 0.2952528359375 0.7703505296875 0.2918385140625 0.7375831515625 0.30337569062499997 0.7664811359375 0.31391782031250004 0.783068375 0.31251956718749996 0.8110067578125 0.3024586828125
0 0.9391794109375 0.86711651875 0.9390049390625 0.863370515625 0.9270722203125 0.8595464749999999 0.8929784671875 0.8636371687500001 0.867256653125 0.8792260093750001 0.8909185390625 0.88250375625 0.9054927609375 0.8799478859375001 0.9159537078125 0.8732037781249999 0.9391794109375 0.86711651875
0 0.94021966875 0.9315139453124999 0.9389514484375001 0.9253161328124999 0.9309866109374999 0.922558659375 0.9162088374999999 0.9207441921875 0.8957991109375 0.9241975437500001 0.883499615625 0.9335300359375 0.8776641125 0.9344275171875 0.9161910078125001 0.94139273125 0.94021966875 0.9315139453124999
0 0.7769418578125 0.9591407515625001 0.7815963796875 0.9539184578125001 0.7941285046875 0.9495806359375001 0.8340868421875 0.9452167953125 0.837822090625 0.94128869375 0.8356346 0.936385071875 0.8138403390625 0.9311432749999999 0.7961884312499999 0.93071405 0.7799210578125 0.9389799734375 0.7729448984375 0.9574498484375 0.7769418578125 0.9591407515625001
0 0.720414109375 0.9442543062500001 0.689997446875 0.9431682328125 0.6694826546875 0.9653971203125 0.676440984375 0.967575784375 0.7017669421875 0.9645191437499999 0.7276050703125 0.9514276390624999 0.7273724390625 0.9464329687499999 0.720414109375 0.9442543062500001
0 0.6202331046875 0.959557009375 0.5801875296875 0.96204785 0.568149746875 0.976999346875 0.59367925625 0.9783130421875 0.6081080828125 0.972635503125 0.6169340359375 0.9728501171874999 0.625469203125 0.9668213921875 0.6202331046875 0.959557009375
0 0.40512239687499996 0.9889722843750001 0.42372265625 0.9887316515625001 0.43240321562500006 0.9858245953125 0.47724870468749997 0.9812331296875 0.4819613859375 0.9772595046875001 0.481757834375 0.9728891687500001 0.4737348375 0.968883028125 0.44026956874999995 0.9654361937499999 0.421157140625 0.975711690625 0.415699659375 0.9847255109375 0.40512239687499996 0.9889722843750001
0 0.23762734375 1 0.299501740625 0.99264026875 0.304272578125 0.9899153109375 0.3040399484375 0.984920640625 0.2969653015625 0.9802446421875001 0.260742215625 0.980680384375 0.23164295625000003 1 0.23762734375 1
0 0.133320875 1 0.1332222328125 0.997882109375 0.1112825796875 0.9895186421875 0.08785332343749999 0.9912355671874999 0.07888015000000001 1 0.133320875 1
0 0.09769236875000001 0.9501075765625 0.12085991250000001 0.9427716500000001 0.133130328125 0.9328148234375 0.1290461328125 0.92925091875 0.10251011406249999 0.9273584140625 0.0848872859375 0.9275535234375001 0.0598811953125 0.9374778328125 0.057123375 0.9413604093749999 0.0602010625 0.9443455046875 0.09769236875000001 0.9501075765625
0 0.0789598765625 0.86338371875 0.068353534375 0.8670061578125001 0.0754572578125 0.8723064890625001 0.0544772046875 0.8845460375 0.0663517640625 0.8871214125 0.0869068859375 0.8867897296875 0.1122619203125 0.8843574234375 0.132497175 0.8771580703125 0.134161246875 0.8708236843750001 0.13004797343750002 0.8666354453125 0.11820249218750001 0.8646844046875 0.1045766234375 0.8665704171874999 0.090718121875 0.8634617578125001 0.0789598765625 0.86338371875
0 0.20462348281249998 0.869418915625 0.2133622015625 0.867760528125 0.24679839062500003 0.8705830296875 0.2807176703125 0.86274633125 0.2843947625 0.8575695640625 0.282207271875 0.8526659421874999 0.2634906984375 0.8504092406250001 0.2458097109375 0.8493556812499999 0.22545814218750002 0.8540577 0.20347157968750001 0.8657184375 0.20462348281249998 0.869418915625
0 0.4116933625 0.856646040625 0.4265292953125 0.8597091750000001 0.45093598124999995 0.8579467281250001 0.45070335000000006 0.8529520578125 0.46898374218749994 0.845843753125 0.46478323125000004 0.8397825140625 0.45391518125 0.8377859484375 0.41970511093749996 0.839379309375 0.398783215625 0.8528675234374999 0.394245009375 0.8605871515624999 0.4116933625 0.856646040625
0 0.6012895546875 0.8262389562499999 0.5583407671875 0.8294907046875 0.5354640109375 0.8430699687500001 0.5365868359375 0.8461461124999999 0.5708550625 0.8458014203124999 0.6000616640625 0.8419383500000001 0.6133385859375 0.8325603328125 0.6012895546875 0.8262389562499999
0 0.7157211718750001 0.8224636984375 0.7145111125 0.8175145531249999 0.70361398125 0.814893653125 0.689900875 0.8149066640625 0.6715041671875001 0.8195176328124999 0.6572498140625 0.8289411734375 0.6770892109375 0.834274021875 0.6994538 0.830729621875 0.7157211718750001 0.8224636984375
0 0.771405634375 0.8192444640625001 0.7902385234375 0.8239985015625001 0.8184676953125001 0.8201809546875 0.829847915625 0.8121426546875 0.8227441921875001 0.8068423234375001 0.78933708125 0.80464415625 0.771405634375 0.8192444640625001
0 0.7905921390625 0.894684790625 0.8185305218750001 0.8846239062500001 0.8293113359375001 0.88474746875 0.83479789375 0.8763579828125 0.8129163984375 0.869243184375 0.8021646609375 0.8697439546875 0.786845640625 0.87734001875 0.7775075171875 0.8871602703124999 0.777681990625 0.8909062734375001 0.7905921390625 0.894684790625
0 0.6622579484375 0.8944051703125 0.654525740625 0.8966423671875001 0.6783620984375001 0.9036661171875 0.6938265140625 0.8991917218750001 0.705584759375 0.8992697609375 0.7107045421875 0.9040368078125001 0.721020096875 0.89417103125 0.7205548359375 0.8841816921874999 0.7144867015624999 0.8800845031250001 0.690080015625 0.8818469500000001 0.6762505937500001 0.8793626250000001 0.6622579484375 0.8944051703125
0 0.5828356140625 0.913746528125 0.6098547234375 0.904979834375 0.6145383234375 0.9003818765625 0.614276615625 0.894762871875 0.6013373890625 0.8903600218750001 0.5700596109375 0.8918168062499999 0.55787643125 0.903646634375 0.5511216546875 0.9058383078125001 0.5512961265625 0.9095843109375 0.5828356140625 0.913746528125
0 0.39686210312500003 0.9167771890624999 0.42532390312499996 0.9179543125 0.4584402265625 0.9139091421875 0.46792374218750005 0.9072105593750001 0.46082002031249997 0.901910228125 0.423677659375 0.9036401609375 0.39686210312500003 0.9167771890624999
0 0.2760387390625 0.9305385749999999 0.283480159375 0.9220580406250001 0.281176353125 0.914657084375 0.23440508124999998 0.9199639312500001 0.2220765078125 0.9286720890625 0.218457571875 0.935097525 0.22147710156249997 0.936833953125 0.242980571875 0.9358324109374999 0.2760387390625 0.9305385749999999