0 0.3770453359375 0 0.378600453125 0.01551095 0.39187846406250004 0.008662389062500001 0.3977366828125 0 0.3770453359375 0
0 0.3055056453125 0 0.305097578125 0.029783343750000003 0.3185883390625 0.0059010015625 0.3193667421875 0 0.3055056453125 0
0 0.24073340468749999 0 0.2392721484375 0.0076406421875 0.23860168593750003 0.0204338203125 0.24070115468750003 0.0192963578125 0.25048290156249997 0.0402377109375 0.2521139203125 0.022090256250000002 0.2587585109375 0 0.24073340468749999 0
0 0.5803104875 0.097855428125 0.5852572328125001 0.10726000625000001 0.59015884375 0.1305000734375 0.5995280125 0.133365334375 0.5999857234375 0.13760593906250002 0.6048443859375 0.1097684484375 0.606174571875 0.07141270625 0.6039526234375 0.061912975 0.59367876875 0.06333589375000001 0.5803104875 0.097855428125
0 0.5183050796875001 0.1133055515625 0.5230283390625 0.1269745234375 0.5303539109375001 0.12991115 0.5297737171875 0.115033353125 0.5363300078125001 0.08075169843749999 0.5315508796875 0.068148825 0.52490650625 0.0651884109375 0.5219582234375 0.06954795625 0.5183050796875001 0.1133055515625
0 0.4515694640625 0.07629655156250001 0.442165896875 0.10003616562499999 0.4451807890625 0.10737991093749999 0.44269021718749996 0.115980059375 0.44215297187499997 0.15217981875 0.44686549218750005 0.1530794 0.4492443203125 0.1466114484375 0.45333151406249994 0.1464687203125 0.455721078125 0.15277015625 0.46388472968750005 0.1397153125 0.46710163437499996 0.1172558890625 0.4575885109375 0.0782146546875 0.4550872015625 0.07404541406250001 0.4515694640625 0.07629655156250001
0 0.372411603125 0.0817041828125 0.3675422046875 0.09677228437499999 0.36399006875 0.1256282953125 0.36837809374999997 0.14569385625 0.3754694421875 0.140125484375 0.3860119203125 0.1206026875 0.3866609078125 0.0822707328125 0.384438959375 0.072771003125 0.3804076375 0.07184763281249999 0.372411603125 0.0817041828125
0 0.2923309640625 0.104719453125 0.294742003125 0.13655966875 0.2994545234375 0.13745925 0.30756230156250003 0.12547050312500002 0.3108802125 0.08810949375 0.30860239218749996 0.0796758625 0.30252747343749997 0.07882385625 0.2923309640625 0.104719453125
0 0.229687709375 0.10639191875000001 0.2322319640625 0.161638715625 0.24429372031250002 0.12610065937499998 0.24619336249999998 0.0898533234375 0.24187194218750002 0.0814910546875 0.237728878125 0.08269988125 0.229687709375 0.10639191875000001
0 0.18194099218749998 0 0.18148900625 0.0011112921875000002 0.1857652890625 0.02330905 0.18951725156250002 0.029562909375 0.1943973875 0.027264198437499998 0.2027845234375 0.009944959375 0.2031294171875 0 0.18194099218749998 0
0 0.18490355 0.0786747859375 0.176561546875 0.0821585359375 0.17084333437500002 0.10044871875000001 0.160356728125 0.1189054171875 0.1718575765625 0.1589413859375 0.17950764375 0.142712034375 0.18457686874999998 0.16275380625 0.18591779375 0.13716745156250001 0.1899383765625 0.12532143281250002 0.1892464421875 0.11257583125 0.185427871875 0.0946186796875 0.186723659375 0.0828678140625 0.18490355 0.0786747859375
0 0.43877361875 0.21666173125000002 0.437712053125 0.2369175953125 0.43341211093750004 0.2540941046875 0.4460303953125 0.2728081109375 0.44938051718749994 0.27375526875 0.45504285937500005 0.256531184375 0.4568414953125 0.235185434375 0.4537041234375 0.21720449375 0.44870150625000005 0.2088660140625 0.43877361875 0.21666173125000002
0 0.361050334375 0.207670271875 0.3588713328125 0.249248096875 0.36644186562500003 0.273459109375 0.37323238281250004 0.24768245156250002 0.372976684375 0.21363867656250002 0.37211713281250003 0.20409136874999997 0.3695040796875 0.20205432656250003 0.361050334375 0.207670271875
0 0.285961575 0.22625463437499999 0.2866083765625 0.2528357234375 0.2911747546875 0.2824723765625 0.30210833593749997 0.2554868921875 0.303896234375 0.221371753125 0.2999100484375 0.206612896875 0.29599046875 0.20355733125 0.285961575 0.22625463437499999
0 0.219494178125 0.23602475625000002 0.21714756093749998 0.280800875 0.21878931875 0.2754228078125 0.2256013078125 0.275184928125 0.2267402171875 0.2794017453125 0.2337090859375 0.2631961828125 0.24096805 0.25442951874999997 0.2403212484375 0.2278484296875 0.2361008375 0.204584575 0.22877526406249998 0.20164795 0.219494178125 0.23602475625000002
0 0.1582314125 0.22433018906250002 0.1544557890625 0.25745059375 0.1548791015625 0.2882960734375 0.1605521796875 0.28384137656249997 0.17069281875 0.2590118765625 0.1756524875 0.2162728015625 0.17354228124999999 0.204640875 0.16826030625 0.20163288437500002 0.1582314125 0.22433018906250002
0 0.11105980625 0 0.108957428125 0.022798796875 0.115668409375 0.037462503125000005 0.13075579375 0.02203758125 0.12939078906249998 0 0.11105980625 0
0 0.7717799359375 0.3689115328125 0.7617403046875 0.378839446875 0.76811605625 0.3998997421875 0.7674563296875 0.42546230625000003 0.7755297109375 0.44007843593749996 0.778869096875 0.42825620468750003 0.7860721875000001 0.42055563906250004 0.7900369015625001 0.4097757171875 0.787692471875 0.3896387953125 0.7909759859375 0.3788826609375 0.782612509375 0.356827634375 0.775007578125 0.359221496875 0.7717799359375 0.3689115328125
0 0.6947087578125 0.38011609218750003 0.6902411984375 0.40049089687499995 0.6972874124999999 0.4087580125 0.70202140625 0.43519637343750006 0.712675628125 0.41354137968750004 0.7169196999999999 0.39743096875 0.7186624625 0.3771513171875 0.712230840625 0.357157121875 0.706837121875 0.3562813265625 0.7031517671875 0.3617307578125 0.6947087578125 0.38011609218750003
0 0.62148205625 0.37573928125 0.6171477140625 0.4195206671875 0.6262267875 0.41494703125 0.6300453578125 0.43290418124999996 0.6380972640625 0.42198153281249995 0.6408005859375 0.396347603125 0.6474342234375 0.3865386296875 0.648785884375 0.37372166406249996 0.6517341671875 0.36936211874999997 0.651332328125 0.3640554171875 0.644062628125 0.36005269375000004 0.643258946875 0.3494392875 0.6379211 0.3474973953125 0.63292921875 0.351928303125 0.62148205625 0.37573928125
0 0.5570851046875 0.35938248906250003 0.556659603125 0.3934500515625 0.5616063484375 0.40285462968749997 0.5650896875 0.42720837031250003 0.5679262281249999 0.42498102343750005 0.5749961015625 0.3938738734375 0.575655828125 0.368311309375 0.572228359375 0.3428914703125 0.5635403890624999 0.3400024203125 0.5570851046875 0.35938248906250003
0 0.48996566875 0.34895658906250004 0.4880445546875 0.35966514374999997 0.49165037343750007 0.39465607812500003 0.49437516875 0.394560925 0.50389048125 0.368689115625 0.5117189 0.362030859375 0.5130490875 0.32367511718749997 0.5073652703125 0.3153604234375 0.5010668671875 0.318772809375 0.48996566875 0.34895658906250004
0 0.42577059375 0.3480058875 0.4141214171875 0.40162003593750006 0.41594152500000003 0.40581306406250006 0.4169579546875 0.3993926875 0.42274277656250003 0.39280579531250004 0.4291077921875 0.4010967 0.4352837171875 0.387047121875 0.4398071484375 0.36560621875 0.4406903609375 0.3357792625 0.4314888078125 0.3297157046875 0.425703984375 0.336302596875 0.42577059375 0.3480058875
0 0.35427910625000003 0.3238987515625 0.3439708515625 0.3519265453125 0.34245157656249997 0.3679418046875 0.3445725171875 0.39234312031249996 0.35905604687500003 0.4014146671875 0.3639361828125 0.3991159546875 0.36465178125 0.37248729062499997 0.36263184531250003 0.333184390625 0.3589916265625 0.324798334375 0.35427910625000003 0.3238987515625
0 0.2798049375 0.330756034375 0.27987154531249997 0.342459325 0.27348287031249996 0.3735426859375 0.2793343015625 0.378659084375 0.281388634375 0.391357109375 0.2901324765625 0.39318006250000004 0.29653189062499996 0.3748660890625 0.29652115156250003 0.3620967 0.29359653125 0.32708198125 0.28354616250000003 0.3242405046875 0.2798049375 0.330756034375
0 0.2001368765625 0.371847396875 0.21446352656249998 0.396886625 0.2200248609375 0.3945641265625 0.22727308906250002 0.373028071875 0.224806178125 0.34225395625 0.221389446875 0.32960350781250003 0.21463332968749999 0.32877528906250003 0.2001368765625 0.371847396875
0 0.1364394078125 0.367686878125 0.1359021640625 0.4038866375 0.140625421875 0.4175556078125 0.14300425 0.41108765625 0.15213919375 0.405447921875 0.1554334453125 0.40746117656249997 0.1599010046875 0.387086375 0.16031576875 0.34024942343750003 0.15627370937500001 0.3265566640625 0.148780521875 0.32681833125000004 0.1364394078125 0.367686878125
0 0.41208636875 0.47937383125000005 0.4087469828125 0.4911960640625 0.4029621609375 0.4977829546875 0.4047822703125 0.5019759828125 0.401230134375 0.5308319953125 0.407728365625 0.56252948125 0.412496759375 0.562362965625 0.419074521875 0.5536200890625 0.4232305125 0.5002676109374999 0.42077433906249995 0.48226288124999994 0.41707824843749997 0.47494292343750005 0.41208636875 0.47937383125000005
0 0.328788825 0.5248485265625 0.330050215625 0.5397025359375001 0.33727478125 0.557540746875 0.348599465625 0.5230925765625 0.35779028125 0.51638674375 0.3594879109375 0.5099425796875 0.34601007500000003 0.4816812671875 0.3377798171875 0.4830328203125 0.328788825 0.5248485265625
0 0.2688003734375 0.4758643125 0.2621216015625 0.49950877499999996 0.26356134375 0.5239338796874999 0.27277363593750004 0.542766825 0.27329795625000003 0.55871071875 0.2788485546875 0.5436188296875 0.28219867656250003 0.5445659890625001 0.28389630625 0.5381218249999999 0.28455603125 0.5125592578125 0.27890661250000004 0.47763969062499995 0.273680509375 0.4735656 0.2688003734375 0.4758643125
0 0.206933753125 0.4886662140625 0.2027562890625 0.516479915625 0.20295611562500002 0.5515897875 0.21372208124999997 0.5278025984375 0.2185700078125 0.48719571874999995 0.216068696875 0.4830264796875 0.21061910625000002 0.48321678281249997 0.206933753125 0.4886662140625
0 0.13932744531250002 0.49421951875000003 0.13162150625 0.5115149671875 0.12556806250000002 0.5362017390625 0.12456236875 0.5553915046875 0.1518447234375 0.527835109375 0.15214774375 0.48313035312499997 0.148507525 0.47474429687499997 0.140053778125 0.48036024375 0.13932744531250002 0.49421951875000003
0 0.3919446734375 0.6950348875000001 0.3890071265625 0.7121638203125 0.3924345953125 0.737583659375 0.40181449999999996 0.7532183109374999 0.415294525 0.7165665796875 0.41207980624999996 0.6741129609375001 0.40764664531249994 0.6678828890624999 0.4014599828125 0.6691630796875 0.3919446734375 0.6950348875000001
0 0.3199954734375 0.666687146875 0.319045653125 0.6848108140625 0.3127021109375 0.7020586875 0.31208752031250003 0.7137857671875001 0.3187641046875 0.7550543484375 0.3264034359375 0.7260556078125 0.33445534062500004 0.7151329578125 0.3347583625 0.670428203125 0.3318552140625 0.6609522609375 0.322999628125 0.6612615046875 0.3199954734375 0.666687146875
0 0.2514844796875 0.6765286328125 0.25081401875 0.689321809375 0.24350991875 0.7119239609375 0.24087320625 0.7492611828125 0.2453515015625 0.7416557671875 0.25387185625 0.7477431125 0.2587519921875 0.7454444 0.2667931625 0.7217523609375001 0.26630323906250003 0.679203590625 0.2614123671875 0.6687329140625 0.25664397499999997 0.6688994296875 0.2514844796875 0.6765286328125
0 0.1726544953125 0.701628521875 0.17391588593750001 0.7164825312499999 0.17030787812499998 0.7464046421874999 0.1749752640625 0.7611397125 0.1864331640625 0.7500981234374999 0.190621365625 0.735053809375 0.1998121828125 0.7283479765624999 0.195301675 0.697645225 0.192510271875 0.6860370859375 0.187284165625 0.6819629968750001 0.1726544953125 0.701628521875
0 0.10829730312500001 0.7230305718750001 0.10723573906249999 0.7432864359375 0.11310864375 0.7739416109375 0.1256732453125 0.728808671875 0.1284217015625 0.6893392546875 0.121665584375 0.6885110359375 0.11729903125 0.6939842546875 0.10829730312500001 0.7230305718750001
0 0.7340673843750001 0.8490946296875 0.7304379015625 0.8534779640625001 0.7248980406250001 0.8813392421874999 0.7238364749999999 0.9015951046874999 0.72772165625 0.931255546875 0.73079241875 0.937533196875 0.735047228125 0.9341921734374999 0.7393471734375 0.9170156640625 0.7453554828125 0.9061643796875 0.7474334765624999 0.8794881390624999 0.7438942640625 0.8562004984374999 0.7401423015625 0.8499466359375001 0.7340673843750001 0.8490946296875
0 0.6400246125 0.8459937953125 0.637366425 0.8577922375 0.6360921109375 0.89508188125 0.6412730796874999 0.9129914578125 0.647582221875 0.9223484609374999 0.6554665140625 0.91462410625 0.6590293859374999 0.8985374828125 0.6562272453125 0.87415995625 0.6576347765625 0.8602768921875 0.6496731421875 0.843528565625 0.6436540953125001 0.8416104624999999 0.6400246125 0.8459937953125
0 0.56346701875 0.8603728609375001 0.5562746640625 0.8808428171875 0.564079421875 0.9135588265625 0.571527475 0.9271326453125001 0.5769104578124999 0.9152390499999999 0.5798480031250001 0.8981101171875 0.5786876203125 0.868354521875 0.58223975625 0.8394985109374999 0.5721893875 0.8366570359375001 0.5627750828125 0.8476272609375 0.56346701875 0.8603728609375001
0 0.505610246875 0.848559353125 0.500629103125 0.8657596515625 0.4972445828125 0.89141736875 0.50299500625 0.911435353125 0.5013639875 0.9295828078125 0.5137158375 0.90148365 0.5221695828125 0.895867703125 0.5178933015625 0.8736699484375 0.51998203125 0.859763096875 0.5153146468750001 0.845028028125 0.5099209265625 0.8441522328125 0.505610246875 0.848559353125
0 0.504056571875 0.8911794890625 0.5081996375 0.8899706625 0.511996734375 0.8823890359375 0.5110813125 0.873907828125 0.5051181375 0.870923625 0.5008740640625 0.8870340375 0.504056571875 0.8911794890625
0 0.444581703125 0.84536978125 0.443799496875 0.8602951546875 0.4368972390625 0.888204009375 0.444925484375 0.9166556265624999 0.4597786421875 0.8927257078125 0.46208012500000006 0.8617850765625 0.45712264375 0.8396111093749999 0.45053414218750004 0.8355845953125 0.444581703125 0.84536978125
0 0.380594140625 0.833770365625 0.3755571265625 0.8520367625 0.374918875 0.9031381062499999 0.38043507499999996 0.9146510921875001 0.39170388749999996 0.8812690203125 0.39444160625 0.8290302140625 0.3919402984375 0.8248609734375 0.3858095078125 0.825075065625 0.380594140625 0.833770365625
0 0.295644103125 0.8718537390625001 0.2963919109375 0.883533240625 0.3095237796875 0.905421753125 0.318871475 0.8827482375000001 0.31641530156250003 0.864743509375 0.3190734890625 0.8529450671875001 0.3153666609375 0.83285571875 0.3092358703125 0.8330698109375 0.295644103125 0.8718537390625001
0 0.2309194703125 0.8613442093750001 0.22860724999999998 0.8795154515625001 0.23214646249999998 0.90280309375 0.23833312499999998 0.9015229031249999 0.24055507343750002 0.911022634375 0.25267270000000003 0.8744184796875001 0.252606090625 0.8627151890625001 0.24815145625 0.8309463375 0.24008881249999997 0.829099596875 0.2309194703125 0.8613442093750001
0 0.1551495125 0.8799523578124999 0.15824175000000001 0.911768784375 0.161368384375 0.916980334375 0.16624852031249998 0.9146816234375 0.174970890625 0.8909657984375 0.18200636718750002 0.8864635265624999 0.1796060640625 0.8673927000000001 0.1726049859375 0.8452900953125001 0.1650559265625 0.8466178609374999 0.1551495125 0.8799523578124999
0 0.09490317499999999 0.8618374140625 0.0891956984375 0.8928969859375 0.09676623125 0.9171079984375 0.1057335609375 0.9146665578125001 0.11117241562499999 0.901706865625 0.11272609062500001 0.8590867296875 0.1093652296875 0.8453701828125 0.10397151093749998 0.8444943890625 0.09490317499999999 0.8618374140625
0 0.910016725 0.903606721875 0.9180901046875001 0.9182228515625 0.924298240625 0.942481440625 0.93637073125 0.9197127734375 0.940614803125 0.9036023609375 0.9416763671874999 0.8833464984375 0.9373442140625 0.862214840625 0.9207612140625001 0.85428075625 0.9163946640624999 0.8597539734374999 0.910016725 0.903606721875
0 0.8194516671875001 0.88016565 0.8277914828125 0.9415949421875001 0.8368146828125 0.9380874046875001 0.8412371078125 0.9315480875000001 0.84745816875 0.903663021875 0.8480168859375 0.893002040625 0.8432270203125001 0.8676297796875 0.8370296203125 0.8561405796875 0.83021763125 0.856378459375 0.8194516671875001 0.88016565
0 0.9390859203125 0.6929546453125 0.9352329515625 0.701602371875 0.93184843125 0.7272600890625001 0.9329422062500001 0.7453123921875 0.9393179578125 0.7663726875 0.9432934078124999 0.7683621546875 0.9503847562500001 0.762793784375 0.9534233078125001 0.730763265625 0.9484550890625 0.695819909375 0.9452725828125 0.6916744578125 0.9390859203125 0.6929546453125
0 0.9552790718749999 0.51999735625 0.9464234859375 0.5203066 0.940928759375 0.534332390625 0.939632971875 0.5460832578125 0.9435288875 0.588513090625 0.9584593921875 0.589055853125 0.963552278125 0.569723359375 0.9634856703124999 0.5580200671875 0.9600689390625 0.54536961875 0.9601140718750001 0.53153413125 0.9552790718749999 0.51999735625
0 0.947063728125 0.3787526921875 0.94548858125 0.39583405 0.941803228125 0.40128347968750006 0.9483014593749999 0.4329809671875 0.9563748390625 0.44759709531249997 0.9640915140624999 0.4430710359375 0.9706585437499999 0.42155876875000003 0.9631438812500001 0.3962816609375 0.9645514140625 0.382398596875 0.9561986734374999 0.3731129578125 0.9513744093750001 0.37434557343749997 0.947063728125 0.3787526921875
0 0.9624028296875 0.21540255 0.9532120125000001 0.22210838125 0.9519162250000001 0.2338592484375 0.9472703125 0.24466295625 0.9517249484375 0.2764318078125 0.9575312437499999 0.29538369375 0.9660408609375001 0.2887016484375 0.972272659375 0.273585971875 0.9750318515625 0.24688594375 0.9675838000000001 0.233312125 0.9687678453125 0.22369345468750002 0.9624028296875 0.21540255
0 0.8581964953125001 0.374406975 0.8559294124999999 0.37874273125 0.8530692109375 0.42034434374999996 0.8633538046875 0.431690815625 0.8742529875 0.43131020781249996 0.8754262953125 0.40892214843749997 0.871195146875 0.37288890625 0.865913171875 0.369880915625 0.8581964953125001 0.374406975
0 0.8660185515625001 0.22515324374999998 0.8605904359375 0.2508823265625 0.8598082296875 0.2658077 0.8650450703124999 0.2826511765625 0.87544140625 0.2918654515625 0.88053429375 0.27253295781250003 0.8851350703125 0.2755647359375 0.8865426015625 0.2616816734375 0.88294751875 0.2394601296875 0.88606341875 0.23190229218749997 0.8851479937500001 0.22342108125000001 0.8739587156249999 0.21636279218749999 0.8660185515625001 0.22515324374999998
0 0.8502359859374999 0.506639190625 0.84150288125 0.5175856265625 0.8426181296875 0.5611767078125001 0.85008765625 0.6002893046875 0.8555372484375001 0.6000990015625 0.857000653125 0.585149840625 0.8662366046875001 0.5646085203125 0.86622586875 0.5518391312500001 0.8605313156250001 0.53075505 0.8590357 0.50739604375 0.8502359859374999 0.506639190625
0 0.8356393875 0.6880539031249999 0.8317627562500001 0.73607589375 0.8422257015625 0.7569934578125 0.8569327187500001 0.7618006125 0.8540295703125 0.7523246703125 0.8616237640625 0.73716141875 0.8620707390625 0.7286326328125 0.8513069625 0.6875067796875001 0.8501680515625001 0.6832899625 0.83995006875 0.6836467828125 0.8356393875 0.6880539031249999
0 0.7418681609375 0.6998416421875 0.7346650703125001 0.707542209375 0.7443458078125 0.7433851484375 0.7410730328125 0.7669106703125 0.7555909609375 0.7493773406249999 0.7596566796875 0.723695834375 0.759792084375 0.6821893734375 0.746782696875 0.6709380546875 0.7389650140625 0.6903656984375 0.7418681609375 0.6998416421875
0 0.6576681203125 0.6846914734375 0.6541052453125 0.7007780968749999 0.656984734375 0.7496283046875 0.671981846875 0.7618743593749999 0.6731551546875 0.7394862984375 0.67819216875 0.721219903125 0.67465295625 0.6979322609375 0.6785059265625 0.6892845359375 0.6719066890625001 0.6724886359375 0.6658876421875 0.67057053125 0.6576681203125 0.6846914734375
0 0.5809481453124999 0.6958837703125 0.5889656546875 0.7115659984375 0.5901153015625 0.728552203125 0.5876913375 0.7488556421875 0.5935320328125 0.741202653125 0.6046332296875 0.7110188734375 0.6131428453125001 0.7043368296875 0.609603634375 0.6810491875 0.60436679375 0.6642057109375 0.5976665484375 0.6623113953125 0.5809481453124999 0.6958837703125
0 0.5251351640624999 0.7095384203124999 0.5326713015625 0.7603543078125 0.5559352578125 0.6797308875 0.55343395 0.6755616468750001 0.5411616312499999 0.6632204421875 0.5302731875 0.6763704390624999 0.5251351640624999 0.7095384203124999
0 0.4632500609375 0.684580790625 0.45643807187499996 0.6848186703125 0.45548825 0.7029423375 0.4627686890625 0.71971445 0.4677927796875 0.753591709375 0.48309291249999997 0.7211330078125 0.48374189999999995 0.6828010515625 0.480269296875 0.6712167015625 0.47561264843749995 0.6692510203125 0.4632500609375 0.684580790625
0 0.7918130062500001 0.21391064843750002 0.7831916453125001 0.2227248875 0.777585175 0.2388828765625 0.7760766343750001 0.267667525 0.7861936125 0.28221229062500003 0.7880803296875001 0.29810860781250004 0.7919999078125 0.301164175 0.7989687765625 0.2849586125 0.8011585140624999 0.25615017500000004 0.79955115625 0.234923365625 0.7959109359375 0.2265373078125 0.7958443281250001 0.21483401875000002 0.7918130062500001 0.21391064843750002
0 0.7135310031250001 0.21558016875 0.70862720625 0.257253146875 0.710513925 0.27314946562500003 0.7170465546875 0.2782420765625 0.7186431765625 0.28669949687499996 0.732748528125 0.25109007656250004 0.7335758671875 0.222329215625 0.724475321875 0.2013640734375 0.7174398453124999 0.20586634531249998 0.7135310031250001 0.21558016875
0 0.6418482390625 0.234045590625 0.6357947953124999 0.2587323625 0.6447835984375 0.2818297015625 0.64983135 0.2763326953125 0.656286634375 0.256952625 0.661469790625 0.20994915781249998 0.6509058390625 0.2039331765625 0.6388784828125 0.2128663578125 0.6418482390625 0.234045590625
0 0.5741087140625 0.2161923140625 0.56885895 0.251492490625 0.570455571875 0.2599499125 0.5882999609375 0.28273800625 0.595045340625 0.270796834375 0.593594859375 0.23360234218749998 0.5910935515625 0.22943310156250002 0.59301466875 0.21872454531250002 0.5869290140625 0.20510315 0.5793799546875 0.20643091562500002 0.5741087140625 0.2161923140625
0 0.510533728125 0.2226689890625 0.506468009375 0.24835049531250003 0.5067129703125001 0.26962488125 0.50961611875 0.2791008234375 0.5252063484375 0.254081021875 0.5266590156250001 0.226362471875 0.5236333875 0.20624933437499998 0.5182955390624999 0.20430744218750002 0.510533728125 0.2226689890625
0 0.755940109375 0.5221527218750001 0.749317209375 0.5447310843750001 0.7555146078125 0.5562202843749999 0.76394469375 0.589978603125 0.7758280953125001 0.5448694515625 0.7762750703125 0.5363406671875001 0.771495940625 0.52373779375 0.7723340171874999 0.507746321875 0.768068471875 0.49831795625 0.754958078125 0.501968221875 0.755940109375 0.5221527218750001
0 0.667562934375 0.51514656875 0.670867921875 0.5299292125 0.6694045171874999 0.5448783734375 0.6721507875 0.570322 0.6803917828125 0.581739834375 0.6848034703125 0.562431128125 0.6945637421875 0.5578337046875 0.698227621875 0.526845496875 0.6909471859375 0.5100733828124999 0.69366124375 0.4972088421875 0.6851967609375 0.4900554 0.6790100984375 0.491335590625 0.667562934375 0.51514656875
0 0.6127155531249999 0.49152235156249996 0.6153500796875 0.519098175 0.6137190593749999 0.5372456296875 0.620440778125 0.5646787234375 0.6307146343750001 0.56325580625 0.632233909375 0.547240546875 0.636198621875 0.5364606265625 0.63481475 0.5109694250000001 0.62689825 0.48038561093750004 0.618556246875 0.4838693625 0.6127155531249999 0.49152235156249996
0 0.5393857265625 0.5217509078125 0.5494124328125001 0.563966646875 0.5553648718749999 0.5541814609375 0.561194828125 0.53375908125 0.566042753125 0.493152203125 0.559220028125 0.48062069375 0.551045640625 0.48090615000000003 0.544300259375 0.4928473203125 0.5393857265625 0.5217509078125
0 0.46587742031249996 0.516868846875 0.46627926249999996 0.5221755484374999 0.47673146875 0.5303237249999999 0.47839470000000006 0.5504844359375001 0.4832189640625 0.5492518234375 0.4896742484375 0.529871753125 0.4919757296875 0.49893112031250003 0.49003314062500003 0.48410089999999995 0.486169434375 0.479979234375 0.46587742031249996 0.516868846875
0 0.9561195359375001 0.10175823749999999 0.9585864453124999 0.1325323546875 0.961545465625 0.1409422 0.9786979203125 0.1509846921875 0.9809435296875 0.121110159375 0.9761085296875001 0.1095733828125 0.974903009375 0.0936532765625 0.9645625453125 0.083372903125 0.9580965234375001 0.08998358437500001 0.9561195359375001 0.10175823749999999
0 0.8899658968749999 0.07959299375 0.8868392609375 0.07438144218750001 0.8806525984375 0.0756616328125 0.87521374375 0.088621325 0.8749665953125 0.1322599828125 0.8706107812500001 0.150502590625 0.873849159375 0.1535819453125 0.8888247984375001 0.1402892203125 0.896887440625 0.1421359609375 0.899133053125 0.112261425 0.8979275328125 0.09634131875 0.8921319734375001 0.09015882187499999 0.8899658968749999 0.07959299375
0 0.796295678125 0.0764791484375 0.7918495921875001 0.1223927296875 0.795623028125 0.1541853671875 0.7991407671874999 0.15193423125 0.8036856718750001 0.15603210781250001 0.8083315828125001 0.14522839999999998 0.8128206171875 0.1503923734375 0.8142947578124999 0.1482126015625 0.814709521875 0.10137565 0.8100872718750001 0.07280509375000001 0.7999251593750001 0.072095815625 0.796295678125 0.0764791484375
0 0.7263105421875 0.08850040625 0.730653434375 0.1224014515625 0.7435059421875 0.149620453125 0.74504888125 0.09423092968749999 0.7473718375 0.08882907500000001 0.7423133484375 0.08155669374999999 0.7403707578125001 0.066726471875 0.73355876875 0.0669643515625 0.7298734140625001 0.07241378281250001 0.7263105421875 0.08850040625
0 0.6594971765625 0.0918977265625 0.65786615625 0.11004518125 0.669188653125 0.1405100546875 0.681987478125 0.10388211249999998 0.6783923953125 0.0816605671875 0.68246885 0.06874845156250001 0.676785034375 0.0604337578125 0.6706542453125001 0.06064785 0.6594971765625 0.0918977265625
0 0.0467109546875 0 0.0409944140625 0.009209914062500001 0.0381127421875 0.0252727484375 0.041540209375 0.0506925875 0.058716325 0.0213608140625 0.061388845312499996 0 0.0467109546875 0
0 0.050614509375000005 0.8506142437499999 0.046069603125000004 0.8465163671875 0.039145871875 0.84888644375 0.0311605734375 0.871512384375 0.028345509375 0.899278509375 0.0278533984375 0.9216427812499999 0.03058893125 0.9343170171875 0.044079692187500005 0.9104346765625 0.0498193796875 0.9176832718749999 0.0538399640625 0.9058372515625001 0.053829228124999996 0.8930678640625 0.0505242390625 0.8782852171875 0.052668843750000006 0.8633122703125 0.050614509375000005 0.8506142437499999
0 0.0558127765625 0.6865540796875 0.0470452734375 0.7241053921875 0.049914023437499996 0.7601862125000001 0.0480487796875 0.7698286703125 0.0520801015625 0.7707520390625 0.064945534375 0.7458273890625 0.0702060359375 0.7232966000000001 0.0691681328125 0.7041782000000001 0.066823703125 0.6840412765624999 0.061485854687499994 0.6820993828125 0.0558127765625 0.6865540796875
0 0.0675780734375 0.5009816500000001 0.06212848125 0.501171953125 0.060050485937499995 0.5278481937499999 0.063299603125 0.5436969375 0.058887914062500005 0.5630056421875 0.0673416609375 0.5573896953124999 0.0821948203125 0.533459778125 0.084150334375 0.4961463453125 0.082040128125 0.48451441875 0.0754516265625 0.48048790625000004 0.0675780734375 0.5009816500000001
0 0.0761427 0.3697924859375 0.0755495828125 0.4070583421875 0.07889970625 0.4080055015625 0.09386460937499999 0.3819433859375 0.09768536875 0.3349874953125 0.090862640625 0.32245598593749997 0.0805436515625 0.3377143921875 0.0761427 0.3697924859375
0 0.093405771875 0.2287222421875 0.0893959234375 0.2533376515625 0.0950904765625 0.27442173125 0.1054653390625 0.25809722968750004 0.11061409687499998 0.2376986375 0.11071510312499999 0.222797053125 0.1079236984375 0.2111889140625 0.1025299796875 0.2103131203125 0.093405771875 0.2287222421875
0 0.101326646875 0.12947996875 0.10639587343750001 0.149521740625 0.1224438125 0.12874254062499998 0.12025626250000002 0.092637934375 0.11451657500000001 0.085389340625 0.10567172656249998 0.0984679734375 0.101326646875 0.12947996875
0 0.0353406234375 0.10411642968749998 0.0241835546875 0.1353663078125 0.028225614062499998 0.149059065625 0.0323128078125 0.1489163375 0.043089509375 0.1378985375 0.051476646875 0.12057929999999999 0.0520912375 0.1088522203125 0.044464831249999996 0.08570730625 0.0352740140625 0.09241313906250001 0.0353406234375 0.10411642968749998
0 0.013471275 0.223000440625 0.0186415078125 0.22814062812499997 0.01865224375 0.2409100171875 0.0136711015625 0.25811031406249996 0.0211857625 0.2833874234375 0.023676334375 0.274787275 0.0401819875 0.2582486796875 0.037558196875 0.2434422484375 0.03963619375 0.21676600625 0.03520303125 0.2105359359375 0.0243038484375 0.21091654375000002 0.013471275 0.223000440625
0 0.01180366875 0.3326658171875 0.0020648703125 0.3628020171875 0.0064077625 0.3967030640625 0.01049495625 0.3965603375 0.01292965625 0.3890262859375 0.0259175703125 0.3747388265625 0.02770546875 0.34062368906249996 0.0229822109375 0.3269547171875 0.0168514203125 0.327168809375 0.01180366875 0.3326658171875
0 0 0.560091675 0.0120872046875 0.5348438421874999 0.014210334375 0.49433211562499996 0.0084706453125 0.487083521875 0.0010999390624999998 0.49798238125000005 0 0.506626571875 0 0.560091675