0 0.1227775890625 0.9871468546875001 0.137199340625 0.985388525 0.158446878125 0.9872784109375001 0.1693651515625 0.977691165625 0.18783406875 0.9717141 0.188370171875 0.9691819859375 0.159919334375 0.958655728125 0.15125873125 0.9596109609375001 0.1378261015625 0.9648229671875 0.11829255624999999 0.9663487249999999 0.108446490625 0.970871740625 0.10378772031250001 0.976624959375 0.1056149640625 0.98153705 0.11095326875 0.9847625171875001 0.1227775890625 0.9871468546875001
0 0.1596174515625 0.9065886953125 0.17331434375000002 0.9048684 0.1755342609375 0.8957375734375 0.16718325 0.891167796875 0.154097965625 0.8913536093750001 0.13933644218750002 0.8886225953125001 0.1000730125 0.8986955671875 0.09541424375 0.9044487859375 0.0958295140625 0.9099357625 0.101130065625 0.9126624140624999 0.115853834375 0.9148946125 0.1419489015625 0.9135253578125001 0.1596174515625 0.9065886953125
0 0.1073671015625 0.841221990625 0.1234273421875 0.841881671875 0.14544506875000002 0.8347167984375 0.152391684375 0.8303459234374999 0.15277678125 0.8258185453125 0.145950996875 0.82217033125 0.1342776859375 0.8217812578125001 0.12493755 0.8137578031249999 0.1305854453125 0.8114582609375001 0.13028343125 0.8074677328125001 0.12188708906250001 0.8119146796875001 0.1213509859375 0.8144467953125 0.09166178124999999 0.8260205765625 0.0930284265625 0.8344624125 0.1073671015625 0.841221990625
0 0.10670285156249999 0.765135721875 0.14523384374999998 0.7646163234375 0.160690053125 0.7572949484375 0.1647372171875 0.7530762125 0.1775204859375 0.7488998734375001 0.1759197515625 0.746980678125 0.16798401093749998 0.7478978781250001 0.1465854671875 0.7440127296875 0.12541343437500002 0.743120475 0.11560512187500001 0.7481423078125 0.098971025 0.7495159250000001 0.091299546875 0.7539248359374999 0.08866435781250001 0.7575686875 0.0955656453125 0.7622145328125 0.10670285156249999 0.765135721875
0 0.138015653125 0.6788580140625 0.130238496875 0.6722549390625 0.12585156718749999 0.6719843328125 0.11321930468750001 0.678155934375 0.0875772625 0.68551098125 0.082382390625 0.6937963140625001 0.0862709671875 0.697097853125 0.1348745359375 0.6950483328125 0.1674178640625 0.6923391328124999 0.1687165828125 0.6902678 0.138015653125 0.6788580140625
0 0.15896888125 0.6191653265625 0.1586291140625 0.6146759828125 0.1655379765625 0.6098062921875 0.1610377921875 0.6080392375 0.140817134375 0.6101018453125 0.1334552484375 0.6089857453125 0.09037874375 0.6167548109375 0.08644483593749999 0.622469996875 0.0882343296875 0.6268832703125 0.0965098375 0.6304554140625 0.109708378125 0.6317660515625 0.124243390625 0.6315041703125 0.15896888125 0.6191653265625
0 0.11946405 0.5491234687500001 0.111331975 0.5570621265625 0.0863392890625 0.5633815046875 0.0861052015625 0.569904146875 0.0906431375 0.57217001875 0.1038039265625 0.5729818390625 0.125323303125 0.568847896875 0.14863975000000001 0.5596116921875 0.12453809062500001 0.548857225 0.11946405 0.5491234687500001
0 0.07631217343749999 0.5078183968750001 0.0761535890625 0.515338671875 0.07985340625000001 0.5161461296875001 0.1248326609375 0.5142867843750001 0.14235020468749998 0.5053548578125 0.14487213593749998 0.500214559375 0.1293479984375 0.4970227625 0.09974187500000001 0.500078640625 0.07631217343749999 0.5078183968750001
0 0.1251877125 0.451668546875 0.1341956609375 0.44568711875 0.1399568109375 0.4448840234375 0.11688202968750001 0.4380820484375 0.08254163125 0.4458935125 0.075444009375 0.44826912500000005 0.07277107031249999 0.45141415937499996 0.0738734515625 0.45636428437500004 0.0820734546875 0.45893879687499994 0.09084731406249999 0.4594800109375 0.1152283921875 0.45469511406249996 0.1251877125 0.451668546875
0 0.1321420359375 0.38970562656249996 0.11986469375 0.381335496875 0.0734281375 0.39278645 0.0739566640625 0.39976987343750003 0.0858564875 0.40315184375 0.1241987171875 0.4001383640625 0.1321420359375 0.38970562656249996
0 0.0849581484375 0.33358821562499996 0.1076176609375 0.334903215625 0.14142195468750002 0.3296238671875 0.144744253125 0.3254431640625 0.135894890625 0.32390431875000003 0.1250295234375 0.3149593046875 0.10794240468750001 0.3103471296875 0.1021435015625 0.3106514078125 0.0901983515625 0.3162861609375 0.06383144375000001 0.32367924062500003 0.060697904687500005 0.330354025 0.0624118953125 0.333769665625 0.0691244203125 0.33592143124999996 0.0849581484375 0.33358821562499996
0 0.137050309375 0.2622456796875 0.1153497515625 0.2543700015625 0.0840296359375 0.2540102375 0.0519393328125 0.262705228125 0.06292553125 0.263631153125 0.069101953125 0.268315034375 0.075776728125 0.26996798437499997 0.11442097343749999 0.2709450328125 0.1163313 0.26733921562499996 0.132278284375 0.26650245 0.137050309375 0.2622456796875
0 0.12191897656249999 0.196934459375 0.1073084625 0.19619871093750002 0.07838945 0.1987177359375 0.0691927421875 0.202205084375 0.067931775 0.204775234375 0.06983452500000001 0.21068495625 0.07875939062500001 0.2132214328125 0.11130272031249999 0.21051223281250003 0.1239349828125 0.20434062968750002 0.1257320515625 0.199238365625 0.12191897656249999 0.196934459375
0 0.1288657234375 0.144487078125 0.125513246875 0.1386534265625 0.116663884375 0.13711458125 0.0941553828125 0.13779484687500002 0.0798846359375 0.1415484390625 0.0581764984375 0.1431883 0.056228421875000004 0.1462953 0.05908254375000001 0.15515988281249998 0.070944615625 0.15804303749999998 0.10867523906250001 0.156564040625 0.1377905890625 0.14702355625000002 0.1288657234375 0.144487078125
0 0.126087234375 0.088543621875 0.1117863125 0.08228286093750001 0.07180559375 0.08287833125 0.060472053125 0.08697859999999999 0.0557377796875 0.0917341875 0.056077546874999995 0.09622353125000001 0.061642360937499995 0.10244189374999998 0.12905461406250002 0.09890465312499999 0.1360389796875 0.09503259375 0.13116127500000002 0.088277378125 0.126087234375 0.088543621875
0 0.2720540234375 0.9883283984375 0.2855999078125 0.9846128406249999 0.3010561171875 0.977291465625 0.2648583 0.9701764859375 0.23288882656249998 0.9708523874999999 0.22372987187499999 0.9748385515625 0.21914660625 0.9815894046875 0.237721203125 0.9866243234375001 0.24904717031249998 0.9920395921875 0.269645346875 0.9949651453125 0.26800686093750004 0.9925471343750001 0.2720540234375 0.9883283984375
0 0.3528008046875 0.9590516265625 0.3385678078125 0.9633040359375 0.33169669687500003 0.96867254375 0.3330255921875 0.9766155640624999 0.34416279843750003 0.9795367515625 0.384490859375 0.9739150890625 0.3950617890625 0.9693540390625 0.406546340625 0.9672490343750001 0.37885811875000003 0.9571835562500001 0.3528008046875 0.9590516265625
0 0.5067208546875 0.973511025 0.5184394953125 0.9648833781249999 0.5334728578125 0.961590565625 0.5403817203125 0.956720875 0.5091069359375 0.9473443859374999 0.47698645468749995 0.946025025 0.470273928125 0.943873259375 0.4524921203125 0.9493134734374999 0.449283078125 0.9549906234375 0.45049871562500005 0.961437196875 0.47494771875 0.96716546875 0.48043703125 0.9723862000000001 0.49001125625 0.9738870125 0.5067208546875 0.973511025
0 0.6461965562499999 0.9701988625 0.6794723234375 0.9579360890625 0.6841310921875 0.9521828687499999 0.6961517484375 0.94754575 0.6916515624999999 0.9457786953125 0.6588817234375 0.9454949984375001 0.6208415078125 0.9524990062500001 0.6159939765625 0.9557581453124999 0.6157221374999999 0.961781971875 0.618198740625 0.9656583953125001 0.6257493859375 0.9692685734375001 0.6382608140625 0.9711160609375 0.6461965562499999 0.9701988625
0 0.8273066109375 0.9496781640625 0.826929090625 0.944690003125 0.8117900499999999 0.9369708296875 0.7884811796875 0.9366914968750001 0.7684492828125 0.9412481843749999 0.7607778046875 0.9456570953125001 0.76199344375 0.9521036671875001 0.7682453687499999 0.95778518125 0.782168771875 0.95905778125 0.8170376984375001 0.9582297421874999 0.8209338515625 0.952015740625 0.8273066109375 0.9496781640625
0 0.9022996828125001 0.9597654562500001 0.9191980421875 0.9618835484374999 0.936088825 0.9735171796875 0.9520735625000001 0.9731792312499999 0.961927203125 0.9591406765625001 0.9669634921875 0.9583756171875001 0.9689115703125 0.9552686171874999 0.97665855 0.9518573375000001 0.97914273125 0.9462182218749999 0.9775042468749999 0.9438002125 0.9494686796874999 0.9387609296875 0.9203231546874999 0.9382870593750001 0.90196749375 0.9457605734375001 0.8938731687500001 0.954198046875 0.8778053515625001 0.963053903125 0.880093196875 0.964436246875 0.9022996828125001 0.9597654562500001
0 0.907306059375 0.8528330296875 0.904746375 0.8574745125 0.88898815 0.860805359375 0.8828419046875 0.8661358328125001 0.8838687828125 0.870088325 0.8916081874999999 0.8761925843749999 0.8999591984374999 0.880762359375 0.9050709890625 0.8809949312500001 0.9136560890625001 0.879042065625 0.9225054531250001 0.8805809124999999 0.936738446875 0.8763285015625 0.9562719953125001 0.8748027453124999 0.972989171875 0.864911221875 0.9887473953124999 0.8615803765625 0.9782973 0.8581223359375001 0.9779952859375 0.854131809375 0.9820801984375 0.8504118875 0.9783426296875 0.8491056140625 0.9698707843750001 0.8525549281250001 0.916230928125 0.85536950625 0.9116552375 0.8526048203125001 0.907306059375 0.8528330296875
0 0.8896981234375 0.7836453890625 0.8933526140625 0.79346956875 0.9001783937500001 0.7971177828125 0.903568621875 0.8034502515625 0.9207388203125 0.79954451875 0.9269228203125 0.7947128609375 0.9545808671874999 0.7947639843750001 0.968625103125 0.7880174953125 0.9794225421875 0.7864493421875001 0.97607006875 0.780615690625 0.97855425 0.774976575 0.965468965625 0.7751623859375 0.94475753125 0.7707403859374999 0.927587334375 0.77464611875 0.9008051546875 0.776552225 0.8896981234375 0.7836453890625
0 0.9765006265625 0.7189950828125 0.9695615875 0.7138504218749999 0.9668962249999999 0.70747991875 0.9436326828125001 0.6981838640625 0.938520890625 0.6979512921875 0.895210296875 0.712243 0.8965769421875001 0.7206848375 0.9064154312499999 0.725677359375 0.9152647937499999 0.7272162062499999 0.9552455125 0.7266207375 0.9678777734375 0.720449134375 0.9765006265625 0.7189950828125
0 0.8821025453125 0.644822415625 0.8823668078125 0.6483141265625 0.889456853125 0.6554540531249999 0.9047167265624999 0.6551541359375 0.9505416765625 0.6452376656250001 0.9506625078125 0.6372185765625 0.92434093125 0.635594934375 0.8932473296874999 0.638228065625 0.8821025453125 0.644822415625
0 0.915295365625 0.5930010421875 0.9313933562500001 0.5941595390625001 0.9391780890625 0.5912470765625 0.9502473703125001 0.5836550953125 0.95597076875 0.5823531843749999 0.96597541875 0.5703098953125 0.97452276875 0.5678582140625 0.946411696875 0.5618212984375 0.9384382046875 0.56223968125 0.8876147187500001 0.5734200265625 0.884405675 0.5790971765624999 0.8861574171875001 0.5830116359375 0.890695353125 0.5852775046875001 0.908318575 0.5873575640625 0.915295365625 0.5930010421875
0 0.9555783609375 0.5002430906249999 0.941579453125 0.49797285625 0.8951882250000001 0.5004070875 0.8798452703124999 0.509224909375 0.8936855937500001 0.5190154171875 0.9097835875 0.5201739140625 0.918368684375 0.518221046875 0.9424024187500001 0.5184623453125 0.9668288234375 0.5046607265625 0.9555783609375 0.5002430906249999
0 0.9014856109375 0.448995371875 0.90785836875 0.44665779375000003 0.9323904562499999 0.44386816093750003 0.9421610171875001 0.43834751406250005 0.9423196015625 0.4308272390625 0.9275203281250001 0.427597409375 0.9110372390625001 0.43096629062499997 0.89940168125 0.4310760328125 0.8802834046875001 0.438088765625 0.8784108296875001 0.44219339687500003 0.8875244578125001 0.4472239546875 0.8927872562499999 0.44945178906249994 0.9014856109375 0.448995371875
0 0.9360376328125 0.36705486718749997 0.9292873531250001 0.36440428593749996 0.916889178125 0.364053246875 0.8782751078125001 0.3730905515625 0.867168075 0.380183715625 0.8667074765624999 0.3837134640625 0.870558303125 0.38651618593750003 0.8852065687499999 0.3877507515625 0.9232090328125 0.380247928125 0.93435381875 0.37365358125000003 0.9360376328125 0.36705486718749997
0 0.9253989078125 0.31302624375 0.9114755046875 0.311753640625 0.8781695609375 0.3140020609375 0.8683989984375 0.3195227078125 0.8672512875 0.32358930468749997 0.8711021140625 0.3263920265625 0.8807140921875 0.328391653125 0.9184069656249999 0.32641384218749997 0.9281020218749999 0.3198955625 0.9285248703125 0.3158669984375 0.9253989078125 0.31302624375
0 0.9237002015625 0.24250301875 0.9170254281249999 0.24085006875 0.9003535828125001 0.24172487031249998 0.8610146453124999 0.2508002125 0.856816478125 0.253023684375 0.8551704156250001 0.2601212109375 0.8634836734375 0.264192171875 0.8859921765625 0.2635119078125 0.9174708765625 0.2563513984375 0.9263278140625 0.24837470625 0.9237002015625 0.24250301875
0 0.9089463906249999 0.1821799609375 0.8621700640625001 0.1891415703125 0.85602381875 0.19447204375 0.8570506968749999 0.1984245359375 0.8623512468750001 0.2011511875 0.8733752000000001 0.202575928125 0.9101544515625 0.198142071875 0.9199627640625 0.193120240625 0.9225602015625001 0.1889775734375 0.9089463906249999 0.1821799609375
0 0.9187925874999999 0.12958044062500002 0.9031174421875001 0.1243933796875 0.867025303125 0.1282903875 0.8629403874999999 0.1320103078125 0.8626685484375001 0.138034134375 0.8806315375 0.1446035359375 0.892418103125 0.146489059375 0.9018790750000001 0.146493421875 0.916036565625 0.14124338281249998 0.9221450625 0.1354140921875 0.9187925874999999 0.12958044062500002
0 0.9110533140625 0.075399675 0.9070514796875001 0.070601690625 0.8682864015625 0.07764373125 0.861989146875 0.080978940625 0.8608791874999999 0.0855443546875 0.8632802890625 0.08842314531249999 0.889028009375 0.0920800859375 0.9093619234375 0.0915139265625 0.9282536890624999 0.0815082984375 0.9236024953124999 0.077745978125 0.9110533140625 0.075399675
0 0.9096868 0.018881334375 0.9035481296875 0.01469626875 0.893249040625 0.01323349375 0.8592937390625 0.0165175796875 0.8466237234375 0.022190365625 0.8456270234375 0.0282522265625 0.8487907375000001 0.0315917984375 0.8814473203125001 0.0303790484375 0.9001049984374999 0.0268960609375 0.9085390890625 0.02294793125 0.9096868 0.018881334375
0 0.7929301734374999 0.33199623906250003 0.79259040625 0.3275068953125 0.775231446875 0.3289185484375 0.772256490625 0.32807305468750003 0.7680658984375001 0.3207809890625 0.7628786015625 0.3195507859375 0.7476489015625 0.32986505625 0.72739049375 0.3314288484375 0.7189563999999999 0.335376978125 0.7219237796875 0.345738009375 0.749846090625 0.34928084375 0.7768170265625 0.3498688171875 0.7929301734374999 0.33199623906250003
0 0.7941610953125 0.2713352296875 0.7756997546875 0.2677967578125 0.7483814734374999 0.272234978125 0.7360210546875 0.272382753125 0.7219768156249999 0.2791292421875 0.7238418140625 0.2845401484375 0.732842184375 0.2880742578125 0.7746954749999999 0.2833741578125 0.7829785609375 0.2774307625 0.79011393125 0.27555396718749997 0.7941610953125 0.2713352296875
0 0.7672280421875 0.22316956562499998 0.7852363609374999 0.220722246875 0.7893590265625 0.2175011421875 0.7910805937500001 0.21140124531249999 0.7745295765625 0.20425695781250003 0.770338984375 0.1969648921875 0.76411723125 0.20129773437499998 0.7284781171875 0.21118053125 0.72400810625 0.21942783124999998 0.727209575 0.22326621875 0.744258940625 0.22737957656250002 0.7523079359375 0.22795882500000003 0.7672280421875 0.22316956562499998
0 0.7539391078125 0.1437393625 0.73050940625 0.1514791203125 0.7271871062499999 0.1556598203125 0.731800546875 0.158923325 0.7391246796875001 0.15954060625 0.7762059453125 0.15909727812500002 0.791126053125 0.15430801875 0.7950222078125 0.14809401875 0.7799209171875 0.14087365937500002 0.7539391078125 0.1437393625
0 0.779354771875 0.0853149140625 0.77336710625 0.0831251140625 0.75230833125 0.0837293078125 0.729339228125 0.08793931875 0.7267417921875 0.09208198749999999 0.7285690375 0.0969940765625 0.75069244375 0.10084119062500001 0.76381548125 0.1011541953125 0.7731254437499999 0.09916329375 0.7804194015625 0.0897662234375 0.779354771875 0.0853149140625
0 0.7159973890625 0.027041376562500004 0.707450040625 0.0294930578125 0.7042409968750001 0.0351702078125 0.70621925 0.0420775609375 0.713007278125 0.0452269578125 0.7217811390625 0.045768171875 0.7585603890625 0.0413343140625 0.7660431078125 0.034431325 0.7582281984375 0.027329434375 0.7159973890625 0.027041376562500004
0 0.6351211484375 0.4584648203125 0.58705368125 0.45798222343750006 0.5829310140625 0.46120332968750005 0.58120945 0.4673032234375 0.591085690625 0.4727945625 0.629805440625 0.47476924374999996 0.6519741781249999 0.469599634375 0.657471065625 0.46530482968750003 0.653620240625 0.4625021078125 0.6351211484375 0.4584648203125
0 0.5871670703125 0.41140216562500004 0.63134595625 0.408583225 0.6445596499999999 0.390862784375 0.6255244531249999 0.3893576109375 0.601868240625 0.39410447187500003 0.5857249203125 0.4019626984375 0.5841543609375 0.4100578578125 0.5871670703125 0.41140216562500004
0 0.6049490078125 0.3578854453125 0.6137983703125001 0.3594242921875 0.6406182984375 0.3580170015625 0.6474894078125 0.3526484921875 0.6484861125 0.3465866328125 0.6394857421875 0.34305252343750003 0.641396065625 0.33944670781249997 0.6384211109375 0.3386012140625 0.6059910390625001 0.3428068625 0.601490853125 0.3410398078125 0.5935551125 0.3419570078125 0.588707584375 0.345216146875 0.5876731281249999 0.3507791921875 0.5908368453125 0.3541187640625 0.6049490078125 0.3578854453125
0 0.6548288265625 0.2861581953125 0.6574262625 0.28201552812499997 0.652850575 0.2792508421875 0.6134437125 0.2778130125 0.5815119906249999 0.27898772968749996 0.575901846875 0.2817860890625 0.5746031281249999 0.28385742187499996 0.5786049640625001 0.28865540625 0.595042721875 0.294303246875 0.6247243499999999 0.292245003125 0.649830290625 0.287422071875 0.6548288265625 0.2861581953125
0 0.6395464859375 0.2188517140625 0.617536334375 0.2165010484375 0.5907164078125 0.2179083375 0.577283778125 0.22312034218750001 0.57571321875 0.231215503125 0.578763678125 0.233058628125 0.6044358953125 0.235717934375 0.6225952218749999 0.2352658796875 0.6357635875 0.2265621625 0.6464477734375 0.22349755937500002 0.6395464859375 0.2188517140625
0 0.644733915625 0.1720054125 0.62833390625 0.1668563875 0.592090759375 0.16875812968749998 0.5871677281250001 0.1710196390625 0.5868203828125 0.1760458328125 0.5899463453125 0.1788865890625 0.6106577796875 0.1833085875 0.6419023890625 0.182670721875 0.6475125328125 0.1798723625 0.64721051875 0.1758818359375 0.644733915625 0.1720054125
0 0.5781071390625 0.0993803140625 0.5800853921875 0.10628766875 0.5867601640625 0.10794061875000001 0.6440243359375 0.10493586562499999 0.653530634375 0.09592350625 0.6356431484375 0.0903517359375 0.591426509375 0.09267186250000001 0.582192053125 0.09566039374999999 0.5781071390625 0.0993803140625
0 0.6138596421875 0.0429174609375 0.6009329421875 0.035582996875 0.577699575 0.036301295312499995 0.5568673109375 0.0398983875 0.5529334031250001 0.045613570312500004 0.55537225625 0.048991179687500004 0.56067280625 0.05171782968750001 0.57307098125 0.05206886875 0.576846303125 0.0538739578125 0.6079776578125 0.051739643749999994 0.614237159375 0.047905618750000004 0.6138596421875 0.0429174609375
0 0.49068492499999994 0.3673866640625 0.4771088671875 0.3610878671875 0.4560878421875 0.362190878125 0.4402163609375 0.364025278125 0.436743053125 0.36621071562499996 0.43487047968750003 0.3703153484375 0.44180951718749994 0.375460009375 0.448484290625 0.377112959375 0.47312963124999996 0.3758197734375 0.49163630156250004 0.370341525 0.49068492499999994 0.3673866640625
0 0.43876676562499994 0.316024840625 0.4474273703125 0.31506960781250004 0.48053697656249994 0.319842646875 0.48240955 0.3157380140625 0.47775835781250003 0.3119756953125 0.496416034375 0.308492709375 0.4997005828125 0.303813190625 0.50542398125 0.30251128125000004 0.5007727890625 0.2987489625 0.48452378906250004 0.29559520156249997 0.441069765625 0.29837610937500003 0.43187305781249996 0.3018634578125 0.4285885109375 0.306542975 0.432779103125 0.313835040625 0.43876676562499994 0.316024840625
0 0.49410572343750003 0.23950396875000002 0.4976621109375 0.22880062343750002 0.50189803125 0.2270759671875 0.4700040625 0.2287495 0.44852243906249994 0.23338225937499998 0.4426480296875 0.23268890468749998 0.43646403281249996 0.2375205625 0.42856604374999996 0.238936578125 0.4216194296875 0.243307453125 0.42058497343749995 0.2488705 0.4274107546875 0.2525187125 0.473114871875 0.250621334375 0.49410572343750003 0.23950396875000002
0 0.4827874625 0.17649665781249999 0.45753809375000004 0.16980878593749998 0.425024940625 0.1825323390625 0.4217781453125 0.187710675 0.42371864531250003 0.1941192125 0.4671726703125 0.1913383046875 0.4827874625 0.17649665781249999
0 0.473568290625 0.11237760781249999 0.463880809375 0.10938034999999999 0.4321756 0.11354796250000002 0.414008696875 0.1235155546875 0.41678731718749995 0.1313825078125 0.4646660234375 0.129371021875 0.480998103125 0.1240068765625 0.4833690265625 0.1168713140625 0.4774946203125 0.11617796093749999 0.473568290625 0.11237760781249999
0 0.4798279265625 0.0604670765625 0.4773890734375 0.0570894703125 0.46255204843750003 0.0533608234375 0.43008422343749997 0.05706765625 0.414590259375 0.0638902125 0.41500553125 0.0693771890625 0.42328104062499994 0.0729493328125 0.43514310937499995 0.0758324875 0.4510900953125 0.074995721875 0.47585626718749996 0.065683446875 0.4798279265625 0.0604670765625
0 0.3316525546875 0.545000715625 0.336990859375 0.5482261828125 0.35568628750000003 0.5452420140625 0.362670653125 0.5413699515625 0.3712935046875 0.539915903125 0.37465355625 0.5362340171875 0.36942850781250003 0.534504996875 0.3684016296875 0.5305525046875 0.3747366359375 0.5277161109375 0.33921835312500004 0.52957981875 0.31853709375 0.5351721734375 0.3151392921875 0.5383552421875 0.319216628125 0.5441508609375 0.3316525546875 0.545000715625
0 0.32623887812499996 0.492701109375 0.3352014953125 0.495736403125 0.3633201421875 0.4922577796875 0.38061117499999997 0.4803329578125 0.37962205 0.47687928125 0.37352113125 0.4731930328125 0.36039809375 0.47288002812499996 0.34910987968749996 0.467963575 0.33151683125 0.47589787031249997 0.32216911718749996 0.47738995468749995 0.3111753421875 0.4859795671875 0.30945377500000004 0.4920794640625 0.316204053125 0.4947300453125 0.32623887812499996 0.492701109375
0 0.372033784375 0.4246937796875 0.374668971875 0.4210499296875 0.367118328125 0.41743975000000005 0.3675034234375 0.4129123734375 0.351329928125 0.41075624375 0.33446174375000004 0.418652503125 0.3101561703125 0.42443503125 0.3075209828125 0.4280788828125 0.31011084375000003 0.43345175312500006 0.33124512500000003 0.43384519062500004 0.3579140453125 0.43044263593750004 0.372033784375 0.4246937796875
0 0.3189679140625 0.3773985546875 0.3406382984375 0.375259878125 0.3634941453125 0.3695534203125 0.370440759375 0.3651825421875 0.3615913953125 0.3636436984375 0.35770281718749997 0.3603421609375 0.345802996875 0.356960190625 0.32065930468750004 0.36128430625 0.29577987656250004 0.3691001328125 0.2954325328125 0.3741263265625 0.2995098703125 0.37992194375 0.3125951546875 0.379736134375 0.3189679140625 0.3773985546875
0 0.316514171875 0.29689901406249997 0.29728263906249996 0.30241529843750004 0.296361440625 0.309474790625 0.301050384375 0.31373592499999997 0.321610809375 0.3161626609375 0.3302336625 0.3147086109375 0.3470565171875 0.3158290734375 0.3648005703125 0.3098900421875 0.3609950734375 0.2980705984375 0.316514171875 0.29689901406249997
0 0.359281215625 0.24657845156249997 0.35745397031250004 0.2416663609375 0.3644005859375 0.237295484375 0.3253712421875 0.2408458140625 0.30957526562500004 0.243677846875 0.2996914484375 0.2477020453125 0.29869474375 0.25376390625 0.3033459375 0.257526225 0.32894265312500004 0.2591879 0.340540459375 0.25857934375 0.3537843296875 0.25087325781250003 0.359281215625 0.24657845156249997
0 0.360708475 0.178895984375 0.339959290625 0.17397516875000002 0.301919075 0.180979175 0.292873375 0.1864617890625 0.29325089375 0.19144994843750002 0.2972149765625 0.19574911718750002 0.3038142453125 0.196404434375 0.3284973390625 0.19561006718750001 0.341318359375 0.19193254375 0.3597117734375 0.18495784531249998 0.360708475 0.178895984375
0 0.315117746875 0.13421330625 0.3296150046875 0.133452609375 0.3546831921875 0.12813086093749998 0.3586926015625 0.1234133078125 0.3470192921875 0.12302423437500001 0.3349684609375 0.1176470015625 0.2914766875 0.1199290921875 0.2824309859375 0.12541170468750001 0.27994680625 0.13105082031249998 0.2802865734375 0.1355401640625 0.286236484375 0.1372311484375 0.30519617499999996 0.137738690625 0.315117746875 0.13421330625
0 0.28671236875 0.0665938203125 0.27907864375 0.071501546875 0.27720606875 0.075606178125 0.27895781249999996 0.0795206375 0.28265762968749997 0.08032809375 0.320962109375 0.0768157984375 0.3336698765625 0.0716418296875 0.337528278125 0.0649290109375 0.32997763281250003 0.0613188328125 0.28671236875 0.0665938203125
0 0.27503721406250004 0.739275825 0.24990110156249998 0.7340844015625 0.2378426921875 0.73822270625 0.21972112031250002 0.7391735781250001 0.1996892203125 0.7437302640625 0.2004820109375 0.7542054 0.21673100937499998 0.757359159375 0.2509505765625 0.7575667875 0.261219490625 0.749015209375 0.26225394375 0.7434521625 0.27503721406250004 0.739275825
0 0.2067114703125 0.692280515625 0.2509281109375 0.6899603890625 0.2626467484375 0.681332740625 0.2475454609375 0.6741123828125 0.2119139203125 0.6744796421875 0.19710706875 0.6807653499999999 0.19828495468750001 0.6867131078125001 0.2067114703125 0.692280515625
0 0.2647988703125 0.6136122390625001 0.2489349671875 0.6059311000000001 0.23489830937499998 0.6031620515625 0.2204010484375 0.6039227484375 0.1912101953125 0.6124655999999999 0.19090060312499998 0.6179906109375 0.19551404375 0.6212541125000001 0.20215106718750003 0.622408246875 0.2376315984375 0.6200457218750001 0.24606569218750002 0.6160975921875 0.2647988703125 0.6136122390625001
0 0.2598835484375 0.558281703125 0.26171836875 0.55367825625 0.25554194531249996 0.548994375 0.24150528750000003 0.546225325 0.2391041859375 0.543346534375 0.23544212031249998 0.5430378921875 0.22777064375 0.5474468031249999 0.205639659375 0.553115228125 0.19793042968750002 0.557025321875 0.1891112421875 0.56550083125 0.1973112453125 0.56807534375 0.24580155937499998 0.564529375 0.2598835484375 0.558281703125
0 0.2570824609375 0.4828083546875 0.2319463453125 0.47761693281250006 0.189096353125 0.4883788953125 0.1842488234375 0.4916380359375 0.183901478125 0.4966642296875 0.1877900578125 0.4999657671875 0.21834755781249998 0.49986474999999997 0.2365068828125 0.4994126953125 0.25032460625 0.4896733125 0.2609710375 0.48610989375 0.2570824609375 0.4828083546875
0 0.20520205156250002 0.4319453484375 0.19169392031250002 0.4361597234375 0.184936065625 0.44302467968750003 0.18809978125 0.4463642515625 0.19614877656250002 0.4469435 0.22296870625 0.44553621093749995 0.24044849687499997 0.43610546718750004 0.24300818125 0.431463984375 0.23702051875 0.429274184375 0.20520205156250002 0.4319453484375
0 0.23270922343749997 0.38192470312500004 0.24694222031250002 0.37767229375 0.2493886484375 0.3715343625 0.227990103125 0.3676492140625 0.1884624109375 0.374230475 0.1793789578125 0.379214271875 0.1782312484375 0.38328086875 0.1836450546875 0.38750396875000004 0.1917318046875 0.3885820328125 0.20416772968750002 0.3894318875 0.22580036250000002 0.38679439531250004 0.23270922343749997 0.38192470312500004
0 0.217774228125 0.30959202812500003 0.206901284375 0.31016255 0.18526864999999998 0.31280004375 0.17603419375 0.31578857656250003 0.17198703125 0.3200073125 0.17297615625 0.3234609890625 0.1826636375 0.3264582484375 0.21535797343750002 0.3257443125 0.2398900578125 0.32295467968749997 0.244050478125 0.32023238906249996 0.217774228125 0.30959202812500003
0 0.1966476546875 0.251606546875 0.179779471875 0.25950280625 0.1801192390625 0.26399215 0.183970065625 0.2667948703125 0.1941936484375 0.267260015625 0.2217384421875 0.26581469062499996 0.238531121875 0.2569208 0.23750424374999998 0.25296830625 0.22186685 0.24828006406249997 0.1966476546875 0.251606546875
0 0.233819709375 0.18505326718749998 0.21203606874999997 0.185695496875 0.192615778125 0.1887177015625 0.1812822328125 0.192817971875 0.17944741250000001 0.1974214203125 0.18264887968750002 0.20125980625 0.2040096734375 0.20464614062500003 0.23025574531249998 0.20527214843750002 0.24678416093750002 0.1928865453125 0.24648214531249998 0.18889601875 0.233819709375 0.18505326718749998
0 0.22466088593750003 0.1409629265625 0.2343181921875 0.13394583124999998 0.224215440625 0.125461596875 0.20746808906249997 0.1253387671875 0.181252190625 0.1347271125 0.17319561875 0.1436634 0.17502286250000001 0.148575490625 0.178073321875 0.150418615625 0.188221403125 0.149886128125 0.212564728125 0.14460241406250002 0.22466088593750003 0.1409629265625
0 0.22372479687500002 0.0709004828125 0.197554228125 0.0712721078125 0.179659165625 0.075215875 0.17572525781249998 0.0809310578125 0.1796515890625 0.0847314125 0.18571475625 0.08791884531250001 0.195213478125 0.0884220234375 0.22489510625000003 0.086363778125 0.2362664015625 0.082762325 0.24023805937499998 0.07754595625 0.22372479687500002 0.0709004828125
0 0.5888361234375 0.27960501249999997 0.5802887765625 0.2820566953125 0.5823802859375 0.29046049687500003 0.6021025921875001 0.2914288203125 0.6105744359374999 0.28797950625 0.6096608140625001 0.285523459375 0.6052738843750001 0.285252853125 0.5975344796875001 0.2791485953125 0.5888361234375 0.27960501249999997
0 0.346104353125 0.6013332453125 0.3730451140625 0.5919068656250001 0.362096665625 0.59147975625 0.3426462 0.5844876078125 0.3136516828125 0.5860090015625 0.302854240625 0.58757715625 0.2929704234375 0.59160135625 0.2903729859375 0.5957440234375 0.292849590625 0.5996204453125 0.30413780625000003 0.6045369 0.33458204999999996 0.6029394359375 0.346104353125 0.6013332453125
0 0.45420689999999997 0.6642700828125 0.4814043484375 0.6678509515625 0.5070463921874999 0.66049590625 0.495297578125 0.6591092 0.48462096875 0.652658265625 0.47905615468749996 0.6464399000000001 0.47787826874999995 0.6404921453125 0.47425395468750003 0.6406823187499999 0.46009646093749995 0.6459323593749999 0.43835057343750006 0.6470734046875 0.42716803593749997 0.6531689375 0.42708495781250005 0.66168684375 0.44707152656250004 0.666146878125 0.45420689999999997 0.6642700828125
0 0.43495290156250005 0.6021799703124999 0.44533507187500004 0.595124840625 0.46070820156250003 0.596321371875 0.48120070000000004 0.5882349359375 0.4831865296875 0.585626753125 0.4807476765625 0.5822491453125 0.4592358765625 0.5768675484375 0.43332957031249997 0.5807308828125 0.41581202812500007 0.589662809375 0.423166334375 0.600294446875 0.42614129062500006 0.601139940625 0.43190244375000003 0.60033684375 0.43495290156250005 0.6021799703124999
0 0.6216049109374999 0.664500753125 0.6396887312499999 0.663051065625 0.6499878203125 0.6645138421875 0.6646436640625 0.6562328703125 0.6607173359375 0.6524325171875 0.6509921015625 0.64893644375 0.651414946875 0.6449078796875 0.6590486734375001 0.640000153125 0.65252490625 0.6403424671875 0.644928934375 0.6457490109374999 0.6008633031249999 0.6500644 0.59738999375 0.6522498375 0.5977297609375001 0.6567391812500001 0.603181321875 0.661461096875 0.6216049109374999 0.664500753125
0 0.5466195484374999 0.59682141875 0.55444203125 0.594407771875 0.5610413000000001 0.5950630890624999 0.5700794234375001 0.5990960140625 0.5837763171875 0.5973757203125001 0.602162153125 0.5999165609375 0.613759959375 0.599308003125 0.646227784375 0.5956011718750001 0.6540125171875 0.5926887078124999 0.6432604046875 0.5852401406250001 0.620412134375 0.5814310625 0.607402353125 0.5826145046875 0.604389646875 0.581270196875 0.589930140625 0.5825297093749999 0.5845842593749999 0.5888197796875 0.5561258453125 0.5878090593749999 0.544981059375 0.5944034078125 0.5466195484374999 0.59682141875
0 0.7718402984375 0.65912161875 0.7981241234375 0.66024644375 0.8243777734375 0.651356915625 0.818465615625 0.6501647453125 0.8129385499999999 0.6444451984375 0.791464503125 0.6395624171875001 0.7640707203125 0.6430030062500001 0.747934975 0.6413456921875 0.7422870796875001 0.643645234375 0.73759055625 0.6488996390625 0.7440312437500001 0.65707523125 0.75433033125 0.6585380062499999 0.7589437734375 0.6618015109375001 0.7718402984375 0.65912161875
0 0.8080232265625 0.5891146625 0.8024584125 0.5828963 0.8114663578125001 0.5769148703125 0.8113153515624999 0.5749196078125001 0.7989171765624999 0.5745685671875 0.7862547390625 0.570725815625 0.766532434375 0.56975749375 0.7486751234375 0.5742000765624999 0.7368809796875 0.5818300921875 0.7356577640624999 0.5848990578125 0.7482748734375 0.5977585296875 0.818435571875 0.5920738859375 0.8080232265625 0.5891146625
0 0.7816867578125 0.5103690875 0.757955040625 0.514118315625 0.7415927859375 0.5094681078125001 0.7361336515625 0.51426173125 0.7211757921874999 0.5185521734375 0.7195297296875001 0.5256497015625 0.7234183062499999 0.5289512390625 0.7478673109375 0.5346795125 0.762515578125 0.535914078125 0.7821246296875 0.5353859546875 0.8079630078125 0.5210094484375001 0.7816867578125 0.5103690875
0 0.75527465625 0.478702384375 0.7694321484375 0.47345234375 0.7831667921875 0.47223086406250003 0.7940473109374999 0.462144803125 0.7927939234375 0.455199415625 0.7968033343750001 0.45048186250000005 0.7735322171875 0.45070134531250006 0.75303971875 0.45878778125 0.7372059890625 0.4611209953125 0.7324339640625 0.465377765625 0.7313995078125 0.47094081250000003 0.734600975 0.47477919999999996 0.7435258421875 0.4773156765625 0.75527465625 0.478702384375
0 0.7616549921875 0.46684926875 0.7613152249999999 0.462359925 0.7560146734375001 0.459633271875 0.748343196875 0.46404218437500006 0.7547083781249999 0.4712201453125 0.7591330609375 0.4719895671875 0.7616549921875 0.46684926875
0 0.7319055671875 0.41031783749999995 0.741291034375 0.40932456874999995 0.7502536531249999 0.41235986249999995 0.7515901234375 0.41078734375000003 0.779897528125 0.4098028 0.79638061875 0.4064339203125 0.7990158046875 0.40279007031249997 0.797787584375 0.3961772234375 0.801696321875 0.390129496875 0.7688509796874999 0.38884816875 0.7314223703125 0.3943176921875 0.7272242015625 0.396541165625 0.7240529078125 0.40271713125 0.725880153125 0.4076292203125 0.7319055671875 0.41031783749999995
0 0.4320386921875 0.47713366874999996 0.44408952187499995 0.48251090156250004 0.45339948281250003 0.4805200015625 0.46961073124999997 0.4831749453125 0.48579180624999996 0.47581553750000005 0.501625534375 0.473482321875 0.5057859515625001 0.4707600328125 0.50559719375 0.4682659546875 0.49465632187499997 0.45832330624999995 0.475319109375 0.45282760624999996 0.47100768593750003 0.45355462968750004 0.4639100625 0.45593024218749995 0.4579148234375 0.46325597968750004 0.4371958125 0.4683495171875 0.43104956562499996 0.473679990625 0.4320386921875 0.47713366874999996
0 0.502931959375 0.4138189453125 0.4956078265625 0.41320166093750005 0.4909188828125 0.4089405265625 0.49511705156249997 0.4067170546875 0.49279145625 0.40483589531249997 0.4744056203125 0.40229505468750004 0.459259003125 0.40409141875000004 0.44498825468750003 0.4078450109375 0.42529612187500004 0.4168910421875 0.4250242828125 0.42291486875000006 0.43043809062499994 0.42713796875 0.44134878593750004 0.4270662609375 0.502931959375 0.4138189453125
0 0.49020877812499997 0.534177003125 0.464732896875 0.5244962375 0.44638481093750004 0.5224542125 0.42707777656249996 0.5269728640625 0.420093409375 0.5308449265624999 0.4188701953125 0.5339138921875 0.422872028125 0.5387118765625 0.44560704375000004 0.5410245078125 0.4547961734375 0.547052696875 0.461357690625 0.5472091984375 0.47662514062500005 0.5373937453125001 0.49020877812499997 0.534177003125
0 0.618728453125 0.5399532671875 0.6248973437500001 0.538127184375 0.6568441734375 0.53394689375 0.65436756875 0.5300704703125 0.643305865625 0.5281469125 0.630530171875 0.5228077140625 0.5916216624999999 0.518338953125 0.573688846875 0.5217839046875 0.57936691875 0.5294987156250001 0.603929178125 0.5367234375 0.613420325 0.5467421531250001 0.618728453125 0.5399532671875
0 0.270899 0.9057575218749999 0.278457221875 0.8998521625 0.29913847968749996 0.894259809375 0.2988364640625 0.8902692812499999 0.29433627812499996 0.8885022265625 0.2513428546875 0.8877533874999999 0.22898535781249998 0.890428915625 0.21669286406250002 0.9010898609375 0.21489579375 0.9061921249999999 0.2173723984375 0.9100685484375 0.22484754062499998 0.9126810953125 0.23362139843750002 0.9132223093749999 0.270899 0.9057575218749999
0 0.2316961828125 0.8397061890625 0.24336191718750003 0.8496108015624999 0.24684279999999997 0.8379098265625 0.27388924062500003 0.8394954328124999 0.2843469125 0.8334379343749999 0.2972056875 0.830259228125 0.284467746875 0.82541884375 0.281802384375 0.8190483421874999 0.27646407812499996 0.815822875 0.25239259375 0.815082759375 0.2226278859375 0.8256589109375 0.2193433375 0.830338428125 0.220483471875 0.8357873703124999 0.2316961828125 0.8397061890625
0 0.40436443750000006 0.8807256640625001 0.3875415828125 0.8796052031249999 0.376404375 0.8766840140625 0.3327162625 0.8859875625000001 0.3264945125 0.8903204046875001 0.326260421875 0.896843046875 0.3346491859375 0.9019116390624999 0.3609707640625 0.9035352796874999 0.3864240484375 0.8936861531250001 0.4024918640625 0.8848302968749999 0.40436443750000006 0.8807256640625001
0 0.48400870312500005 0.894575275 0.5028928921875 0.894085184375 0.52132405625 0.8876093031250001 0.5363951703125001 0.8848153062499999 0.5307171 0.8771004953125001 0.5191570453125001 0.8782078703125 0.5021076765625 0.8740945109375 0.4717011875 0.8761907921875001 0.44918510781250004 0.8863865953125 0.4497891375 0.8943676500000001 0.4552406984375 0.899089565625 0.463327446875 0.9001676296875001 0.48400870312500005 0.894575275
0 0.6074165859375 0.90011896875 0.619550496875 0.8969782953125 0.63622234375 0.8961034937499999 0.6516709765625001 0.8982976578124999 0.664038975 0.88863434375 0.6725863234375 0.8861826609375001 0.6698077046875001 0.8783157109375 0.647110440625 0.8765018953125001 0.6384196625 0.8674427765624999 0.6201395062499999 0.8759139218750001 0.6064048609375 0.8771354 0.597321409375 0.882119196875 0.584455059375 0.894813440625 0.6005908046874999 0.8964707546874999 0.6074165859375 0.90011896875
0 0.74505001875 0.862849284375 0.7534312046875 0.8774334140625 0.7696802046875 0.8805871765625 0.7935629296875 0.878833209375 0.8097741765625001 0.8814881546875 0.8099138874999999 0.8737184734375001 0.8210020437500001 0.8663758984375001 0.8221497531249999 0.8623093031250001 0.818261175 0.8590077640624999 0.8042245156250001 0.8562387140625001 0.795835753125 0.8511701234375 0.7871751484375 0.8521253578125 0.7746938937500001 0.8602922234375001 0.7651196703124999 0.8587914140624999 0.7640172875 0.8538412875000001 0.760883746875 0.86051606875 0.74505001875 0.862849284375
0 0.7767553609375 0.810605165625 0.7950656921875 0.8121483749999999 0.7981614796875001 0.8049747765624999 0.8108692468750001 0.7998008046875 0.819114578125 0.793358596875 0.8305236265625 0.790255959375 0.826635046875 0.786954421875 0.808249209375 0.7844135796875 0.7754793703125 0.784129884375 0.75739555 0.7855795734375 0.7461752609375 0.791176290625 0.74800250625 0.7960883796875 0.745291815625 0.7987346 0.7524573625000001 0.8068721562500001 0.7767553609375 0.810605165625
0 0.794711034375 0.7305370953125 0.8145843484374999 0.73350068125 0.8243549109374999 0.727980034375 0.8435864437499999 0.72246375 0.821161021875 0.7146261078125 0.8094499578125 0.7137382171875 0.7965610109375 0.7069025718749999 0.7858390734375 0.7094683578125001 0.7768387031249999 0.7059342484375 0.756421709375 0.7150183140624999 0.7531749125 0.7201966484375 0.75954009375 0.7273746078125 0.7854388250000001 0.7330268125 0.794711034375 0.7305370953125
0 0.6749350453125 0.7152876906250001 0.6576138375 0.717198159375 0.6260672140625 0.713845496875 0.615466109375 0.7083921953125001 0.595200121875 0.7194715234375 0.6009159453125 0.72768515 0.620102146875 0.7311855875 0.631662203125 0.7300782156250001 0.6565340546875 0.7317779265625 0.6849245421875 0.7222754765625 0.6749350453125 0.7152876906250001
0 0.61213596875 0.8182414453125 0.61656065 0.8190108671875 0.6218310265625 0.811723165625 0.6467028796875 0.8134228765625 0.66585890625 0.8069089593750001 0.6618570734375 0.8021109750000001 0.645419315625 0.7964631343749999 0.646529271875 0.7918977218750001 0.644203675 0.7900165625 0.6328701328124999 0.79411683125 0.6009006593749999 0.7947927328125 0.5910545953125 0.7993157484375 0.5891442671875 0.8029215640625 0.611222346875 0.8157854 0.61213596875 0.8182414453125
0 0.43223410624999997 0.8066477484375 0.43512598125 0.816011146875 0.4477129140625 0.8188562656249999 0.46713320625000004 0.8158340609374999 0.47544646718749994 0.8199050218749999 0.4834954609375 0.8204842703124999 0.507612275 0.8122076625 0.4979625453125 0.8097092187499999 0.49979736875 0.8051057703125 0.5067062296875 0.800236078125 0.5056793515625 0.7962835859374999 0.48603255 0.7963128953124999 0.4776815375 0.79174311875 0.4725697453125 0.7915105484375 0.4621498234375 0.7980668625 0.4369683796875 0.8018921609375 0.43223410624999997 0.8066477484375
0 0.3930084265625 0.8172195375 0.3946167375 0.80962319375 0.3821808109375 0.8087733374999999 0.37539278125000003 0.8056239406250001 0.35078519375 0.8074159406250001 0.331130815625 0.8169607875 0.3292204890625 0.8205666046875001 0.3317725984375 0.825440659375 0.3598459140625 0.8309787578125001 0.3758306515625 0.8306408078124999 0.3801874046875 0.8208970593749999 0.3930084265625 0.8172195375
0 0.3398444546875 0.7493967875 0.35647855 0.7480231703125 0.36967708906249996 0.74933380625 0.3812447234375 0.7387108953125 0.3917778984375 0.7336510281249999 0.3915136359375 0.7301593171875 0.3869379484375 0.7273946312499999 0.39010923750000004 0.7212186640625 0.38289836093749996 0.722097828125 0.3803386765625 0.7267393125 0.3740414234375 0.730074521875 0.3297115265625 0.7308982 0.325694540625 0.745131290625 0.330270228125 0.7478959765625001 0.3398444546875 0.7493967875
0 0.46025478125 0.734565096875 0.48456035625 0.7287825671875 0.493568303125 0.722801140625 0.5071896921875 0.7200832125 0.506849925 0.71559386875 0.5029235953125 0.7117935171875 0.49048766875 0.7109436609374999 0.481253209375 0.7139321953125 0.46240677343750003 0.7149211 0.43657597187499997 0.7197820671875 0.4291310046875 0.7271838734375 0.43023338750000006 0.732133996875 0.4363343046875 0.735820246875 0.46025478125 0.734565096875
0 0.35034758906249996 0.6862460609375 0.368778753125 0.67977018125 0.3806484015625 0.6731377968750001 0.38931658125 0.662667025 0.385579009375 0.6613607515625 0.3574226109375 0.6643405578125 0.3423137453125 0.6666357374999999 0.3346045171875 0.6705458328125 0.3251435484375 0.6705414703125 0.31888404375 0.6743754953125001 0.3163998625 0.6800146093749999 0.3218514234375 0.6847365265625001 0.3292510609375 0.686351440625 0.35034758906249996 0.6862460609375