0 0.16499219062499998 0.9404440921875 0.179425284375 0.9382045281250001 0.1815473515625 0.92848826875 0.17260963437500002 0.923916921875 0.15878525937500002 0.9245162703125 0.143117828125 0.9220852484375 0.101870146875 0.9339379156250001 0.097087759375 0.9401604156250001 0.09766124375 0.945945315625 0.103329925 0.9486631203125 0.1189452234375 0.9505682421874999 0.14648969843749998 0.9483177406250001 0.16499219062499998 0.9404440921875
0 0.10816875156250001 0.8729850750000001 0.1251578921875 0.8731874703125 0.14825112812500002 0.8649387359375 0.15548529375 0.8601063953124999 0.1557812015625 0.8553107796875 0.14847800312499998 0.851666203125 0.13613174374999998 0.8516146250000001 0.12606395625 0.8434244906249999 0.1319764125 0.8408207765625001 0.13155933125 0.8366135765625 0.12279491875 0.8415709437500001 0.1222904703125 0.8442629593750001 0.0911979453125 0.857406546875 0.0928493625 0.8662843359375 0.10816875156250001 0.8729850750000001
0 0.1056001078125 0.7926106515625 0.14630810625 0.790875115625 0.1624630890625 0.7826631078124999 0.16663675312499998 0.7780808234375 0.18004405 0.7732742703125 0.17830526093750002 0.7712956984375 0.169941028125 0.7725092499999999 0.14723106875 0.7690631515625 0.1248339234375 0.7687724546875 0.114591396875 0.7743807515625 0.0970456703125 0.776344471875 0.0890463828125 0.781239325 0.086350828125 0.7851706843749999 0.0937582984375 0.7898670578125 0.1056001078125 0.7926106515625
0 0.13657576875 0.7004828 0.1281946359375 0.6937453375 0.12355175625 0.6935945203125 0.11035299999999999 0.7005046734375 0.0834341421875 0.7090659765625 0.07814730625 0.717980490625 0.0823378734375 0.7213492203125 0.133653340625 0.7176866890625 0.16797966875 0.7138217625000001 0.16930137812499998 0.7115931343749999 0.13657576875 0.7004828
0 0.157255334375 0.6367644953125 0.1567861171875 0.6320313921875 0.163968146875 0.6266731515624999 0.1591688625 0.6249446359374999 0.1378496484375 0.6277468234375 0.1300419984375 0.6267942625 0.084708021875 0.6363299984374999 0.080690759375 0.6424899843749999 0.0826902234375 0.647098059375 0.0915236703125 0.6506176078125 0.10550445 0.6515959578125 0.12085907343749999 0.6508715796875 0.157255334375 0.6367644953125
0 0.113787053125 0.5639730234375 0.105387584375 0.57261169375 0.07912958125 0.5800586828125 0.0790422109375 0.586957896875 0.08389363125 0.589212315625 0.0978222765625 0.589664765625 0.120463196875 0.5846339484375 0.1448781421875 0.5741565859375 0.11914292500000001 0.5635354265625 0.113787053125 0.5639730234375
0 0.067169471875 0.521657975 0.0671863703125 0.5296089921875 0.0711162625 0.530348221875 0.1186061109375 0.5269982609375 0.136900059375 0.517021009375 0.13943920781250002 0.5115119531250001 0.122954515625 0.50861754375 0.0917408203125 0.5127583140625 0.067169471875 0.521657975
0 0.11744511093750001 0.46082314062499996 0.12681824375 0.4542255578125 0.13288710312500002 0.4531995484375 0.1083340890625 0.4467230765625 0.07223373749999999 0.4560345453125 0.064791034375 0.45876328437499997 0.062043346875 0.46216874218750004 0.06332981875 0.4673652296875 0.072058996875 0.4698329765625 0.08134475937499999 0.4701346109375 0.10699404374999999 0.46432783750000006 0.11744511093750001 0.46082314062499996
0 0.1232745015625 0.3951372 0.1100940828125 0.38667121875 0.0612994265625 0.4002008265625 0.062029315625000005 0.4075634265625 0.0746883859375 0.41077040625 0.11513570937499999 0.40640536875000005 0.1232745015625 0.3951372
0 0.07203237343749999 0.33729520156250004 0.09601190312499999 0.3379867703125 0.13160780625 0.33136731406250003 0.1350163484375 0.32684754374999997 0.12562631562499998 0.325494109375 0.113924009375 0.31637720156250004 0.095752665625 0.31203011875 0.08963166875 0.31253023125 0.0771459046875 0.3188519703125 0.049461921874999995 0.32747578593750004 0.0463140546875 0.33462505781249996 0.048209246875 0.3381813296875 0.055356042187499996 0.34024820624999996 0.07203237343749999 0.33729520156250004
0 0.12533471093749998 0.260308278125 0.10220767500000001 0.252654978125 0.06909878593749999 0.2532394765625 0.035398078124999996 0.263415203125 0.047031348437499995 0.2640551953125 0.053673693749999994 0.2688140875 0.060768353124999994 0.2703550625 0.10163275624999998 0.270197225 0.10356318281250002 0.2663283828125 0.12039592031249999 0.264953078125 0.12533471093749998 0.260308278125
0 0.10774115625 0.1917646515625 0.0922822625 0.19143722968750002 0.0617815578125 0.1949895859375 0.05214775000000001 0.19895766875 0.050878175000000005 0.2017121953125 0.05303404375 0.20789796875 0.062528346875 0.21030320468750002 0.096854675 0.2064382765625 0.11005342968750001 0.199528125 0.1118274515625 0.19408158281250001 0.10774115625 0.1917646515625
0 0.1137959875 0.1361333265625 0.1101098703125 0.1300725796875 0.1007198359375 0.1287191453125 0.0769488453125 0.130131175 0.0619591671875 0.13453685625 0.039057571875 0.136938171875 0.037075009375 0.140281115625 0.040308809375 0.1495597765625 0.0529157453125 0.15224085468749998 0.092754346875 0.1495160328125 0.1232902875 0.13853855937499998 0.1137959875 0.1361333265625
0 0.1094871203125 0.07710747968750001 0.0942198671875 0.070932640625 0.051981621874999995 0.0727932046875 0.040104574999999996 0.077474728125 0.0352179203125 0.08264542968750001 0.035687134375 0.0873785296875 0.041720757812499995 0.093777634375 0.1128773265625 0.087963840625 0.12016362656249999 0.0836574015625 0.114842990625 0.0766698828125 0.1094871203125 0.07710747968750001
0 0.5013650390625 0.9723389015624999 0.49421824531249997 0.970272028125 0.47555935156249995 0.9765679765625 0.4723072109375 0.9826654484375 0.47335442343749995 0.9875820093750001 0.559668696875 0.9850705203125001 0.5646354984374999 0.9846647109375001 0.568625515625 0.9816879109375 0.535343321875 0.9727436921875 0.5013650390625 0.9723389015624999
0 0.72200670625 0.971806815625 0.7330229875 0.967195621875 0.7282237015625 0.9654671031250001 0.6935845640625 0.9661766281249999 0.653554321875 0.9747488671875001 0.6493517703125 0.9777430328125 0.72200670625 0.971806815625
0 0.8702101734375001 0.959697965625 0.8549736749999999 0.95246029375 0.8303332890625 0.9528830390625 0.8092747499999999 0.9583147296875 0.8012754624999999 0.9632095843749999 0.8017194249999999 0.9652939500000001 0.8702101734375001 0.959697965625
0 1 0.8600267359375 0.9633480671875001 0.8630213546875 0.9584445109375 0.8602410375 0.953853765625 0.8606161203125 0.95126248125 0.8655992765624999 0.9346904203124999 0.8696040843749999 0.92832565 0.8754257125 0.9295078562500001 0.8795704000000001 0.9378368515625001 0.8857819625 0.946774571875 0.8903533124999999 0.9521825749999999 0.8904416124999999 0.9612076640625 0.8881137453125 0.9705976984375001 0.8894671796875 0.9855352390625001 0.8845356015625001 1 0.8829816171875 1 0.8600267359375
0 1 0.774295003125 0.9914196359374999 0.772721259375 0.9733694609375 0.77737699375 0.9451119921875 0.7802159093750001 0.93354775625 0.788052834375 0.9376509531250001 0.79832078125 0.9449541515625001 0.8019653578125 0.9486924046875 0.8085520046875001 0.9667425796875 0.8038962703125 0.9731594843750001 0.7986005421875 1 0.7978679625 1 0.774295003125
0 1 0.7003289015624999 0.9884508140625 0.696090653125 0.9830428078125 0.69600235 0.9376214578125 0.7124373015625001 0.9392728781249999 0.721315090625 0.9497929796875001 0.7262873125 0.9591830109374999 0.7276407453125 1 0.7258427859375 1 0.7003289015624999
0 0.9221147375 0.64160253125 0.9224796812499999 0.645283834375 0.930147825 0.6526097125 0.9462675718750001 0.65182281875 0.9944535078125 0.6399334265625 0.9943844734375 0.631456509375 0.9665271859375 0.630551609375 0.9337311078124999 0.6342915078125 0.9221147375 0.64160253125
0 1 0.5541285078125 0.9880423453124999 0.55192055625 0.9796259765625001 0.552608209375 0.9261884390624999 0.565987 0.9229363015625 0.5720844703125 0.92488363125 0.5761666453125 0.929735053125 0.5784210625 0.948410846875 0.5800761296875 0.9559225859374999 0.5858243062499999 0.9729638625 0.5865526015625 0.9811195546875 0.5832354468750001 0.99263165625 0.574872621875 0.99864838125 0.5733207109375 1 0.5716067 1 0.5541285078125
0 1 0.4879346546875 0.99621924375 0.4865729734375 0.9813690703125 0.48460533593750005 0.932401109375 0.4886062265625 0.9164025328125 0.49839593437499996 0.9312696062500001 0.5083145890625 0.9483108828125 0.509042884375 0.95733596875 0.506715015625 0.9827414781250001 0.5062297578125 1 0.4958408375 1 0.4879346546875
0 0.9377950859374999 0.4340892140625 0.944472665625 0.4314229890625 0.9703304906250001 0.4277198140625 0.9805208828125 0.42158561875 0.98050398125 0.41363460312500006 0.9647844140625 0.41067767968749996 0.9474472281249999 0.41474500000000003 0.935153103125 0.4152193234375 0.9151203640625001 0.42321800156249995 0.9132420703124999 0.42761274374999997 0.9229970468750001 0.432647478125 0.9286135921875 0.43483938125000005 0.9377950859374999 0.4340892140625
0 0.972300459375 0.346444409375 0.965101528125 0.3438516328125 0.9519901453124999 0.34386256875 0.91140331875 0.3546009234375 0.89983908125 0.36243784843750004 0.899438903125 0.3661816625 0.9035773328125 0.36902449375 0.9190883624999999 0.369877815625 0.95906646875 0.360779678125 0.9706828390625001 0.35346865312500003 0.972300459375 0.346444409375
0 0.959731628125 0.289683915625 0.9449857265625001 0.28876807968749996 0.9098421406250001 0.2921696203125 0.8996517468749999 0.2983038171875 0.898538578125 0.3026360453125 0.9026770109375001 0.3054788765625 0.9128843015625 0.30729569687499997 0.95267076875 0.30404497343750003 0.9627568906249999 0.296858978125 0.9631049359375 0.2925892625 0.959731628125 0.289683915625
0 0.9562062234375001 0.2152194234375 0.9491115640625001 0.213678446875 0.9315137015625 0.2151162671875 0.8901617500000001 0.225917134375 0.88577954375 0.22839581875 0.8842140609375001 0.23594596406249999 0.89309964375 0.2399914109375 0.9168706328124999 0.23857938125000003 0.949962621875 0.23004386562499998 0.9591272140625 0.22134268437500002 0.9562062234375001 0.2152194234375
0 0.9391340156249999 0.1519347984375 0.8898701453125 0.160731303125 0.883505375 0.16655293124999998 0.88468758125 0.1706976171875 0.8903562609375 0.173415421875 0.9020416671874999 0.1745813140625 0.9408023343749999 0.168763603125 0.9510448625000001 0.1631553078125 0.9536882796875 0.1586980515625 0.9391340156249999 0.1519347984375
0 0.94824934375 0.096053415625 0.9315561109375 0.09105540625 0.8935084328125 0.09628470312500001 0.8892826328125001 0.10034108593749999 0.8891431265625 0.106714403125 0.9082881374999999 0.1131025703125 0.920790803125 0.11473185 0.9307895531250001 0.11444506875 0.9456228265625001 0.1084616890625 0.9519354625 0.1021141640625 0.94824934375 0.096053415625
0 0.9387410125000001 0.039042867187500004 0.9343940406250001 0.0340964359375 0.8935986734375 0.042731187500000004 0.8870253640625 0.046449215625 0.88596433125 0.05130734375 0.8885725125 0.054275203125000004 0.915873215625 0.057346217187500007 0.9373488328124999 0.0561217296875 0.9570687625 0.0449676515625 0.9520609375 0.0411355328125 0.9387410125000001 0.039042867187500004
0 0.82019998125 0.3138080796875 0.8197307671875 0.309074978125 0.8014199171874999 0.3111012125 0.7982551484375 0.3102994671875 0.793647503125 0.302723534375 0.7881352265625 0.3015834328125 0.7722930546875 0.312950840625 0.7509217078125 0.3152271296875 0.742105159375 0.3196585984375 0.745495365625 0.330514959375 0.7750914437499999 0.33339843281250003 0.803609584375 0.33318901875 0.82019998125 0.3138080796875
0 0.820012646875 0.24967404843750002 0.800415321875 0.24650379375 0.77165340625 0.2520347234375 0.75859415625 0.25257155937500003 0.7439172890625 0.260132640625 0.7460210218750001 0.26579251406250004 0.75561959375 0.26924954843750004 0.7997361328125 0.262994240625 0.8083441421875 0.256459171875 0.81583898125 0.254256334375 0.820012646875 0.24967404843750002
0 0.7903673062500001 0.1996103765625 0.8093390093749999 0.196469828125 0.813616946875 0.19293934375 0.8152867015625 0.186441 0.7976198046875 0.1794019046875 0.793012159375 0.1718259703125 0.7865431187499999 0.1765957984375 0.749121059375 0.1881358953125 0.7445993484375 0.1969878953125 0.748076925 0.20094504062500002 0.7661961359375 0.2047662234375 0.7747167734375 0.20513037031249998 0.7903673062500001 0.1996103765625
0 0.7743744687499999 0.1160914875 0.7498031187499999 0.12499115000000001 0.7463945765625 0.129510921875 0.75135026875 0.13281713906249998 0.75910578125 0.1332438 0.79828353125 0.1316332921875 0.8139340625000001 0.12611329843750002 0.8178991890624999 0.1194274125 0.8017625421875 0.1122632875 0.7743744687499999 0.1160914875
0 0.7998011843749999 0.053575801562500004 0.7934195125 0.051446409375 0.7711787718750001 0.0527334140625 0.7470076015625 0.057889259375 0.744364184375 0.06234651875 0.7464157828125 0.067480490625 0.7698908624999999 0.0708640734375 0.783767371875 0.070790625 0.793557584375 0.0684002453125 0.8010355234375 0.058246387499999996 0.7998011843749999 0.053575801562500004
0 0.7207377953125 0 0.7191884187500001 0.00290494375 0.7214485578125001 0.0101425203125 0.7286996218749999 0.013261195312499998 0.737985384375 0.0135628296875 0.7767460515625 0.007745120312500001 0.784484665625 0.0002207640625 0.78422834375 0 0.7207377953125 0
0 0.6565252218750001 0.45229871718750003 0.605714203125 0.4532692328125 0.6014362656250001 0.45679971875 0.5997665125 0.4632980625 0.61033875 0.46879618437500004 0.651307421875 0.4696901484375 0.674609196875 0.4635450171875 0.6803131125 0.45883770312500005 0.67617468125 0.45599487187500004 0.6565252218750001 0.45229871718750003
0 0.604691275 0.40404795 0.6513117265624999 0.39970870000000003 0.664841625 0.3805778171875 0.64468771875 0.379573678125 0.61980355625 0.3853179390625 0.6029355859375001 0.394118359375 0.601474371875 0.4027203046875 0.604691275 0.40404795
0 0.6221708359375 0.3469530140625 0.6315608671875 0.348306446875 0.6598704703125 0.3459934328125 0.6670003640625 0.34010929375 0.66790499375 0.3336734640625 0.658306421875 0.330216428125 0.66023685 0.3263475859375 0.6570720828125001 0.32554584062499997 0.6229021593749999 0.33098846718749997 0.618102875 0.3292599515625 0.609738640625 0.3304735046875 0.6046955781250001 0.3340665015625 0.6037388140625 0.33997643125 0.6071642578125 0.343407678125 0.6221708359375 0.3469530140625
0 0.673125665625 0.269627734375 0.6757690828125 0.265170478125 0.6708655265625 0.262390159375 0.6291838640625 0.262084609375 0.5954662578125001 0.264309321875 0.5896059359375 0.26743893281250003 0.588284228125 0.2696675625 0.5926312 0.27461399375 0.6101416921875 0.28007539062500003 0.64145965625 0.276986421875 0.667874065625 0.27111713125 0.673125665625 0.269627734375
0 0.6553235703125 0.1989805078125 0.63200489375 0.1971746234375 0.6036952921875 0.1994876375 0.5896271421875 0.205408503125 0.5881659296875 0.214010446875 0.591434965625 0.21586399374999998 0.6186314 0.21788320625000002 0.63781164375 0.21684625937500002 0.6515148468749999 0.2072440921875 0.6627310390625001 0.20367688281250002 0.6553235703125 0.1989805078125
0 0.6596565109375 0.14932162499999999 0.6421981546875 0.144386128125 0.6039419359375 0.14751182499999999 0.5987946046875 0.150053021875 0.5985508296875001 0.15537453750000002 0.6019241375 0.1582798828125 0.6239211046875 0.1623143953125 0.6569257234375 0.160678096875 0.6627860437499999 0.15754848593749998 0.6623689640625 0.15334128593750002 0.6596565109375 0.14932162499999999
0 0.58746155 0.0746359671875 0.5897216875 0.08187354062499999 0.5968163484375 0.08341451718750001 0.6572611734375 0.07847591875 0.6670866203125 0.068660421875 0.6480458812500001 0.063324053125 0.6013732921875 0.0671374015625 0.5916873515625001 0.070579584375 0.58746155 0.0746359671875
0 0.6238606812499999 0.013874584374999999 0.6100194078125 0.0065229187499999996 0.585483290625 0.0079974640625 0.563555359375 0.0124398671875 0.5595380984375 0.0185998515625 0.5621984171875 0.022093612500000002 0.5678670968749999 0.024811415625 0.5809784812500001 0.024800478125 0.5850126421875 0.0265915109375 0.61786085625 0.0233775125 0.6243820312499999 0.0191335859375 0.6238606812499999 0.013874584374999999
0 0.5016461265625 0.36051151406250004 0.4871439984375 0.3542741609375 0.46495539218750004 0.3560870640625 0.448226925 0.358514171875 0.44460984375 0.360930340625 0.44273154843749996 0.365325084375 0.450191153125 0.37054736093749996 0.4572858125 0.3720883359375 0.4833000421875 0.3699628640625 0.5027240609375 0.3636044 0.5016461265625 0.36051151406250004
0 0.4455173421875 0.30784021250000004 0.4546467015625 0.306564146875 0.48975505156250004 0.31058772343749996 0.49163334687500004 0.3061929796875 0.4866255203125 0.30236086093750003 0.5062580796875 0.29810599843749996 0.5096144859375 0.293060328125 0.5156312125 0.2915084171875 0.5106233859375 0.2876762984375 0.49337357031250006 0.28484440312500003 0.447518240625 0.2891211375 0.4378844359375 0.29308921875 0.4345280265625 0.298134890625 0.4391356734375 0.305710825 0.4455173421875 0.30784021250000004
0 0.502123953125 0.2252817203125 0.505619865625 0.213862734375 0.51005420625 0.2119099484375 0.47638873437499996 0.2146605609375 0.4537999453125 0.2202172796875 0.44757468281249996 0.21966559062500002 0.44115777500000003 0.22496131875 0.43284567812499997 0.2267007703125 0.425611515625 0.2315331109375 0.42465475 0.23744304062500002 0.43195795 0.2410876171875 0.4802129203125 0.237675140625 0.502123953125 0.2252817203125
0 0.48861669531249996 0.159055025 0.4617683046875 0.15276609531250002 0.42771955312500004 0.1672115375 0.4244152828125 0.17278310937500002 0.426623284375 0.1794947828125 0.47247861249999995 0.17521805 0.48861669531249996 0.159055025
0 0.47730053906250003 0.0915889875 0.46698897656250005 0.08872036562499999 0.4335841796875 0.0941004796875 0.4146293734375 0.1051920453125 0.41775890625 0.1134189046875 0.46830925 0.10981888749999999 0.485437896875 0.103647965625 0.48776850625 0.0960353078125 0.48154324062500004 0.09548361875 0.47730053906250003 0.0915889875
0 0.4826423796875 0.036546075 0.47998206093749995 0.033052315625 0.464210359375 0.02956949375 0.4299883015625 0.03448621875 0.413781184375 0.042172328125000005 0.41435467031249995 0.047957228125 0.4231881171875 0.05147677656250001 0.435795053125 0.054157856250000004 0.4526277875 0.05278255 0.47857298437500007 0.042180159375 0.4826423796875 0.036546075
0 0.3379332625 0.553081565625 0.3436540796875 0.55632526875 0.3633387734375 0.5525963078125 0.370625071875 0.5482898671875 0.37970229375 0.5464879 0.383162971875 0.5424940281249999 0.3775985609375 0.5408280249999999 0.3764163578125 0.5366833375 0.38304180312499997 0.5334912125 0.34555070625 0.53655439375 0.3238313140625 0.5431003984375 0.32031850156249997 0.5465683671875 0.32476974375 0.5525666015625 0.3379332625 0.553081565625
0 0.33092884375 0.49798707656249996 0.34047528125 0.500918209375 0.3701065921875 0.49637656718749995 0.388087734375 0.483243915625 0.3869576625 0.479625128125 0.3804195890625 0.47591803749999995 0.3665430796875 0.4759914890625 0.3544927296875 0.4711442953125 0.3360945109375 0.4800697453125 0.3262521625 0.4819342265625 0.3148443328125 0.49134885156249997 0.313174578125 0.4978471953125 0.32037350781249996 0.500439971875 0.33092884375 0.49798707656249996
0 0.377657871875 0.42471817968750003 0.38035342499999997 0.42078682343749996 0.3722851 0.41720476093750003 0.37258101093749996 0.41240914531249995 0.35543546406250004 0.4106290515625 0.3378023671875 0.4194919875 0.3122573546875 0.42635056093749996 0.3095618015625 0.4302819171875 0.3124306578125 0.435879278125 0.334775671875 0.435644075 0.362876734375 0.4312274609375 0.377657871875 0.42471817968750003
0 0.32041591875000003 0.376379109375 0.3432653796875 0.37345189218749997 0.3672801453125 0.36671834531249997 0.3745143109375 0.3618860046875 0.36512427812500003 0.360532571875 0.36093371093750004 0.357163840625 0.348274640625 0.3539568609375 0.321808096875 0.35930024843749997 0.2957064984375 0.3683249375 0.2954627234375 0.373646453125 0.29991396406250004 0.3796446859375 0.31373833906250004 0.3790453359375 0.32041591875000003 0.376379109375
0 0.3158478125 0.2913966140625 0.29565867031250004 0.297817590625 0.294858309375 0.3053052203125 0.29991826875 0.3096632390625 0.32170669687500003 0.31159415 0.3307839203125 0.3097921828125 0.3485903203125 0.3104579640625 0.36719708125 0.3036361140625 0.3628853453125 0.2912645671875 0.3158478125 0.2913966140625
0 0.35981081718749997 0.23690930625 0.35775921875 0.23177533437500003 0.3649933828125 0.22694299375 0.323833071875 0.2318964453125 0.307208875 0.23537534999999998 0.296862078125 0.23993184687500002 0.2959574484375 0.24636767656249997 0.300965275 0.25019979375 0.3280574375 0.2511672078125 0.34029942812499997 0.25016698593750003 0.3541069015625 0.2416166203125 0.35981081718749997 0.23690930625
0 0.3596587171875 0.1653501609375 0.3376096171875 0.1607897484375 0.297579371875 0.16936198593750001 0.28815410468749997 0.17543366875 0.288675453125 0.18069266875 0.29297029218750004 0.185113203125 0.29996068125 0.1856023765625 0.3260270453125 0.18400280468750002 0.339486475 0.1797221546875 0.3587540890625 0.171785990625 0.3596587171875 0.1653501609375
0 0.31038081875 0.11954135156250001 0.3256833046875 0.11829107187500001 0.352045578125 0.111895884375 0.35616711093750003 0.1067876984375 0.34382085 0.10673612343750001 0.330953240625 0.1014255421875 0.285045778125 0.105176378125 0.2756205109375 0.1112480578125 0.2731334984375 0.1172830171875 0.2736027125 0.12201611718750001 0.27993224687499996 0.1236196078125 0.29998188593749997 0.1235719484375 0.31038081875 0.11954135156250001
0 0.2787022125 0.0489675734375 0.2707550609375 0.054388328124999996 0.2688767671875 0.0587830703125 0.27082409531249996 0.06286524375 0.2747539875 0.0636044765625 0.315149175 0.058713535937500005 0.32845219999999997 0.05285518593750001 0.332365190625 0.0456434 0.3242968671875 0.042061337500000004 0.2787022125 0.0489675734375
0 0.2828666265625 0.760101790625 0.2561746421875 0.7553905624999999 0.2435324734375 0.7601346015625 0.22440436406250003 0.7616974484375 0.20334582499999998 0.7671291390625 0.20444065937499997 0.7781730421875 0.221690475 0.7810049359375 0.25785986250000004 0.7801703828125001 0.2685025671875 0.7708182734375 0.26945933125 0.7649083421875 0.2828666265625 0.760101790625
0 0.20950492656250003 0.7125496124999999 0.2561775140625 0.7087362640625 0.26835046875 0.699259125 0.2522138203125 0.692095 0.21456632187500002 0.6935804812499999 0.19907219375000001 0.700678175 0.20046293906249998 0.7069264625 0.20950492656250003 0.7125496124999999
0 0.26896349218750004 0.6276374625 0.2520095875 0.6200099531250001 0.2371072796875 0.617516415625 0.22180479218750002 0.61876669375 0.19116458125 0.6286923671875 0.190972940625 0.6345397828125 0.19592863124999998 0.6378459999999999 0.20297115468750002 0.638861075 0.24041011562499998 0.6352719921875 0.2492266625 0.630840525 0.26896349218750004 0.6276374625
0 0.26241139062499996 0.569325059375 0.264237546875 0.564404415625 0.2575952015625 0.5596455265625 0.2426928953125 0.5571519890625 0.2400847125 0.5541841296875 0.23620695625 0.5539707984375 0.22820766718750002 0.558865653125 0.2049580265625 0.5655366859375001 0.196906603125 0.5699056390624999 0.1877941453125 0.5791327234375 0.196523321875 0.5816004703125001 0.2476823859375 0.5763602390625 0.26241139062499996 0.569325059375
0 0.257599509375 0.48966407656250005 0.23090752499999997 0.48495285 0.1858863546875 0.4976439859375 0.18084329375 0.5012369859375 0.180599521875 0.5065584999999999 0.1847900859375 0.5099272328125 0.217081715625 0.5088793484374999 0.2362619609375 0.5078424015625 0.25062601875 0.4971259203125 0.261790075 0.4930328109375 0.257599509375 0.48966407656250005
0 0.20152285781249998 0.4375186796875 0.187350440625 0.44238774375 0.18037695 0.449849584375 0.18380239375000001 0.45328083125 0.19232303125 0.4536449796875 0.22063263437499997 0.451331965625 0.2388744484375 0.44082881250000006 0.24146573125 0.43584565625 0.2350840609375 0.4337162671875 0.20152285781249998 0.4375186796875
0 0.22936611562500003 0.38381826406249997 0.244303659375 0.3788866859375 0.24673853750000002 0.37232582812500004 0.22402858124999997 0.368879728125 0.1824159546875 0.37705109531250003 0.17293855 0.3825968796875 0.171825384375 0.3869291078125 0.17765046874999998 0.3912246109375 0.1862232421875 0.392114659375 0.19938676093750002 0.3926296234375 0.2221840859375 0.38917650625 0.22936611562500003 0.38381826406249997
0 0.211807796875 0.30784952187500003 0.2003309296875 0.3087872296875 0.177533603125 0.3122403484375 0.1678476609375 0.31568253125 0.1636739953125 0.3202648140625 0.1648040640625 0.323883603125 0.1751156265625 0.32675222187499997 0.20965049218749998 0.32499089531249997 0.2355083171875 0.321287721875 0.2398383875 0.31828313750000004 0.211807796875 0.30784952187500003
0 0.188058009375 0.247231121875 0.1704249140625 0.25609405625 0.170894128125 0.260827159375 0.1750325609375 0.2636699890625 0.18584857187499998 0.263846596875 0.21492329843750002 0.26147106875000004 0.232452125 0.25155633125 0.23126992031250002 0.24741164375000002 0.214628825 0.242939534375 0.188058009375 0.247231121875
0 0.225709815625 0.17576419375000002 0.2027039484375 0.17711370937499998 0.18225412968750002 0.1809051875 0.1703770859375 0.1855867109375 0.16855092656249998 0.190507353125 0.1720285046875 0.1944644984375 0.194686325 0.197384696875 0.22243934375 0.197237796875 0.23960322500000003 0.1836417609375 0.23918614531250001 0.179434559375 0.225709815625 0.17576419375000002
0 0.214948809375 0.1294591890625 0.224982796875 0.12174729375 0.2140977515625 0.11309377031250001 0.1963956203125 0.113479790625 0.1689201765625 0.12420720781250001 0.160624978125 0.1338976765625 0.1626765765625 0.13903165 0.1659456140625 0.140885196875 0.1766573546875 0.14001 0.20225450625 0.133677328125 0.214948809375 0.1294591890625
0 0.2122406625 0.0554580828125 0.184591915625 0.056656784375000005 0.1657766140625 0.061375032812499994 0.161759353125 0.06753501875 0.16600205625 0.07142965 0.17248799374999998 0.0746108390625 0.1825388796875 0.074849959375 0.2138568453125 0.0717609875 0.225786028125 0.067605365625 0.22985542187500002 0.061971279687500005 0.2122406625 0.0554580828125
0 0.603221771875 0.2647359828125 0.5942488171875 0.2675897515625 0.5966653609375 0.2764050265625 0.6175322578125 0.276820753125 0.62640094375 0.2729151828125 0.62537514375 0.2703481953125 0.6207322625 0.2701973796875 0.6124032640625 0.26398581718749997 0.603221771875 0.2647359828125
0 0.3545883890625 0.6121589890625 0.38282895781250004 0.6013690578124999 0.371247821875 0.6012549671875 0.350520428125 0.594465925 0.3199154515625 0.5969664828125001 0.30854285625 0.598955990625 0.29819605937500004 0.6035124875 0.2955526421875 0.60796974375 0.2982650953125 0.611989403125 0.31031544375000003 0.616836596875 0.3424506703125 0.6142110125 0.3545883890625 0.6121589890625
0 0.47037854062499995 0.6753303374999999 0.4992094921875 0.6782763234375 0.5261283515625 0.6697150203125 0.5136778203125 0.66861164375 0.5022361906249999 0.6621242359374999 0.49620256406249996 0.65572513125 0.49481182031250004 0.6494768421875 0.49098620000000004 0.6497894109375 0.47615292656249997 0.6557727921875001 0.45319919531249997 0.6576482078125 0.44153069062499994 0.6644333328124999 0.441651859375 0.67343615 0.462883703125 0.6775331765625 0.47037854062499995 0.6753303374999999
0 0.44850705 0.61031719375 0.4593061609375 0.602542784375 0.4755823125 0.6033335937500001 0.4970410296875 0.5941580875 0.49907572812499995 0.59134104375 0.4964154109375 0.587847284375 0.47354905 0.5828234859375 0.4462652453125 0.5877034875 0.4279712953125 0.5976807359375 0.436004384375 0.6086879171875 0.4391691515625 0.609489659375 0.44523801093750004 0.60846365 0.44850705 0.61031719375
0 0.6472955781249999 0.670418340625 0.6663715515625 0.66832959375 0.677291834375 0.669558 0.692577421875 0.6603567046875 0.6883347203125 0.6564620718749999 0.6779710234375 0.653067553125 0.6783190703125 0.6487978390625 0.686266221875 0.6433770828125 0.679380103125 0.6439397078125 0.6714850859375 0.6498863625 0.6250210375 0.6558033125 0.6214039546875 0.65821948125 0.62187316875 0.6629525843749999 0.6277503875 0.6677739875 0.6472955781249999 0.670418340625
0 0.5663883390625 0.601215953125 0.5745961671875001 0.5984246984375 0.5815865578125 0.598913875 0.5912372640625 0.6028968078125 0.60567035625 0.6006572453125 0.6251634125 0.602775696875 0.6374054 0.601775475 0.671627459375 0.5968587484375 0.679783153125 0.59354159375 0.66823725 0.5860023859375 0.6439970453125 0.582681315625 0.6302769421875001 0.58433246875 0.6270600390625 0.5830048234375 0.6118096890625 0.584781 0.6063143125 0.5915919140625 0.5762137843749999 0.5914004546875 0.5645974140625001 0.5987114796874999 0.5663883390625 0.601215953125
0 0.8059369999999999 0.6601074640625 0.833742153125 0.6604864640625 0.86126973125 0.650284946875 0.8549923312500001 0.64920735625 0.8490108421875 0.6433341515625 0.8261966140625001 0.6388362546875 0.7973304265625 0.64331538125 0.7802370171875 0.6420611875 0.7743245609375 0.6446649 0.769490040625 0.6503614984375 0.7764973296875 0.658801690625 0.7874176109375 0.660030096875 0.792373303125 0.6633363140624999 0.8059369999999999 0.6601074640625
0 0.8424587359375 0.5850217484375 0.8364251125 0.5786226421875 0.8457982453125 0.572025059375 0.8455897046875 0.5699214593749999 0.8324783203124999 0.569932396875 0.8190019906250001 0.56626203125 0.7981350921875 0.56584630625 0.7793719265625 0.5710904546875 0.7670947015625 0.57951579375 0.7658772640625 0.582796221875 0.779526896875 0.5959953046875001 0.8535354234374999 0.5878278546875 0.8424587359375 0.5850217484375
0 0.8126936609375001 0.5026281109374999 0.78770523125 0.5073205703125 0.7702990093750001 0.5029109765625 0.7646472296875 0.5081441875 0.7489445640625 0.51313828125 0.747379078125 0.520688425 0.7515696453125 0.5240571562499999 0.777548640625 0.5293568 0.793059665625 0.5302101234375 0.813770159375 0.529048146875 0.8407242531250001 0.5130617281250001 0.8126936609375001 0.5026281109374999
0 0.7840036484375 0.46998165937499997 0.798836921875 0.46399827812499994 0.81332215 0.46228461562499995 0.8245735765625 0.451292290625 0.8230785640624999 0.4439922 0.8272000953124999 0.43888401562499996 0.8026118453125 0.4398326609375 0.7811531265625 0.449008165625 0.764476796875 0.45196117343750003 0.7595380046875 0.456605971875 0.758581240625 0.4625159015625 0.7620588171875 0.466473046875 0.7715531203125 0.46887827968750007 0.7840036484375 0.46998165937499997
0 0.7904557890625 0.45726081562500004 0.789986575 0.4525277140625 0.7843178953125001 0.4498099125 0.7763186046875 0.454704765625 0.783221625 0.46209315625 0.787916640625 0.46276987500000005 0.7904557890625 0.45726081562500004
0 0.75762878125 0.3984443828125 0.7675232640625 0.3971058015625 0.7770697 0.4000369359375 0.77844354375 0.398334209375 0.80833553125 0.39642206562500004 0.8256727171874999 0.3923547453125 0.82836826875 0.3884233890625 0.8269080109375 0.3814739 0.8308905171875001 0.3749633140625 0.7961471109375 0.374621040625 0.7567255875 0.3815530640625 0.7523433796875 0.3840317484375 0.749143378125 0.3906551203125 0.7511949765625 0.39578909375000004 0.75762878125 0.3984443828125
0 0.44235942812499995 0.47827952968750004 0.45522704062499997 0.48359010781249995 0.465017253125 0.481199725 0.48221493281249994 0.483505721875 0.4991350375 0.4752311984375 0.51581136875 0.47227819374999996 0.5201414421874999 0.4692736078125 0.5198807671875 0.46664410624999997 0.5080741921875 0.45647539843749996 0.487503203125 0.45126405937499997 0.4829645921875 0.4521650421875 0.4755218859375 0.45489378281250004 0.46936565625000004 0.46281900781249996 0.44759413124999997 0.4688391140625 0.44122936093750004 0.47466074062499997 0.44235942812499995 0.47827952968750004
0 0.51572830625 0.4091959625 0.507972790625 0.40876930156249996 0.5029128328125 0.40441128125 0.5072950359374999 0.40193259843750007 0.504791125 0.4000165390625 0.48529807187499996 0.3978980859375 0.46933472812500004 0.40026267656250003 0.45434505156249994 0.4046683578125 0.43375572812499996 0.41483315000000004 0.43361622187500004 0.4212064671875 0.4394413078125 0.4255019703125 0.45097030781249997 0.4250901609375 0.51572830625 0.4091959625
0 0.505234828125 0.5367615203125 0.47807363125 0.5273171875 0.4586327109375 0.525724634375 0.43833929843749997 0.531093809375 0.4310529984375 0.53540025 0.42983555781250005 0.5386806796875 0.43418253125 0.5436271109375 0.45826633125000005 0.54537048125 0.468125578125 0.5514570171875001 0.47506383124999996 0.5514202921875 0.4909581390625 0.540578784375 0.505234828125 0.5367615203125
0 0.64120009375 0.538906575 0.6476747671875 0.5367870875 0.68133460625 0.5313861359375001 0.6786221546875 0.5273664765625 0.6668846140625 0.525674684375 0.6532518781250001 0.52042661875 0.6120225328125 0.516903153125 0.593155096875 0.521095503125 0.599345128125 0.5290723078124999 0.6254805265625001 0.5359496515625 0.635756853125 0.5462433890625 0.64120009375 0.538906575
0 0.2825775703125 0.9361384671874999 0.2904204546875 0.9296659125 0.3121398453125 0.9231199078125 0.311722765625 0.9189127062500001 0.30692348125 0.9171841875 0.2614683328125 0.917717109375 0.23790588124999998 0.9212327390624999 0.2251763421875 0.93287599375 0.22340231875 0.9383225359375 0.2261147703125 0.9423421953125001 0.23407882500000002 0.94487245625 0.2433645859375 0.945174090625 0.2825775703125 0.9361384671874999
0 0.23952636875 0.8675541984375 0.25209807031250003 0.8776603921874999 0.2554897125 0.8651896046875001 0.284112125 0.8660319921875 0.29501550625 0.8593093828124999 0.30852706875 0.8555546296875001 0.2949464703125 0.850832465625 0.29197334375 0.8441833046875 0.286252528125 0.8409396015624999 0.2607948828125 0.840898959375 0.22959808750000002 0.852990746875 0.22624168125000002 0.8580364171875001 0.22758029062500001 0.8637588046875001 0.23952636875 0.8675541984375
0 0.42301384531249997 0.9055784750000001 0.405207446875 0.90491269375 0.3933656359375 0.9021691000000001 0.3474229390625 0.91334505 0.3409538984375 0.9181148765625 0.34086652812499996 0.92501409375 0.34985638125 0.9301113421875 0.37771366875 0.9310162421875001 0.40437185312499996 0.9198254390624999 0.42113555468749997 0.9099732171875001 0.42301384531249997 0.9055784750000001
0 0.5075241390625 0.917759378125 0.5274695078125 0.9166599156249999 0.5467892578125 0.9092496515624999 0.5626483296875 0.905833259375 0.5564582984374999 0.8978564546875001 0.5442684437499999 0.8993825765624999 0.5261492343749999 0.8955613953125001 0.49406614375 0.89871288125 0.47052059531249996 0.910179528125 0.47135475312499997 0.9185939296875001 0.4772319734375 0.923415334375 0.48580474687499997 0.92430538125 0.5075241390625 0.917759378125
0 0.6380814 0.91981613125 0.6508278390625 0.91612389375 0.6684257 0.914686075 0.684806121875 0.9165286828125 0.69763993125 0.9059372296875001 0.7066128843749999 0.9030834625 0.7034833515625001 0.8948566015624999 0.6794516859375 0.8936391312499999 0.6700447546875 0.88433468125 0.65093354375 0.8938485453125 0.636448315625 0.8955622078125 0.6269709125 0.9011079921875 0.6136847875 0.9149173609375 0.6307782015625001 0.9161715546875 0.6380814 0.91981613125
0 0.7826223078125001 0.8761969359374999 0.7918376015625 0.8913488031250001 0.8090874171875001 0.8941806968750001 0.8342843859375 0.8915918390625001 0.8514820671875001 0.8938978359374999 0.8514391015625 0.8856838671875 0.8629772671874999 0.8775839921875 0.8640904375 0.8732517625 0.8598998718749999 0.8698830328125 0.8449975625 0.867389496875 0.8360077109375 0.862292246875 0.8268783515625 0.8635683125 0.8138881375 0.8725820671875001 0.8037329812499999 0.8712911468750001 0.8024465078125 0.866094659375 0.7992986390625 0.87324393125 0.7826223078125001 0.8761969359374999
0 0.814847771875 0.8200178390625 0.8342365562499999 0.8210844921874999 0.8373322890624999 0.81340931875 0.8506353140625 0.80755096875 0.8591911874999999 0.8004899984374999 0.8711725015624999 0.796860275 0.8669819359375 0.7934915453125 0.84748888125 0.7913730906249999 0.81284974375 0.792082615625 0.79377376875 0.7941713625 0.782053128125 0.8004305875 0.7841047265625 0.8055645625000001 0.78130490625 0.80844411875 0.78907731875 0.816821796875 0.814847771875 0.8200178390625
0 0.8318595546875001 0.7348626546875 0.8529349921874999 0.7373819796875 0.8631253843750001 0.7312477828125 0.8833145281249999 0.7248268062500001 0.8594223671875 0.71723601875 0.8470239718749999 0.7166585421875 0.8332348328125001 0.7098327765625 0.8219665062500001 0.7128740859375 0.8123679359375 0.7094170515625 0.7910134875 0.7196443578125 0.787709215625 0.725215928125 0.794612234375 0.73260431875 0.8221214781249999 0.7377789359375 0.8318595546875001 0.7348626546875
0 0.7049024765625 0.7224387140624999 0.6866437609375 0.724990846875 0.6532220625 0.7224199437500001 0.6418847015625 0.7169843375 0.6207387953125 0.7293152421875 0.626980959375 0.737817946875 0.6473434078125 0.7409256890625 0.6595332640625 0.7393995640625 0.6858603015625 0.74042949375 0.71563111875 0.7295145359374999 0.7049024765625 0.7224387140624999
0 0.6410602671875 0.8331566968749999 0.6457552828125 0.8338334125 0.651146390625 0.8259706984375 0.677473428125 0.8270006265625 0.6975583015625 0.8195278500000001 0.69321133125 0.8145814171874999 0.6757008390625 0.809120021875 0.676761875 0.8042618906250001 0.6742579609375 0.8023458328125 0.6623809140625 0.8070273562500001 0.6286111734375 0.80872616875 0.6183165093749999 0.813808565625 0.6163860828125001 0.8176774078125 0.6400344671875 0.8305897078125 0.6410602671875 0.8331566968749999
0 0.4506500015625 0.826447309375 0.4539359375 0.8362518703124999 0.46730799687499996 0.8388704375 0.48775781562500004 0.8350789609374999 0.49664339843749994 0.8391244078125 0.5051640359375 0.8394885546875 0.5304483765625 0.8300004796874999 0.52018895 0.827657759375 0.5220151078125 0.822737115625 0.5291971375 0.817378878125 0.5280149328125 0.8132341890625 0.5072523046875 0.8138702640625001 0.4983145875 0.8092989171875 0.49290658125000003 0.8092106125 0.48205533593750005 0.8164591234374999 0.45553665624999995 0.8212766109375 0.4506500015625 0.826447309375
0 0.40945445312500006 0.8388258765625001 0.410967803125 0.8307498343749999 0.3978042828125 0.8302348703125 0.39055321875 0.8271161921875001 0.364591125 0.829767565625 0.3440539359375 0.840458259375 0.3421235078125 0.8443271015624999 0.34494023125 0.8493985609375001 0.374744846875 0.8543856359375 0.39162971875 0.85353623125 0.3959950234375 0.843106528125 0.40945445312500006 0.8388258765625001
0 0.35160521562499997 0.768799871875 0.3691509421875 0.7668361531250001 0.3831317203125 0.7678145015625 0.3950961359375 0.7562337625 0.40610378750000004 0.7505629515625001 0.40573884375 0.7468816515625 0.40083528749999997 0.7441013328125 0.40403528906249997 0.7374779609375001 0.39643618125 0.7386290015625 0.393844896875 0.743612159375 0.3872715875 0.747330184375 0.3404425953125 0.7495658328125 0.3365465015625 0.7647286359375001 0.34145005781250004 0.7675089515625 0.35160521562499997 0.768799871875
0 0.4784946953125 0.749419746875 0.5040397078125001 0.742561171875 0.513412840625 0.735963590625 0.5277416640625 0.7326722250000001 0.52727245 0.727939121875 0.5230297484374999 0.724044490625 0.509866228125 0.723529528125 0.5001802875 0.7269717109375 0.480287053125 0.728597071875 0.4531075203125 0.7345288734375 0.445421040625 0.7425791265624999 0.4467075140625 0.7477756171875 0.4532455890625 0.75148270625 0.4784946953125 0.749419746875
0 0.3611559578125 0.7017495593749999 0.380475709375 0.6943392953124999 0.392857203125 0.6869657578125 0.4017611203125 0.6756350734375001 0.39777909375 0.6743699421875 0.36809564687499996 0.678385684375 0.3521844421875 0.681276178125 0.34413301875 0.6856451328125 0.33413426562500004 0.6859319125 0.327613090625 0.6901758375 0.325126078125 0.696210796875 0.3310032984375 0.7010322 0.33886308125000003 0.7025106625 0.3611559578125 0.7017495593749999