0 0.9223139921874999 0.9622478109375001 0.9079164609375001 0.9554993093749999 0.87758788125 0.9510866453125001 0.8535443390624999 0.95637880625 0.8532084015624999 0.960466578125 0.861636640625 0.9632440890625 0.8603130875 0.969773571875 0.8688673015624999 0.9710181703125 0.87075855 0.9671566890625 0.8795647171875001 0.9653354562500001 0.900961153125 0.9731022656249999 0.9173759109375 0.9744563718749999 0.92471075 0.9713869078125 0.925866334375 0.966901309375 0.9223139921874999 0.9622478109375001
0 0.937712921875 0.880204059375 0.9092335984375 0.8724408890625 0.8910115765625 0.8739263203125001 0.8844543937499999 0.8771089296874999 0.88857443125 0.8844304296875001 0.8992096593750001 0.889080290625 0.8994834109375001 0.8953250953125 0.9217196890625001 0.8928724750000001 0.9269953109375001 0.8957083750000001 0.9363691734374999 0.8965551484375001 0.9445236625 0.89308785625 0.9464569015625001 0.8887154015625001 0.937712921875 0.880204059375
0 0.8021770593750001 0.9494221953125 0.8110252203125 0.9470899906250001 0.8078088140625 0.9383487234375 0.801923503125 0.9333557906250001 0.783679684375 0.925530590625 0.7580590328125 0.921285828125 0.734919121875 0.92515821875 0.7339734984375 0.927088959375 0.738471465625 0.9298117171875001 0.7486229828125001 0.9307716312500001 0.759216221875 0.9359324656249999 0.7730880499999999 0.9395019937500001 0.7765984 0.9446664609375001 0.7722902 0.94921045 0.7777337921874999 0.9500024671875 0.7810963671875 0.94738921875 0.7890408953125 0.9464767859375 0.8021770593750001 0.9494221953125
0 0.8117710484374999 0.8596015796875 0.7964278921875 0.8547838171875 0.780748796875 0.8540538281250001 0.7637243515625001 0.8505426921874999 0.7438630359375 0.8528237781250001 0.742959403125 0.854243546875 0.751093696875 0.8605978578125001 0.7726161078125 0.8668317515625 0.7758745046875 0.8750620484375 0.7861100078125001 0.8750000218749999 0.81231855 0.8720911828125001 0.8160590546875 0.86487919375 0.8117710484374999 0.8596015796875
0 0.6715730296875 1 0.6709897875 0.9944531359375001 0.6574958890625 0.9862848671875 0.622543365625 0.9806823609374999 0.6119719265625 0.984832159375 0.61747930625 0.9944238375 0.615546065625 0.9987962890625001 0.6226740937499999 1 0.6715730296875 1
0 0.6962462890625 0.916946103125 0.6560181453125 0.9085076953125 0.6477796734375 0.9129969296875 0.629431675 0.9160152765625 0.638343625 0.9224827343750001 0.6680843140625 0.9340489968749999 0.697845196875 0.9357936562500001 0.7048223015625 0.92750133125 0.7052422234375 0.922391615625 0.6962462890625 0.916946103125
0 0.7050460421875 0.8385959328125001 0.6899968296875 0.8302013718750001 0.6775123437499999 0.8289020203125 0.66294684375 0.8241974046875 0.657777003125 0.829650190625 0.6451245484375 0.8303947265625 0.646217946875 0.8362417015625001 0.67820761875 0.8491693421875001 0.6886110921874999 0.8470634296874999 0.7009696 0.8498956968750001 0.7081784640625 0.84835914375 0.708598384375 0.84324943125 0.7050460421875 0.8385959328125001
0 0.9363191625 0.8014049468750001 0.896448753125 0.7981894015625 0.8889879374999999 0.8027917796875 0.873224859375 0.8030837312499999 0.88680274375 0.8102300609374999 0.9032175015625 0.8115841671874999 0.9160597218750001 0.8181063765625 0.930877175 0.8197451640625 0.9412386546875 0.8181502234375 0.9588727875 0.8238183906250001 0.9583252859375 0.8113287859374999 0.9501070078125 0.80599641875 0.9363191625 0.8014049468750001
0 0.82372703125 0.782955009375 0.810800825 0.777454740625 0.774251 0.7721369171875 0.7626079609375 0.7797503703124999 0.7452895703125 0.779816034375 0.7628397171875 0.7865061437499999 0.7655724125 0.7915574671875001 0.7717096765625 0.7934845734375 0.7897217359375001 0.7945539984375001 0.7945976328125 0.7926780124999999 0.8062624703125 0.7943751890625 0.8144387562500001 0.8002185296875 0.8237706265625 0.8015762703125 0.8350777296875 0.7980505906250001 0.8346780031250001 0.7933387015625 0.82372703125 0.782955009375
0 0.72141239375 0.7639320734374999 0.7137618109375 0.7612677062500001 0.6835592078125 0.7553221296875 0.660461290625 0.75868355 0.655417428125 0.762603421875 0.6491541875 0.7622092312500001 0.656720784375 0.765895540625 0.66928925625 0.7661729484375 0.6751325734375 0.7716768546874999 0.6908956515625 0.7713848999999999 0.706028846875 0.7787575171875 0.7146250546874999 0.77949114375 0.7202786062500001 0.7777283015625 0.7257004 0.7692096875 0.72141239375 0.7639320734374999
0 0.706097884375 0.7013104765625 0.6586608765624999 0.69440861875 0.6638525140625 0.6982664640625 0.66019599375 0.7044565125 0.6475435390625 0.705201046875 0.65036021875 0.7092304281249999 0.65494216875 0.710931240625 0.6692759125000001 0.7088800843749999 0.67860778125 0.710237825 0.69521230625 0.7188586781249999 0.6969355859374999 0.71704108125 0.7054898 0.7182856796875 0.7076128078125 0.721179971875 0.7116270625000001 0.7202127828125 0.7240897515625 0.712201503125 0.7182464328125 0.7066975984375 0.706097884375 0.7013104765625
0 0.8281144046875 0.7199923734375 0.800938440625 0.7155213218750001 0.7866046984375 0.7175724812500001 0.784061771875 0.7197879015625 0.784587475 0.7229668765625 0.80188566875 0.7327228156250001 0.8159254671875 0.73424845625 0.8273803453124999 0.7385004921875 0.8446987343749999 0.738434828125 0.8474516218750001 0.7336645500000001 0.8454126000000001 0.7297483140625001 0.8281144046875 0.7199923734375
0 0.9605056671875 0.7464938 0.9413582171874999 0.740088371875 0.924333771875 0.736577234375 0.9102099890625001 0.736073534375 0.8945107015625 0.7451651499999999 0.8951203890625001 0.74732218125 0.9068692125 0.747997415625 0.9136161609375 0.75208155 0.937555525 0.7576329375 0.943944740625 0.7564942140625 0.963302153125 0.7603447859375 0.971414646875 0.757388465625 0.968681953125 0.7523371421875 0.9605056671875 0.7464938
0 0.9238718578125 0.7421979203125 0.924313578125 0.7463988390625 0.9272562328125 0.7488953031250001 0.9320061515625 0.7485522328124999 0.93255205 0.741909603125 0.9279700984374999 0.7402087890625 0.9238718578125 0.7421979203125
0 0.9399760468749999 0.6726667281250001 0.9166043796875 0.6697833453125 0.8833969375 0.671673875 0.8926868140625001 0.673542590625 0.9101529765624999 0.6812546421875 0.9130116484374999 0.684773053125 0.9558667062499999 0.6899740953125 0.967005840625 0.6884922984374999 0.9606788109375 0.6792984484375 0.9399760468749999 0.6726667281250001
0 0.8543399328125 0.6689974656250001 0.832985490625 0.6607196859375 0.80274089375 0.6552850796875 0.7897726984375 0.650295784375 0.78865910625 0.654270409375 0.8021110124999999 0.6629496515625 0.8055373796874999 0.6691360625 0.819367215625 0.6732165640625001 0.8321674453125001 0.6802497453125 0.8407636515625001 0.6809833703125 0.8583339953125 0.6778518796874999 0.8579762609375001 0.6726290203125 0.8543399328125 0.6689974656250001
0 0.7419157671875001 0.6485036421875 0.7256689796875 0.64510565 0.681196425 0.6500108921875001 0.6731897109375 0.6612559 0.6900041953125 0.6673218953125 0.6975489953125 0.661697571875 0.740004325 0.6621867265625 0.7507017406250001 0.6565040125 0.74866271875 0.652587778125 0.7419157671875001 0.6485036421875
0 0.6349133984375 0.6194912031250001 0.602125875 0.6162720203125 0.58213858125 0.6200860203125 0.58119295625 0.622016759375 0.5817186609375 0.625195734375 0.5962841609375 0.62990035 0.5982811906250001 0.6343275562499999 0.596095996875 0.6417658390625001 0.6010138859375 0.6393788796875 0.602295446875 0.63336036875 0.613560559375 0.6303456578125 0.6408205078125 0.63379476875 0.6490169859375 0.62981650625 0.649352921875 0.6257287328125 0.6349133984375 0.6194912031250001
0 0.7299101828125 0.5934975328125 0.6974585953125 0.586190578125 0.6824311828125 0.5871066484374999 0.679888253125 0.58932206875 0.6934661390625 0.596468396875 0.7090192562500001 0.5987313000000001 0.7172795265625 0.6035526984375 0.7288183874999999 0.606782790625 0.7351236203125 0.6066660078125 0.742458459375 0.6035965437499999 0.7427104109375 0.6005307156249999 0.7299101828125 0.5934975328125
0 0.825981775 0.6023046765625 0.7963468671875 0.5990271015624999 0.795233275 0.603001728125 0.8054065921875001 0.613272275 0.8330662656250001 0.621433275 0.855660278125 0.6242035125000001 0.8587071125 0.6158564328125 0.8413249328125 0.6071224359375 0.825981775 0.6023046765625
0 0.9573216328124999 0.6224481546875 0.9318269578124999 0.616670478125 0.9129952484375 0.6159988796875 0.9126593109375 0.6200866515625 0.920499659375 0.6300177625 0.9438713265625 0.6329011453125 0.9599501500000001 0.6383430265625 0.96867233125 0.637543734375 0.97068955625 0.6321493406250001 0.96856655 0.629255046875 0.9573216328124999 0.6224481546875
0 0.9792809531250001 0.5754862625 0.9396624953125 0.5692048875 0.9134959468750001 0.571602753125 0.9178679375 0.5758584234375 0.9296167578125001 0.576533659375 0.94487593125 0.5823733625 0.9492059296875001 0.5871400046875 0.96746994375 0.5851436015625 0.9814257578125 0.5876911875 0.985523996875 0.585702053125 0.9869315343749999 0.5781506281250001 0.9792809531250001 0.5754862625
0 0.9796976656249999 0.5321120796875001 0.9612438859375001 0.5268417375000001 0.9307893296874999 0.5239619890625 0.9244001171875 0.525100715625 0.9294657765625001 0.5304914734375 0.9371583515624999 0.5326448671875 0.945250653125 0.5395101515625 0.970009665625 0.5446637109375 0.9849950859375 0.5442586125 0.9890933265624999 0.54226948125 0.9886516078125 0.5380685640625 0.9796976656249999 0.5321120796875001
0 0.9929969890624999 0.47561690156249997 0.9855983593750001 0.46988670624999995 0.9717265296875001 0.46631717968749997 0.9499101734375 0.4636600859375 0.9354924468749999 0.4667331859375 0.9394445156250001 0.476098571875 0.969605128125 0.48255512031250003 0.9900761328125001 0.48243106718749995 0.9942163640624999 0.4799309625 0.9929969890624999 0.47561690156249997
0 0.84820325625 0.550210115625 0.8168232703125 0.5394395046875 0.8058101125 0.5393883875000001 0.7976976171875 0.5423447078125 0.7996526562499999 0.5472828859375001 0.8111915171874999 0.550512978125 0.8190738578125 0.55993311875 0.8315163515625 0.561743440625 0.8381793171874999 0.56684951875 0.850705796875 0.5676379 0.8619709078125 0.5646231875 0.863904146875 0.5602507359375 0.84820325625 0.550210115625
0 0.736684171875 0.520645659375 0.6993146984374999 0.5157256625 0.68308970625 0.5216383 0.6812824421875 0.5244778390625 0.687167753125 0.529470771875 0.7140497703124999 0.5375186249999999 0.7183797703125 0.5422852687499999 0.7416036625 0.5373909343750001 0.753226509375 0.539599084375 0.7597417015625 0.5369274468749999 0.757092990625 0.5308541796874999 0.736684171875 0.520645659375
0 0.7372354 0.47563466249999997 0.7160707234375 0.4746236265625 0.706844634375 0.4815545734375 0.71138459375 0.48376636093750003 0.7247727140625 0.4836459421875 0.7487120765624999 0.4891973296875 0.7609026171875 0.49407348124999995 0.7664301921875001 0.49384355312499995 0.7701706984375 0.4866315640625 0.7672280421875 0.4841350953125 0.7372354 0.47563466249999997
0 0.8668519765625 0.49759573437500004 0.8301341828125001 0.4943217984375 0.819037040625 0.4952926234375 0.81308954375 0.5006322640625 0.823724775 0.5052821265625 0.85167839375 0.5098663234374999 0.8627335437499999 0.5094064703125001 0.8708460406249999 0.50645015 0.873598928125 0.501679871875 0.8668519765625 0.49759573437500004
0 0.8696218531250001 0.4447393875 0.8361826499999999 0.43987414375 0.8191800046875001 0.4456736375 0.8459780374999999 0.454743434375 0.8731959937499999 0.458703515625 0.882947784375 0.4549515421875 0.8856166890624999 0.45120320625000004 0.8696218531250001 0.4447393875
0 0.7821666625 0.42684426562500005 0.739353596875 0.42113225 0.7322287171874999 0.421646859375 0.72882415 0.42477107968750005 0.72987555625 0.43112902656249996 0.784311465625 0.4390491890625 0.7891873625 0.43717320156249995 0.7887456421875 0.4329722859375 0.7821666625 0.42684426562500005
0 0.7769282203125 0.3661006875 0.7584744390625 0.360830346875 0.7452122984375 0.35941785 0.7275159796875 0.36408225625 0.7603672921875 0.37610109999999997 0.7905698937500001 0.3820466765625 0.7933647734375 0.376765425 0.789770440625 0.3726229 0.7769282203125 0.3661006875
0 0.854609821875 0.37843715 0.8342647937500001 0.377028290625 0.8256903843750001 0.3856052953125 0.8278133921874999 0.3884995890625 0.8632496234374999 0.3977920390625 0.8756501265625 0.40011333281250006 0.88048403125 0.39874831875 0.887251175 0.39301084999999997 0.884560471875 0.3874485546875 0.854609821875 0.37843715
0 1 0.4143800609375 0.983638509375 0.407551825 0.9690310171875 0.40335818124999995 0.9580178593750001 0.4033070625 0.9397118515624999 0.40581443906250003 0.9347099812499999 0.4092233375 0.9489815359374999 0.41750475312499996 0.9631473109375 0.41749748125 0.9860570640624999 0.42600155156249997 0.9897353828125001 0.42912213593750004 0.9936656562499999 0.42917688906249996 1 0.4275261203125 1 0.4143800609375
0 1 0.3437459609375 0.9695721031250001 0.3393188484375 0.9476515671874999 0.3475053 0.9890990890625 0.36025776875000004 1 0.36064653125 1 0.3437459609375
0 0.887182575 0.3268144875 0.87883831875 0.3230150328125 0.84781606875 0.3174672828125 0.83352431875 0.3190074703125 0.833104396875 0.32411718437500003 0.8444752890625 0.3293911609375 0.8838417953125 0.3387383671875 0.8886337078125001 0.337884325 0.891512571875 0.33158113125 0.887182575 0.3268144875
0 0.790084653125 0.31134423125 0.778713759375 0.306070253125 0.7594823234375 0.30068676562499996 0.7437192453125 0.30097871875000004 0.7356067515625 0.3039350390625 0.7365321812500001 0.3118259 0.7666508000000001 0.3187934203125 0.7877314921874999 0.3208263984375 0.7924814125 0.3204833265625 0.7936789875 0.3154867578125 0.790084653125 0.31134423125
0 0.7851788671875 0.2561286796875 0.768406375 0.2495517140625 0.7430376765625 0.2422411234375 0.7222307359375 0.24645294843749999 0.7494284953125 0.2602346328125 0.78188008125 0.26754158906250003 0.7883952734374999 0.2648699484375 0.78881519375 0.25976023593750003 0.7851788671875 0.2561286796875
0 0.8502702015624999 0.25887709999999997 0.8301149390625 0.2647349859375 0.8273200578125 0.27001623750000003 0.8331633765625 0.2755201421875 0.8683476578124999 0.2878784203125 0.8761242156250001 0.289009871875 0.881777765625 0.28724703125 0.8903101843749999 0.279180996875 0.8815662015625 0.2706696546875 0.8502702015624999 0.25887709999999997
0 1 0.2969478859375 0.9975427078125 0.29581697500000004 0.962338234375 0.2932802984375 0.9485301953124999 0.29851043125 0.9535538640624999 0.30441216249999997 0.9963669296875001 0.3101241765625 1 0.309248828125 1 0.2969478859375
0 1 0.231753125 0.9858092703124999 0.22792343437499998 0.9485455796875 0.2312921265625 0.9541789359375 0.23935088750000003 0.9603581906249999 0.2407670203125 0.9647721734375001 0.24451171875000002 0.9639743234375 0.25422017812500003 0.96945990625 0.25450122343750003 0.9747137312499999 0.24802649375 0.9880598578124999 0.248417046875 0.9996827046875 0.2506251953125 1 0.2508056546875 1 0.231753125
0 1 0.1803722 0.9729000531249999 0.1743370953125 0.9507897515625 0.1752568015625 0.9559813890625 0.17911464531250001 0.9584201390624999 0.1877427703125 0.9614047859375001 0.189728265625 0.9893584046875 0.1943124625 1 0.19856904375 1 0.1803722
0 0.8757600671875 0.20725807343749997 0.8360156312499999 0.2025096140625 0.8286807921875001 0.20557907812499998 0.8328428234375 0.21238960625 0.8509606671875 0.2217477203125 0.8764973328125001 0.22701442656249998 0.88702678125 0.22337559687500003 0.889127990625 0.2169592609375 0.8757600671875 0.20725807343749997
0 0.8872319296875 0.1634240390625 0.846877809375 0.1565185453125 0.830736803125 0.1614092421875 0.8265125875000001 0.1649312890625 0.8278999312499999 0.167201465625 0.8408681265625001 0.17219076093750002 0.881096271875 0.1806291671875 0.8866658390625 0.17988826875 0.8946305609375 0.1691542328125 0.89181388125 0.165124853125 0.8872319296875 0.1634240390625
0 0.779414721875 0.1922061296875 0.76520695625 0.19272437343749999 0.7426549375 0.1894431640625 0.7319995125000001 0.1946149046875 0.7264719375 0.19484483125000002 0.7779449984375 0.21009012968750002 0.788306478125 0.20849518906250003 0.792488703125 0.20548411562500002 0.7913953031250001 0.1996371375 0.779414721875 0.1922061296875
0 0.783275146875 0.13950844843750002 0.7437406734375 0.1322051296875 0.7389907546875001 0.1325482015625 0.7347665390625 0.1360702453125 0.7613546109375 0.1476949015625 0.7893922156250001 0.1512571546875 0.79590740625 0.1485855171875 0.7953397109375 0.145917515625 0.783275146875 0.13950844843750002
0 0.5628621671875 0.9791330281249999 0.5631561125 0.9755562296875 0.5557154921875 0.9703370046875 0.5457319421875 0.9673332046875001 0.513070396875 0.9625811046875 0.49964028593750004 0.9632124937500001 0.47305381406249997 0.9707200734375 0.48789306562499996 0.9816694937499999 0.5070607140625001 0.978253321875 0.5316517562499999 0.98545076875 0.539638275 0.9840273625 0.5528164328125 0.9864618015625 0.5628621671875 0.9791330281249999
0 0.584410015625 0.8892986781250001 0.5416809359375 0.8825647218749999 0.507905796875 0.8817872515625 0.509083178125 0.8866122843750001 0.5128874734375 0.8881999546875001 0.54758804375 0.8968682859375001 0.5596526078124999 0.9032773515624999 0.5831922453125 0.9041168515625 0.5951090359375 0.9027481984374999 0.590379309375 0.89326966875 0.584410015625 0.8892986781250001
0 0.6019537484375 0.8194598515625 0.5920121921875 0.8159450796875 0.55922466875 0.8127258953125001 0.5367784296875 0.8177333718750001 0.53738811875 0.8198904062500001 0.5544125625 0.8234015421875001 0.5608655687499999 0.8310624765625001 0.575759740625 0.828575778125 0.6006519921875 0.8352999671875001 0.608890465625 0.8308107328125001 0.60853273125 0.8255878750000001 0.6019537484375 0.8194598515625
0 0.602724990625 0.7430440609375 0.5676045000000001 0.739485440625 0.5348387734375 0.745576890625 0.5390427953125 0.751876446875 0.546735371875 0.754029840625 0.5881610921875 0.757471678125 0.6035042500000001 0.7622894390625 0.6076024890625 0.7603003078125 0.6126883453125 0.755869465625 0.6132762359374999 0.748715865625 0.602724990625 0.7430440609375
0 0.6150366953125 0.6889905921875 0.607554084375 0.6842823421875 0.5915172531249999 0.6783294921875 0.5798524171875 0.676632315625 0.5704365609375001 0.676296515625 0.5559348515625 0.6803915609375 0.5572382109375 0.68368368125 0.572013671875 0.6858334390625 0.5826908937499999 0.6899723265625 0.591476865625 0.6979727 0.6014184234375 0.7014874718749999 0.604235103125 0.7055168546874999 0.6182749000000001 0.7070424953125001 0.6230668125000001 0.7061884515625 0.622183375 0.6977866171875 0.6150366953125 0.6889905921875
0 0.632197690625 0.566353809375 0.5956058734375 0.5615469562500001 0.5762702578125001 0.5670070140625 0.604959540625 0.5722153296875 0.6293406234375001 0.5819676328125001 0.6387984703125 0.5817924609375 0.644703975 0.576963790625 0.6442202640625 0.5732738453125 0.632197690625 0.566353809375
0 0.6269810453125 0.5149208640625 0.61708148125 0.5108951187499999 0.582906615625 0.5054057578125 0.5660719375000001 0.5091613671874999 0.56773303125 0.5176763453125 0.5802595078125 0.5184647265625 0.5885617703125 0.522775153125 0.630597178125 0.5283740203125 0.6362927234375 0.52610020625 0.636544675 0.523034378125 0.6269810453125 0.5149208640625
0 0.6258408453125 0.4521881546875 0.588913090625 0.4514690734375 0.5784256359375 0.4545969296875 0.5788673531249999 0.458797846875 0.5841849671875 0.461122778125 0.6120965953125 0.46621794687499996 0.62121850625 0.470130546875 0.626662096875 0.47092256250000003 0.6315379921875001 0.469046575 0.6378634171875001 0.45910819375 0.6357404109375 0.4562139 0.6258408453125 0.4521881546875
0 0.6300198625 0.4109126109375 0.591914725 0.405368496875 0.5853995328125 0.4080401375 0.586366953125 0.41542002812499995 0.5911168734375 0.41507695624999996 0.6141106125 0.4225590828125 0.6250817796875 0.423121171875 0.63409790625 0.4187450828125 0.63369818125 0.4140331953125 0.6300198625 0.4109126109375
0 0.6410080140625001 0.363388628125 0.6320120828125 0.35794311562500003 0.5899346796875 0.35285521875 0.578017890625 0.3542238703125 0.57146070625 0.3574064796875 0.5904401890625001 0.3658557953125 0.63398891875 0.3721919265625 0.639600478125 0.3709400578125 0.6415337171875 0.366567603125 0.6410080140625001 0.363388628125
0 0.6488201515625 0.2874801734375 0.6016350953125 0.2775124890625 0.5878270578125 0.28274262031249997 0.5888784640625 0.28910056875 0.6318393015625 0.3025903 0.6419908203125 0.303550215625 0.6543275328125 0.2970718484375 0.6538858125 0.29287093125 0.6488201515625 0.2874801734375
0 0.6462724125 0.2322988921875 0.6385798375 0.230145496875 0.61369485 0.22652485156250002 0.5986674359374999 0.2274409203125 0.5865826765625 0.23085345937500001 0.6030612234375 0.24100722343749997 0.646000265625 0.245186325 0.648459209375 0.24399284531249998 0.648353428125 0.23570415625000002 0.6462724125 0.2322988921875
0 0.658668103125 0.177223484375 0.6534764656250001 0.1733656375 0.6373556515625001 0.16843473281250002 0.60603945625 0.16646378125 0.591937471875 0.17527071562500002 0.6047796921875 0.18179292656249998 0.6359699109375 0.18529679062499999 0.6571765796875 0.185796853125 0.6606231421875 0.18216166250000002 0.658668103125 0.177223484375
0 0.642584471875 0.114384903125 0.6201164359375 0.11008175 0.6095869875 0.11372057656250001 0.608431403125 0.118206175 0.6112480812500001 0.1222355546875 0.64565470625 0.1344806890625 0.6573615359375 0.1356668953125 0.6675332484375 0.126805209375 0.6632452421874999 0.12152759531249999 0.642584471875 0.114384903125
0 0.38970851875 0.9411181203125001 0.37362969687500003 0.93567624375 0.341661821875 0.9320592328125 0.3332133921875 0.9391033249999999 0.32453319999999997 0.939391640625 0.337627375 0.942848025 0.34634955624999997 0.9420487359375 0.374976653125 0.9575896265624999 0.3860318046875 0.9571297718749999 0.392169065625 0.9590568749999999 0.40425382499999996 0.9556443375000001 0.40398007500000005 0.9493995375000001 0.38970851875 0.9411181203125001
0 0.409731390625 0.8602642125 0.37227793125 0.856366159375 0.3588898140625 0.8564865749999999 0.3523326296875 0.859669184375 0.352816340625 0.86335913125 0.385709646875 0.8748670015625001 0.395987140625 0.8742940046875001 0.40731604062500004 0.8800789546875001 0.4244244703125 0.8825681484375 0.42587400000000003 0.87450575 0.431653528125 0.87120999375 0.409731390625 0.8602642125
0 0.4070762640625 0.777662009375 0.4026000953125 0.7842498828125 0.3914609609375 0.785731678125 0.3863331125 0.79067349375 0.4029376359375 0.79929434375 0.4272549296875 0.8002469874999999 0.4328043015625 0.80932769375 0.43740644843750004 0.8012069046875 0.46149198125 0.795403775 0.44726241875 0.7866113875 0.41766950312500006 0.782822840625 0.4070762640625 0.777662009375
0 0.4584169359375 0.717911284375 0.418798478125 0.7116299078125 0.39599450625 0.711414528125 0.39198025 0.7123817156250001 0.3874620875 0.7194805609375 0.3827541609375 0.7193126624999999 0.3873361125 0.721013475 0.390804471875 0.7266889171875001 0.40219555781249994 0.722141290625 0.42535726562500004 0.7275795328125 0.42760625 0.7289409109375 0.42628269531249996 0.7354703953125 0.44524038125 0.734609078125 0.459616115625 0.73204695 0.46426025312499997 0.7234151875 0.4584169359375 0.717911284375
0 0.45691899999999996 0.649955715625 0.4246773734375 0.6400939046875 0.403512696875 0.6390828703125 0.400255903125 0.64998480625 0.437121471875 0.6610364609375 0.4407158046875 0.6651789859374999 0.45254861249999995 0.6648322796875 0.46480134062499995 0.6593758578125 0.46215263125000006 0.653302590625 0.45691899999999996 0.649955715625
0 0.46292547656250005 0.59601903125 0.4157824109375 0.5855403765625 0.41172616562500003 0.5870185359375 0.4130513203125 0.5996212859375001 0.4383360359375 0.6079538203125 0.4600684078125 0.61163285625 0.4649023125 0.6102678421875 0.473602696875 0.6001579218749999 0.46292547656250005 0.59601903125
0 0.486482784375 0.544741053125 0.4476839765625 0.53806185 0.4262673484375 0.5401166453124999 0.4213074671875 0.5430145734375 0.42780246406250005 0.5501645359375 0.46992185781250007 0.5547414625 0.48576891875 0.5534275656250001 0.490035128125 0.5493945499999999 0.486482784375 0.544741053125
0 0.4824630296875 0.4923429453125 0.4608566359375 0.48713099218749994 0.4357616875 0.4860652046875 0.429982159375 0.489360959375 0.43193719843749995 0.4942991390625 0.45509890625000005 0.49973737968750004 0.465608159375 0.50592015625 0.47805065156250004 0.5077304781249999 0.485595453125 0.50210615625 0.48605736562499996 0.496485471875 0.4824630296875 0.4923429453125
0 0.49336559687500003 0.4267086703125 0.4735244734375 0.41916815312500005 0.4564160453125 0.416678959375 0.42308262343749997 0.42010240468750004 0.4339278125 0.422197409375 0.45191968125 0.43308843750000003 0.47218072656250004 0.43551923906249995 0.49204204375 0.43323815625 0.49618227499999995 0.43073805 0.49336559687500003 0.4267086703125
0 0.46103517656250004 0.3604720984375 0.42828964531249997 0.35674194375 0.41944148593749997 0.359074146875 0.43264144218749995 0.3708192171875 0.455277446875 0.3730784859375 0.47295357187500003 0.37823568125 0.4762321625 0.3766443765625 0.4804983703125 0.372611359375 0.4792789953125 0.36829729843750003 0.46103517656250004 0.3604720984375
0 0.43942397031249997 0.29786344531250003 0.44121103906250003 0.304845509375 0.44644467031249996 0.3081923828125 0.4701740734375 0.31629862656249996 0.49821167656250004 0.31986088125 0.49978718281249995 0.31026556875 0.4930822234375 0.3056704625 0.43942397031249997 0.29786344531250003
0 0.4833507015625 0.251720565625 0.45003747499999996 0.24532240781249998 0.44106333906249995 0.2491875265625 0.44972333593749997 0.2587208125 0.47746699374999996 0.2658598671875 0.4976860453125 0.2688016421875 0.499871240625 0.261363359375 0.49627690468749996 0.257220834375 0.4833507015625 0.251720565625
0 0.5082275968750001 0.20756030625 0.4666541015625 0.1963407515625 0.45379168437499995 0.19964014375 0.45475910781250006 0.207020034375 0.47832054218750003 0.21717016406249998 0.5015662328125 0.2215864609375 0.5120536890625 0.21845860625000002 0.5118219296875 0.21170283125 0.5082275968750001 0.20756030625
0 0.495590525 0.14108653437500002 0.45597206718749994 0.13480515937499998 0.4532191796875 0.1395754375 0.45881054375 0.148145171875 0.47938733125 0.1563098046875 0.48302365781249995 0.159941359375 0.5016874 0.1626568453125 0.5066892703125 0.1592479421875 0.5058058328125 0.1508461109375 0.495590525 0.14108653437500002
0 0.5143552375 0.0946940046875 0.488460834375 0.08420443749999999 0.4722560390625 0.080295475 0.46504717500000003 0.08183202656250001 0.4636816296875 0.0888724828125 0.4770495546875 0.098573665625 0.503027940625 0.10804128906249999 0.5108464890625 0.10866177031249999 0.516584025 0.105876984375 0.517339884375 0.0966795 0.5143552375 0.0946940046875
0 0.29894776875 0.1016172578125 0.2901416015625 0.1034384890625 0.287514690625 0.10667585312500001 0.3100885078125 0.1192676953125 0.33808411718750003 0.12334092187500001 0.3419086078125 0.11510698593749999 0.3299700203125 0.10716500625 0.29894776875 0.1016172578125
0 0.3130465453125 0.054545856250000004 0.30104577187500003 0.056936450000000006 0.308844128125 0.067378534375 0.3484205921875 0.0741708796875 0.3514052390625 0.0761563765625 0.35714277499999997 0.07337159062500001 0.3593699609375 0.0654223390625 0.34734738906249996 0.058502301562500005 0.3130465453125 0.054545856250000004
0 0.2737554125 0.9444136656250001 0.26541115937500004 0.9406142109375001 0.2389708609375 0.936767275 0.2222621578125 0.93898996875 0.21398169218750002 0.9439901734375 0.216630403125 0.950063440625 0.222641690625 0.9535234593749999 0.26152448281249996 0.9591807187500001 0.27188596249999997 0.9575857781250001 0.2779594359375 0.950713221875 0.2737554125 0.9444136656250001
0 0.13262177343749998 0.9285331296875 0.0971855390625 0.9192406796875 0.0738138703125 0.9163572953125 0.066563015625 0.91840481875 0.0710827796875 0.9304382046875 0.0792590671875 0.936281546875 0.0983645265625 0.943197946875 0.11330795625000001 0.9433038203124999 0.12558248125 0.9471580296875001 0.13197169687500002 0.94601930625 0.1377512234375 0.94272355 0.1401043875 0.93324138125 0.13262177343749998 0.9285331296875
0 0.1384772671875 0.8285542609375 0.091040259375 0.821652403125 0.0530828953125 0.8238860062500001 0.0652734375 0.8287621609375 0.076202609375 0.8298352187500001 0.0784096015625 0.83170756875 0.07721202499999999 0.8367041390625 0.0876154953125 0.834598225 0.12189614374999999 0.8483762734375 0.12836934375 0.84621560625 0.1344226234375 0.8491646546875 0.152118940625 0.8445002484374999 0.15058382343750001 0.8344523546874999 0.1384772671875 0.8285542609375
0 0.27669005 0.8512489593750001 0.2683457984375 0.84744950625 0.216726565625 0.843558725 0.2106530921875 0.8504312796875 0.22349531250000002 0.856953490625 0.2255763265625 0.8603587546875 0.233562846875 0.85893535 0.2480023703125 0.865172878125 0.2682634171875 0.8676036843749999 0.2739169671875 0.8658408421875 0.2824913765625 0.8572638359375 0.27669005 0.8512489593750001
0 0.1479085046875 0.761671753125 0.1451338171875 0.7571314015625 0.1376092109375 0.752934121875 0.12901300468750002 0.7522004953125 0.1222240640625 0.74862733125 0.11264023906250001 0.7503354171875001 0.09410247499999999 0.74608701875 0.062072414062500005 0.7528025828125 0.0631238203125 0.7591605328125001 0.07695365625 0.76324103125 0.084436271875 0.7679492828125001 0.10948922812499999 0.7695260421875 0.11585825000000001 0.7782089203125 0.12617773593749998 0.7771249515624999 0.13996558125 0.781716421875 0.1407214390625 0.7725189359375 0.145765303125 0.7685990640625 0.1479085046875 0.761671753125
0 0.2740349265625 0.76864675625 0.2720798875 0.7637085781249999 0.26688825 0.7598507328124999 0.2553073953125 0.7571316125 0.2509354046875 0.7528759390624999 0.23721135000000002 0.7570841296874999 0.2223519046875 0.7559563140625001 0.2157947203125 0.759138925 0.18950219375 0.76306970625 0.19322250624999998 0.7656793171875 0.23336666562500002 0.7751396671874999 0.24770040781249997 0.7730885093750001 0.2609205578125 0.775011978125 0.2740349265625 0.76864675625
0 0.2701822234375 0.691041121875 0.24750422656249998 0.6892928265625 0.2368270046875 0.6851539359375 0.2309634953125 0.689471634375 0.21196381562500002 0.6908439203125 0.1996690953125 0.696811315625 0.22308275625 0.699183728125 0.23043939375 0.70542489375 0.23899360781249998 0.7066694906250001 0.2681448046875 0.70625711875 0.275101715625 0.7077863984375 0.285021475 0.701990540625 0.28617705937500004 0.697504940625 0.2701822234375 0.691041121875
0 0.1446436921875 0.6769125171875 0.13037213593750002 0.6686311015624999 0.09943386875 0.662061409375 0.0810236859375 0.67541233125 0.08932594687499999 0.67972275625 0.104017425 0.6828944578125 0.11807902031249999 0.69373073125 0.13003780468749998 0.6918511078125 0.1447074828125 0.685712178125 0.1466407234375 0.6813397250000001 0.1446436921875 0.6769125171875
0 0.1299675984375 0.6065225109375 0.10474667343749999 0.6069896359375 0.0966761703125 0.609434984375 0.1048944484375 0.614767353125 0.1568294234375 0.6243919671875 0.16384851875 0.6155886703125 0.157963209375 0.6105957375 0.1299675984375 0.6065225109375
0 0.31040395468750004 0.6229505890625 0.3011140765625 0.6210818765624999 0.257839096875 0.6209905499999999 0.24554437812500002 0.62695794375 0.24749941562500002 0.6318961234375 0.2401645765625 0.6349655875 0.252439103125 0.638819796875 0.2573149984375 0.6369438093750001 0.265133546875 0.6375642890625 0.28005678437500003 0.647491765625 0.2812543609375 0.642495196875 0.28940884843750003 0.63902790625 0.3134741890625 0.643046378125 0.3159331328125 0.6418528984375 0.3155116078125 0.6278303796875 0.31040395468750004 0.6229505890625
0 0.30575340156249997 0.5550534140625001 0.24778694531249998 0.551790384375 0.245286009375 0.553494834375 0.249574015625 0.55877245 0.2594735828125 0.5627981953125001 0.2620803015625 0.56938243125 0.257856084375 0.572904478125 0.2608827234375 0.5743790015625 0.2671879546875 0.5742622203125001 0.27775939374999997 0.570112421875 0.3128378921875 0.5741820109375 0.3250066359375 0.56974753125 0.32607823593749996 0.5662838765625 0.30575340156249997 0.5550534140625001
0 0.17872334843749998 0.5494981796875 0.1634221828125 0.5441694484374999 0.1339972375 0.5383370171874999 0.11442986562499999 0.5370413015625 0.096291825 0.5375047921875 0.0882213234375 0.5399501390625 0.1091760390625 0.54351603125 0.125254859375 0.548957909375 0.13282145781250002 0.55264421875 0.1356381375 0.5566735984375 0.1698969859375 0.561141015625 0.17710585 0.5596044640625 0.1823176828125 0.5536407062500001 0.17872334843749998 0.5494981796875
0 0.1897938828125 0.48182002187500006 0.139603984375 0.47968844375 0.13275285781249999 0.48644785468749996 0.13323656718750002 0.49013779843750005 0.13699887187499998 0.492236440625 0.17613361562500002 0.49482787031250003 0.19238040625 0.4982258625 0.20385547656249997 0.49265629375 0.1982641140625 0.4840865609375 0.1897938828125 0.48182002187500006
0 0.3346494390625 0.519442403125 0.32872213437500003 0.5149604421875 0.2760095046875 0.5052226828124999 0.25528654687499996 0.5084125671875 0.2542149453125 0.51187621875 0.26428248125 0.513858078125 0.2733204046875 0.5187926218750001 0.32214475625 0.527964653125 0.3308669390625 0.5271653656249999 0.33509115624999997 0.52364331875 0.3346494390625 0.519442403125
0 0.2959548796875 0.4540393890625 0.2793721546875 0.45472916874999997 0.2720793078125 0.4572876625 0.2820846546875 0.4696020953125 0.2892515265625 0.46857651562499997 0.307179603125 0.47066788437499996 0.31863448125 0.4749199203125 0.3266629921875 0.472985540625 0.33429177656250003 0.46633927656249996 0.31384096562499997 0.456641728125 0.2959548796875 0.4540393890625
0 0.190524734375 0.425047434375 0.17125130625 0.4201749203125 0.1438653828125 0.41825872343750004 0.1398511265625 0.41922591249999996 0.1370142546875 0.42501813593750004 0.1267787515625 0.4250801609375 0.1281241046875 0.427861309375 0.13684628593749998 0.42706202031249996 0.147481515625 0.43171188125000004 0.1739218140625 0.43555881718749995 0.19279551718750002 0.43571944531250006 0.19403508593750002 0.43021190468750004 0.190524734375 0.425047434375
0 0.2002935125 0.37320939062499997 0.1749248140625 0.36589879999999997 0.149997834375 0.362789125 0.147538890625 0.3639826046875 0.1495779140625 0.367898840625 0.171458059375 0.37935559375 0.1860235609375 0.38406020937499996 0.20084101406250002 0.38569899531249996 0.2064525734375 0.3844471265625 0.20760815937500002 0.379961528125 0.2002935125 0.37320939062499997
0 0.3329585265625 0.4059556203125 0.3293222015625 0.40232406562499995 0.2843021453125 0.3947397015625 0.27644160156250003 0.39463019374999997 0.2649245375 0.40071073281249997 0.272281175 0.40695189843749996 0.2679309828125 0.41200685937500003 0.262361415625 0.4127477578125 0.27009598281249997 0.41439018125000004 0.282180740625 0.41097764375 0.32434212812499996 0.4150435984375 0.3291340390625 0.4141895546875 0.3326225890625 0.41004339375 0.3329585265625 0.4059556203125
0 0.3367362140625 0.3408359546875 0.295814396875 0.331262459375 0.2816486234375 0.33126973125000003 0.2735781203125 0.33371508125 0.2732421828125 0.337802853125 0.28452909375 0.3440987734375 0.3358123875 0.3520773265625 0.3415919140625 0.3487815703125 0.3419278515625 0.3446938 0.3367362140625 0.3408359546875
0 0.202095965625 0.3129731515625 0.1742683234375 0.3068560375 0.14929935156250002 0.304257334375 0.1541130609375 0.312713921875 0.166261609375 0.31810104687499996 0.20285342812499998 0.3229078984375 0.20867494843749998 0.3191011703125 0.20810725312499997 0.31643316875 0.202095965625 0.3129731515625
0 0.21884184843750001 0.2528427796875 0.1830276890625 0.248149075 0.164763675 0.250145478125 0.16819003906250002 0.256331890625 0.16646676093749999 0.25814948437499996 0.1702290625 0.260248125 0.2113608390625 0.2672667625 0.2309702046875 0.2680515078125 0.2367077421875 0.265266721875 0.23708566874999998 0.2606679796875 0.21884184843750001 0.2528427796875
0 0.3381607390625 0.28519845781250003 0.33137179687499996 0.28162529375 0.2904499796875 0.2720517984375 0.2688233890625 0.27666145000000003 0.27851299531249996 0.2832420515625 0.3047853265625 0.2891328734375 0.3200444984375 0.294972578125 0.334084296875 0.29649821875 0.3404735125 0.29535949375000004 0.34318440781250004 0.2911001875 0.3381607390625 0.28519845781250003
0 0.228000940625 0.19884770624999998 0.21801739062499997 0.195843903125 0.1883824828125 0.19256633125 0.17482639687499998 0.1947306328125 0.1756678421875 0.20364343906250001 0.2282125046875 0.21542508124999998 0.23554734531250002 0.21235561875000003 0.23596726562499998 0.20724590312500002 0.228000940625 0.19884770624999998
0 0.3567789625 0.2175842890625 0.35452998125 0.21622290937500002 0.3313900703125 0.22009529843750003 0.3195572640625 0.220442009375 0.2977828984375 0.21727394218749999 0.29286501249999997 0.2196609015625 0.2940843875 0.22397496249999999 0.29788868125 0.22556263125 0.35137896875 0.23541353593749997 0.35400587968749997 0.23217616875 0.35169310781249996 0.22201513125 0.3567789625 0.2175842890625
0 0.31736436874999996 0.1647952734375 0.3002139484375 0.16281705156249998 0.2833372765625 0.16708363125 0.27993270625 0.17020785 0.2828333703125 0.1732152890625 0.305995078125 0.17865352968749998 0.34267088125 0.18243843906249999 0.3478827140625 0.1764746796875 0.34277505937499997 0.1715948921875 0.31736436874999996 0.1647952734375
0 0.19745759062499998 0.1395931984375 0.1742958828125 0.1341549578125 0.15292124375 0.13569878124999998 0.15556995468749998 0.141772046875 0.163788234375 0.147104415625 0.179257365625 0.1503892625 0.1906702515625 0.15515226875000002 0.2093339921875 0.1578677515625 0.21339024062499998 0.15638959218749998 0.2109094984375 0.148272440625 0.19745759062499998 0.1395931984375
0 0.2093913671875 0.090138475 0.20411574687499998 0.0873025734375 0.1643713125 0.0825541125 0.155355184375 0.0869302015625 0.1639731875 0.096974459375 0.2042853171875 0.1043909234375 0.20993886874999998 0.10262808125 0.212859725 0.095813915625 0.2093913671875 0.090138475
0 0.2328422109375 0.0346032140625 0.21754104531250001 0.02927448125 0.18168489062499998 0.025091745312500004 0.1721850515625 0.025777889062499997 0.1679608359375 0.0292999359375 0.179899425 0.037241915625 0.224183815625 0.044202162499999996 0.23212834375 0.043289728124999996 0.23717220625 0.03936985625 0.2328422109375 0.0346032140625