0 0.897626884375 0 0.8989535578125001 0.007473807812499999 0.90742068125 0.0223538625 0.9156815187499999 0.023764531250000002 0.9220408515624999 0.0130956015625 0.9220434203125001 0.0068587546875 0.918993609375 0 0.897626884375 0
0 0.81692324375 0 0.8219367484375001 0.0384474390625 0.8253259093749999 0.038786296875 0.8253284781250001 0.032549446875 0.8299900203125 0.02950715 0.8435415265625 0.043336278125 0.8403714921875001 0.025282560937499997 0.842074421875 0.005182234375 0.839770090625 0 0.81692324375 0
0 0.7423858046875 0 0.7425052984375 0.009668956250000001 0.7463095953125001 0.0307097296875 0.7653619046875 0.061071421875 0.7679118015624999 0.041835415625 0.7590285875 0 0.7423858046875 0
0 0.68400604375 0.0435876703125 0.690353815625 0.06098455781249999 0.7083580125 0.0645388515625 0.708578425 0.043705571875 0.7113346046875 0.037938946875000004 0.7075251703125 0.029371868750000002 0.69101376875 0.0016031375 0.6831744890625 0.0053022640625 0.68400604375 0.0435876703125
0 0.61467174375 0 0.6136182234375 0.0040885234375 0.625029828125 0.0703292671875 0.628417703125 0.07378654999999999 0.6320195703125 0.07200267031249999 0.6352011640625 0.061990568749999996 0.636692671875 0.040894556250000005 0.633739196875 0.0113628328125 0.6305653109375 0.0026643875 0.629380565625 0 0.61467174375 0
0 0.545608171875 0.033736771875 0.5477133921874999 0.0655226 0.5491933390625 0.07249240312500001 0.5563932203124999 0.0782799140625 0.56422479375 0.0932913328125 0.56782794375 0.088389028125 0.572909759375 0.0935749515625 0.5701651375 0.071275759375 0.560648615625 0.032706734375000004 0.5534513046875 0.020682373437500002 0.5481542171875 0.0238560375 0.545608171875 0.033736771875
0 0.48247236562499995 0.058219984375 0.490296234375 0.0919419453125 0.500883990625 0.1011867390625 0.5040578765625 0.1098851828125 0.5051291109375 0.08056094999999999 0.49561002031249995 0.048228771875 0.48946981562499997 0.0411828421875 0.48396130625 0.04336081875 0.48247236562499995 0.058219984375
0 0.4155155671875 0.1022019359375 0.433937465625 0.1202212984375 0.43584924843749995 0.1073535046875 0.43945239843749995 0.1024512 0.431620825 0.0874397828125 0.4271809796875 0.066530375 0.418070603125 0.0704922328125 0.418274315625 0.09019846249999999 0.4155155671875 0.1022019359375
0 0.349432709375 0.081561303125 0.34963770781250003 0.098149109375 0.34285424999999997 0.1099450890625 0.348570328125 0.11811807031249999 0.3561879109375 0.13837064999999998 0.3669947953125 0.12990058437500002 0.37038780937500004 0.12088417031250001 0.3655238390625 0.1011018140625 0.3585430875 0.0775994453125 0.3521888921875 0.075794678125 0.349432709375 0.081561303125
0 0.280790965625 0.10198564531250001 0.28226192031249997 0.130784415625 0.290509915625 0.16337932500000002 0.2972985125 0.13910965 0.29201940625 0.098625378125 0.2882086875 0.0931767234375 0.28375985312499996 0.0940962828125 0.280790965625 0.10198564531250001
0 0.220725978125 0.120670415625 0.22304261875 0.153451928125 0.225579671875 0.1654001609375 0.22727489531249997 0.164010378125 0.24167208593749998 0.1818222484375 0.2387134734375 0.1647642203125 0.239784709375 0.1354399875 0.2357664203125 0.119640375 0.2294147953125 0.111598759375 0.222636475 0.1109210453125 0.220725978125 0.120670415625
0 0.5665183140625001 0.182204478125 0.5735054890625 0.1901147265625 0.5838766859375 0.21083752968749997 0.5934086203125 0.21198546875000002 0.5948898515625001 0.2158368484375 0.592570640625 0.18929218125 0.5843239328125 0.153578846875 0.57987895 0.14514313437499998 0.570557153125 0.14810930625000002 0.5665183140625001 0.182204478125
0 0.5119583890625 0.20645756875000001 0.5197912484375 0.2183505640625 0.5274165390625 0.21989259843750003 0.5231855484375 0.206215725 0.52086890625 0.173434209375 0.51324746875 0.162536903125 0.506257725 0.160863503125 0.5045612171875 0.165371709375 0.5119583890625 0.20645756875000001
0 0.4399522171875 0.1829169109375 0.43697690468749995 0.20639839218749997 0.4416345953125 0.2127113671875 0.44141932031250003 0.221070953125 0.4498787328125 0.2546615484375 0.45453899218749994 0.2547376765625 0.455177109375 0.2483694609375 0.45899039531249997 0.2475812671875 0.46280111562500004 0.2530299203125 0.4672550875 0.2396366640625 0.4647218875 0.21833315937500003 0.4460949890625 0.18372599218750002 0.4427071140625 0.180268709375 0.4399522171875 0.1829169109375
0 0.36675383125 0.20062865 0.3659004421875 0.2153564484375 0.36970216875 0.2426340703125 0.37880355468750004 0.26050118125 0.384101928125 0.2542090921875 0.3891940171875 0.2344476234375 0.380311759375 0.19886565625 0.37586677968750004 0.19042994375 0.3718420703125 0.1902224515625 0.36675383125 0.20062865
0 0.2970472734375 0.23478510468749997 0.30720319687500003 0.2638674921875 0.311863453125 0.26394361875 0.316528846875 0.25154605 0.3104002015625 0.21643430624999999 0.3061666421875 0.20899428125 0.300235290625 0.209180884375 0.2970472734375 0.23478510468749997
0 0.23847452812499997 0.24638880156249998 0.2545528125 0.29711355156249997 0.25710913281250003 0.262285425 0.2499208140625 0.22843209843749998 0.2437806078125 0.22138617031250002 0.240178740625 0.2231700515625 0.23847452812499997 0.24638880156249998
0 0.16935223125 0.1395710734375 0.16701503906249998 0.1566843421875 0.1765392671875 0.1765428234375 0.18162108125 0.181728746875 0.1856470734375 0.17881781562500002 0.18925536406250001 0.16144181562499998 0.181008653125 0.1257284828125 0.1748684484375 0.118682553125 0.1680888421875 0.12112326250000001 0.16935223125 0.1395710734375
0 0.1894398109375 0.227924403125 0.1824475 0.23248785 0.1815928234375 0.2503340734375 0.1762893125 0.2690998578125 0.19703427499999998 0.3043086140625 0.2002184375 0.28805966562499996 0.20995537031249997 0.305795409375 0.2048812609375 0.2818989453125 0.20573336874999998 0.27028956875 0.20192522031250001 0.2586040671875 0.19388222500000002 0.2425969640625 0.1921921390625 0.2315130515625 0.1894398109375 0.227924403125
0 0.4626663390625 0.3148846609375 0.46668334062500005 0.3338026953125 0.4668883390625 0.3503905015625 0.4834048796875 0.3656855390625 0.4867940421875 0.36602439531250003 0.4878601390625 0.3491738578125 0.48426726249999996 0.3291287703125 0.47685981718750003 0.3129903 0.47008406249999996 0.3060757390625 0.4626663390625 0.3148846609375
0 0.38725269375 0.319039165625 0.3954981203125 0.357870925 0.40862292968749997 0.37906395000000004 0.40863320468750003 0.3541165578125 0.399961084375 0.32264870156250003 0.39678719687499997 0.3139502578125 0.39382216406250004 0.3124843484375 0.38725269375 0.319039165625
0 0.3211492859375 0.34829331875 0.328341459375 0.372791371875 0.3399811828125 0.3994882921875 0.343593325 0.3727570203125 0.336827846875 0.3408950671875 0.32941911562500004 0.327875021875 0.3249715640625 0.32567615625 0.3211492859375 0.34829331875
0 0.2609810828125 0.3680055921875 0.269860771875 0.409824409375 0.2700747640625 0.40458324687499997 0.2764302421875 0.4032695890625 0.278547021875 0.40698960156249997 0.2810956375 0.39087201875 0.285759746875 0.3815928734375 0.2785675734375 0.35709481875 0.268831925 0.3362406515625 0.261206634375 0.334698615625 0.2609810828125 0.3680055921875
0 0.200397746875 0.3670159515625 0.205045159375 0.398276315625 0.213083015625 0.4267571171875 0.21732171406249998 0.4217234453125 0.2207211515625 0.3971149109375 0.214806496875 0.35676200625 0.2099386734375 0.346334921875 0.204220025 0.34439878749999997 0.200397746875 0.3670159515625
0 0.0998699390625 0.14353897499999999 0.09859370468749999 0.1562754015625 0.1040880859375 0.18840009062500002 0.114039009375 0.20089467343749998 0.1244256203125 0.1841963875 0.11532808750000001 0.1569740046875 0.1062267015625 0.1391068953125 0.10220199375000001 0.138899403125 0.0998699390625 0.14353897499999999
0 0.8139425296875 0.402342484375 0.80694765 0.413142778125 0.8181670999999999 0.43161147812499995 0.82387675625 0.4553765765625 0.835098775 0.467608428125 0.8353153343749999 0.4561304203125 0.8401908656250001 0.44784695937499996 0.8412543937500001 0.43723327031250003 0.8340596515625001 0.41897206249999996 0.8344876328125 0.40848973906249997 0.8211501171875 0.3894194515625 0.81458193125 0.39285584687499997 0.8139425296875 0.402342484375
0 0.744144715625 0.42508455312500004 0.744983978125 0.44465941875 0.753666375 0.451179884375 0.764671834375 0.474889746875 0.7693410828125 0.45313690468749995 0.7693475046875 0.437544784375 0.7659660515625 0.41849538124999996 0.754958021875 0.4010223703125 0.7496622171875 0.40107760781249996 0.747541584375 0.40671286875 0.744144715625 0.42508455312500004
0 0.6741080734375 0.4327882953125 0.680869696875 0.474005521875 0.6882861359375 0.468315025 0.6963291296875 0.484322128125 0.7012059453124999 0.4729202453125 0.697402934375 0.4487610484375 0.7012200749999999 0.43861757968750004 0.69931856875 0.4265379828125 0.7010150765625001 0.42202977500000005 0.699322421875 0.41718271093750003 0.6914857109375 0.4146449875 0.688100403125 0.40495085937499997 0.6825931781250001 0.4040104125 0.6789900265625 0.408912715625 0.6741080734375 0.4327882953125
0 0.609418828125 0.42798668749999996 0.6174554 0.45958591093749995 0.6244425734375 0.4674961609375 0.633754096875 0.48947738125000007 0.635873446875 0.48696054687499996 0.634826615625 0.4570347234375 0.6291169609375 0.433269625 0.6195940171875 0.4102927171875 0.61069763125 0.40901341249999995 0.609418828125 0.42798668749999996
0 0.543634859375 0.42911138437499996 0.5444779750000001 0.439330978125 0.5565392578125 0.4711376921875 0.55908145 0.47061223124999996 0.561633915625 0.4451393765625 0.5673564171875001 0.43772023750000005 0.5591097078125 0.4020069046875 0.55169840625 0.39522370625000003 0.5466127390625 0.3993930546875 0.543634859375 0.42911138437499996
0 0.4829512109375 0.43853634062499997 0.48526014531249995 0.4900283984375 0.48801247343750004 0.49361704531250006 0.4873794953125 0.48751156250000005 0.4911953515625 0.48048652187499996 0.4992422 0.48713835312500003 0.501578109375 0.47314350781250003 0.500527425 0.45257295781250007 0.493972084375 0.42482511250000005 0.48380588593749996 0.4206901171875 0.47999002968750004 0.42771515937500004 0.4829512109375 0.43853634062499997
0 0.40966205312500004 0.427700315625 0.4068968796875 0.4552959078125 0.40943264843750005 0.470362565625 0.4174730734375 0.4926065171875 0.4333579203125 0.49867764687499994 0.4373839140625 0.49576671406250006 0.4314628375 0.47100592812500003 0.4198269671875 0.4349537375 0.414322309375 0.42777644375 0.40966205312500004 0.427700315625
0 0.3412330109375 0.44600191875000006 0.34419419218749997 0.45682310312499996 0.34587656875 0.48661755781249993 0.3526536078125 0.49041369687499997 0.357732853125 0.5018364671875 0.36641781875 0.5021200859375 0.3679080421875 0.484142496875 0.3647354390625 0.4723256296875 0.35330970625 0.4403875484375 0.3431422234375 0.439370975 0.3412330109375 0.44600191875000006
0 0.2763917078125 0.4968223078125 0.29608341875 0.5176973625 0.3007449578125 0.5146550640625 0.3022364671875 0.493559053125 0.2922919671875 0.46547235000000003 0.28594162500000003 0.45431231250000004 0.279374725 0.45463028124999993 0.2763917078125 0.4968223078125
0 0.215381675 0.5031965656249999 0.2238410890625 0.5367871609375 0.23167395000000002 0.5486801546875 0.232312065625 0.5423119421875 0.2395170828125 0.53562575625 0.24311766562499998 0.5369603 0.2422784015625 0.5173854375 0.23106922812500003 0.47396934531249996 0.22387191718750002 0.4619449859375 0.216880890625 0.46339000781250006 0.215381675 0.5031965656249999
0 0.5026005328125 0.5623193859375 0.502383975 0.5737973937499999 0.49856811875 0.5808224359375 0.501320446875 0.5844110828125 0.505122175 0.61168870625 0.519091384375 0.6399829 0.52354021875 0.639063340625 0.5275687828125 0.6299155609375 0.51826881875 0.5798685234375001 0.5114969203124999 0.5635986890625 0.506203684375 0.55741708125 0.5026005328125 0.5623193859375
0 0.43542717499999994 0.6177793453125 0.440293715625 0.631324853125 0.45151445 0.6466751296875 0.4536466453125 0.6129740531250001 0.460640240625 0.6052921828125 0.460642809375 0.5990553359375 0.4409523828125 0.5750618578125 0.43353722968749997 0.5776339312500001 0.43542717499999994 0.6177793453125
0 0.36680855156250003 0.58207205625 0.36637543125 0.605028075 0.3737803109375 0.6274033921875 0.387119109375 0.6433552578125 0.39156152187500004 0.6580278171875 0.39305046250000003 0.6431686515624999 0.3964396234375 0.6435075109375 0.3964421921875 0.6372706609375001 0.39073253750000003 0.6135055609375 0.3767646109375 0.58209294375 0.37083454374999997 0.5791611234375 0.36680855156250003 0.58207205625
0 0.311723446875 0.6038518296875 0.31467820625 0.6302651296875 0.323561746875 0.6627286734375 0.327808153125 0.638984459375 0.322316340625 0.6006229265624999 0.3189284640625 0.59716564375 0.3138440796875 0.5982165687500001 0.311723446875 0.6038518296875
0 0.24943846406249998 0.619844090625 0.2464657234375 0.6370887234375 0.246879575 0.6609090640625 0.25068515625 0.6788314140625 0.2695504484375 0.6489473640625001 0.258764115625 0.6075226453125 0.2532594578125 0.6003453515625 0.24668999062500002 0.6069001703125 0.24943846406249998 0.619844090625
0 0.5370454859375 0.765155728125 0.53852158125 0.781480803125 0.5480445234375 0.804457709375 0.5607490609375 0.8174225140625 0.56436505625 0.7813359703125 0.5508238265625 0.7425594531249999 0.5451064640625 0.737504896875 0.539597953125 0.739682875 0.5370454859375 0.765155728125
0 0.4622750953125 0.7504683265625001 0.465869253125 0.7673949906249999 0.464167609375 0.7843768921875001 0.4664932421875 0.7953294390625001 0.4830007890625 0.8324534421875001 0.48301235 0.804387625 0.48788916718750003 0.79298574375 0.47710283281250004 0.751561025 0.472022303125 0.7432566781250001 0.4637601796875 0.7449644328125 0.4622750953125 0.7504683265625001
0 0.40020024843749996 0.770574696875 0.402737303125 0.78252293125 0.401457215625 0.804614628125 0.40822140781250005 0.8395950078125001 0.4105547484375 0.8318370109375 0.42008539687499996 0.8361033734375001 0.424111390625 0.833192440625 0.4258156046875 0.8099736906249999 0.4148165671875 0.7706717109375 0.407617971875 0.761765775 0.40316913593750003 0.762685334375 0.40020024843749996 0.770574696875
0 0.3321876265625 0.8064597921875001 0.3370541671875 0.8200053015625001 0.34106731562500003 0.8482786078125001 0.349111596875 0.8611672875 0.3571661515625 0.849108575 0.3573839953125 0.8345121421874999 0.3643775921875 0.826830271875 0.352526446875 0.79913766875 0.3470230734375 0.7888419484375 0.34109300625 0.7859101296875 0.3321876265625 0.8064597921875001
0 0.2768872515625 0.8365991515625 0.280904253125 0.8555171874999999 0.2940264921875 0.8829470609375001 0.2946800234375 0.8391577609375 0.2874929890625 0.802186009375 0.2809260890625 0.8025039796875 0.2781699078125 0.8082706046875 0.2768872515625 0.8365991515625
0 0.8950221734375001 0.8574648968749999 0.8967058343750001 0.8841409296875 0.9007228359375 0.9030589656249999 0.9062249250000001 0.9164731078124999 0.9194443218749999 0.9137407015625 0.9221174765625 0.90383369375 0.9174674968750001 0.8788101765624999 0.9083673937500001 0.8578246421875001 0.9032855796874999 0.8526387203124999 0.897354228125 0.8528253234375001 0.8950221734375001 0.8574648968749999
0 0.8103645546875 0.8604119453125 0.8080324984375 0.86505151875 0.8084514890625 0.8763981624999999 0.8164867765625001 0.9111158093749999 0.8258008671875 0.92686018125 0.8313063812499999 0.9319585265624999 0.836421028125 0.930901346875 0.8395702171874999 0.9260928749999999 0.8389410921874999 0.9106321203125001 0.8302651171875001 0.8885195359375 0.8281521890624999 0.8754442499999999 0.816507328125 0.8612210265625 0.8103645546875 0.8604119453125
0 0.7356963453125 0.8789637796875001 0.7395044953125 0.89064928125 0.737801565625 0.9107496078124999 0.75325329375 0.93977675625 0.7596379390625 0.9467721609374999 0.7645934359375001 0.945747875 0.765751546875 0.93927218125 0.7642754515625 0.92294710625 0.75581346875 0.8955933593750001 0.7520117390625 0.8683157359375 0.7418442578125 0.867299165625 0.7356963453125 0.8789637796875001
0 0.6850665 0.8842318718750001 0.682098896875 0.8890028109375001 0.6816683484375 0.9057219828124999 0.6848358140624999 0.9300125453125 0.6952082953125001 0.9476169234375 0.697296725 0.9596578859375 0.699065334375 0.959292321875 0.7028387234375 0.9366852640625 0.7094081921875001 0.9301304453125001 0.6998839640625001 0.9102719625000001 0.6984065859374999 0.8970653125 0.6903623046875 0.884176634375 0.6850665 0.8842318718750001
0 0.6911912921875001 0.9286988875000001 0.694793159375 0.9269150078124999 0.69649095 0.9192883765625 0.6935284859374999 0.9115856203125 0.687174290625 0.9097808531249999 0.68716786875 0.925372971875 0.6911912921875001 0.9286988875000001
0 0.623842478125 0.8958472937499999 0.626802375 0.9097868984374999 0.6272149406249999 0.9367256609375 0.6418209828125 0.9617700640625 0.6498806765625 0.9372376578124999 0.6443850109375 0.908231396875 0.6342252359375 0.8885042796875 0.6270240703125001 0.8858351921875001 0.623842478125 0.8958472937499999
0 0.56071695 0.8953831125 0.5604978203125001 0.913097971875 0.5725526796875 0.9604968062499999 0.5805982453125 0.9702670609374999 0.5829418609375 0.9375616734375001 0.5725822234375 0.88877305625 0.5691943453125 0.8853157734374999 0.5634744140625 0.8864980640625 0.56071695 0.8953831125
0 0.49015700000000006 0.9442673671874999 0.493753728125 0.9549571828125 0.5115400765625 0.9731079125000001 0.5147268078125 0.950622115625 0.507954909375 0.93435228125 0.5075359203125 0.9230056359375001 0.499070084375 0.9050071624999999 0.4933501515625 0.9061894531249999 0.49015700000000006 0.9442673671874999
0 0.4272557359375 0.9136146359374999 0.4266073421875 0.9449302421875 0.42893040625 0.962119634375 0.43803050781249997 0.9831051687500001 0.44353901718750005 0.9809271921875 0.44726688125 0.9880019531249999 0.4480746203125 0.98797845 0.4503289 0.9535390921875001 0.44736771875 0.9427179109375 0.435305153125 0.9140296187500001 0.4272557359375 0.9136146359374999
0 0.3677205125 0.939432390625 0.36094090625 0.9418730999999999 0.3598683859375 0.97431575625 0.3658529109375 0.9903708578125 0.3803966703125 0.989947678125 0.381260459375 0.981327334375 0.3867702515625 0.9760309328125001 0.37978693125 0.9587654125 0.3677205125 0.939432390625
0 0.2986520703125 0.9672206328125 0.3006094125 0.99226925 0.32158948593750003 0.9916587921875 0.314753475 0.961813753125 0.3081917109375 0.9496580281250001 0.30289590624999996 0.9497132687500001 0.2986520703125 0.9672206328125
0 1 0.8472024250000001 0.9960518734375 0.8428187046875 0.9896963921875 0.8441323625000001 0.9854499875 0.867876575 0.9977787625 0.8975492296875001 1 0.89709010625 1 0.8472024250000001
0 1 0.391289790625 0.9988027328125 0.38388082031250004 0.9886378171875 0.37662739843750004 0.9844004046875 0.3785426453125 0.9814328015625 0.383313584375 0.9841799921875 0.3993759265625 0.98205935625 0.40501118593749996 0.9960285687500001 0.43330537968750005 1 0.4376341859375 1 0.391289790625
0 0.955420990625 0.22966405937499998 0.9484273953125 0.23734593125 0.9501174796875 0.248429840625 0.948418403125 0.259174896875 0.9604809703124999 0.287863190625 0.9706420296875 0.30447188125 0.9770000781249999 0.2969213765625 0.979124565625 0.28193084687500003 0.9751101312499999 0.2567759625 0.96473508125 0.24540843125 0.9634678390625 0.23631589062499997 0.955420990625 0.22966405937499998
0 0.8966762203125 0.3935567875 0.8956152609375 0.3979336296875 0.9032251375 0.4368967546875 0.9157195390625 0.44574745 0.9258883046875 0.4436456 0.9214484593750001 0.42273619218749997 0.908540209375 0.39006515468749997 0.9028215625 0.388129021875 0.8966762203125 0.3935567875
0 0.8670772578125 0.2541607375 0.868338078125 0.278845396875 0.8712979750000001 0.292785003125 0.88040064375 0.3075336890625 0.8924722031250001 0.31439301406250003 0.892479909375 0.29568246875000004 0.8975630078125001 0.29774996875 0.8954500796874999 0.284674684375 0.8865614015625001 0.264684834375 0.8876236437499999 0.25718956875 0.8846611781249999 0.2494868109375 0.8723769156250001 0.24475022656249998 0.8670772578125 0.2541607375
0 0.921929228125 0.5172209578125 0.9164168640625 0.5287542078125 0.9282628718750001 0.568920509375 0.9449831265625 0.6039217734375 0.9500675093750001 0.6028708468749999 0.9477431609375 0.5887998765625 0.9513527343750001 0.568305453125 0.9481801328125 0.5564885859375 0.9375962281250001 0.537888521875 0.9304027734375 0.5165088890625 0.921929228125 0.5172209578125
0 0.9531141109375 0.687470790625 0.9613569671875 0.7325393953125 0.976389703125 0.7502199 0.9914288656249999 0.7523082859375 0.9863483359374999 0.7440039374999999 0.9897439171875 0.728750675 0.9880525484374999 0.7207851875 0.9677317140625 0.6844493796875 0.9656149328125 0.680729365625 0.9560817140625 0.6826998515625 0.9531141109375 0.687470790625
0 0.8677354125000001 0.713433378125 0.8628598796875 0.7217168375 0.8808525156250001 0.753336946875 0.8835971375 0.7756361359375 0.8929253562499999 0.7570778453125 0.8903934421875 0.7326559171875 0.880241371875 0.6942182578125 0.8652047812499999 0.6858930234375 0.8626548828124999 0.7051290296875 0.8677354125000001 0.713433378125
0 0.7846977609375 0.712927425 0.785326884375 0.7283881796875 0.8001366421875 0.7731388124999999 0.8172912984374999 0.7820656359375 0.8128514546875 0.7611562265625 0.8130705828125 0.7434413703125 0.80397048125 0.7224558375 0.8054568515625 0.71383351875 0.7950830859375 0.699347565625 0.7889403125000001 0.6985384828125001 0.7846977609375 0.712927425
0 0.7152276125 0.7356017671874999 0.7266610546875001 0.748829303125 0.7319504359375 0.764366184375 0.7346963421875 0.7835469500000001 0.7383007765625 0.7755262234375 0.74127865625 0.74580789375 0.747636703125 0.7382573890625 0.738536603125 0.7172718546875 0.729433934375 0.70252316875 0.7226556109375 0.7018454546874999 0.7152276125 0.7356017671874999
0 0.6660540109374999 0.7571990375000001 0.6857354453125 0.8030214843750001 0.6876742015625 0.7246667875 0.6842863234375 0.7212095078125 0.6696738578125 0.711757221875 0.66267769375 0.725675940625 0.6660540109374999 0.7571990375000001
0 0.6015999046875 0.7440337921875 0.5952444265625 0.7453474484375 0.5988385843749999 0.7622741109375 0.6098478984375 0.7766287000000001 0.62296885625 0.8071769984375001 0.629337178125 0.7746791015625 0.6204549203124999 0.7390971328125 0.614316 0.7289327828125 0.6094443234375 0.7278609687500001 0.6015999046875 0.7440337921875
0 0.794418509375 0.25566704375 0.788483303125 0.2652089203125 0.7872057859375 0.2810637734375 0.79291415625 0.307947296875 0.8060428203125 0.31978505 0.811756328125 0.3341948796875 0.8162038812500001 0.33639374375000003 0.8187524953124999 0.3202761609375 0.8136796703125 0.29326127031250004 0.80690905625 0.2738730109375 0.8014043984375 0.2666957171875 0.79844321875 0.2558745359375 0.794418509375 0.25566704375
0 0.721119075 0.2697784125 0.7268223093749999 0.30913563125 0.7325358171875 0.323545459375 0.739948403125 0.32721023437499996 0.7435464171875 0.334781625 0.7480093812499999 0.2995594015625 0.7416654625 0.27280724218749997 0.72790381875 0.25486400625 0.722394025 0.26016040937499996 0.721119075 0.2697784125
0 0.6581934078125 0.298375734375 0.6586072578125 0.3221960734375 0.6727917421875 0.34213068281250003 0.6761834734375001 0.33623269375 0.677462275 0.3172594171875 0.6707019359374999 0.272923765625 0.6592646421875 0.2690515015625 0.6501516984375 0.27925020625 0.6581934078125 0.298375734375
0 0.5899860625 0.292725634375 0.5937852218749999 0.3262401015625 0.5973832359375 0.3338114921875 0.61982984375 0.35203835 0.6232241421875 0.33990351093750004 0.6126466625 0.305711325 0.6092587859374999 0.30225404375 0.60841566875 0.2920344515625 0.5993117156250001 0.280404190625 0.592532109375 0.2828448984375 0.5899860625 0.292725634375
0 0.5317257890625 0.3089253875 0.53425770625 0.3333473140625 0.5397572265624999 0.3529983046875 0.5448377546875001 0.361302653125 0.553321575 0.3356431921875 0.547824625 0.3097553546875 0.5399943359375 0.2916255125 0.534487109375 0.290685065625 0.5317257890625 0.3089253875
0 0.8369792390624999 0.5467161375 0.8363346999999999 0.5686764703125 0.8450158125 0.5783153609375 0.8613145078125 0.6082068296875 0.8613324890625 0.5645488953125 0.8596411203125 0.5565834062499999 0.852019684375 0.5456861 0.8488483671875 0.5307508078125001 0.8424967406249999 0.5227091921875 0.83105559375 0.5281921984375 0.8369792390624999 0.5467161375
0 0.7520252234375 0.554418334375 0.7587984078125001 0.5675697453125 0.76112275625 0.5816407140625001 0.770010153125 0.6047489859375 0.7805979078124999 0.61399378125 0.7799700656249999 0.5954146031249999 0.788022053125 0.5895927390625 0.7837974812499999 0.5603237453125 0.77278816875 0.54596915625 0.7721577578125001 0.533626825 0.7624156875 0.5283647765625 0.7569071765625 0.5305427546875 0.7520252234375 0.554418334375
0 0.6945283046874999 0.541357490625 0.7038385421875 0.5664571359374999 0.7067971562500001 0.5835151656249999 0.71992068125 0.607826615625 0.729242478125 0.60486044375 0.7267067078125 0.5897937859375 0.7277702359375 0.5791800968749999 0.7201539359375 0.5558090921875001 0.705125053125 0.5287733171875 0.698132740625 0.5333367625000001 0.6945283046874999 0.541357490625
0 0.6329649890625 0.5811064671875 0.6528616984375 0.618569328125 0.6560432890625 0.6085572296875 0.6564751249999999 0.5887196328125001 0.6509833125 0.5503581 0.6414552296875 0.5398548890625 0.6338286546874999 0.5414312781249999 0.6304343578125 0.553566115625 0.6329649890625 0.5811064671875
0 0.5625380484375 0.588387784375 0.5642307015625 0.5932348484375 0.5760908390624999 0.5990984874999999 0.5826500328125 0.617491059375 0.5868874453124999 0.6155758125 0.5881662484375 0.5966025390625 0.582670584375 0.567596275 0.5771684953125 0.5541821328125 0.5725095234375 0.5509875828124999 0.5625380484375 0.588387784375
0 0.9213590640625 0.1254902296875 0.9313035640624999 0.153576934375 0.9361726734375001 0.16088559375 0.95481113125 0.16742694687499998 0.9495268875 0.1394163703125 0.9421168703125 0.1295147484375 0.9370389093749999 0.11497355312499999 0.9247559296875 0.10711854375 0.9203045281250001 0.1142749515625 0.9213590640625 0.1254902296875
0 0.8535771296875 0.11559465312499999 0.8493422859375 0.111273053125 0.843833775 0.113451028125 0.84192199375 0.12631882187500001 0.8524969046875001 0.1667478546875 0.8529133234374999 0.184331346875 0.856725328125 0.1866615765625 0.86753478125 0.1719546625 0.8755841984374999 0.172369646875 0.8702999531250001 0.144359071875 0.8652219921875 0.1298178765625 0.8582335328124999 0.12502605 0.8535771296875 0.11559465312499999
0 0.7646029875 0.1277490015625 0.771787453125 0.1709576015625 0.783214471875 0.1997772578125 0.7859693703125 0.1971290578125 0.7912638890625 0.20019224218749998 0.7929629671875 0.1894471859375 0.7984689078125 0.19350605781250002 0.7993171625 0.1912519546875 0.7881079859375 0.1478358625 0.7766796828125 0.1221346296875 0.7669350421875001 0.123109428125 0.7646029875 0.1277490015625
0 0.7016798890625 0.150109478125 0.7141652984375 0.180789140625 0.733008753125 0.2039182984375 0.720743759375 0.152405353125 0.7215932953124999 0.1470328265625 0.715028965625 0.1411139484375 0.7095268765625 0.12769980625 0.7031713984375 0.1290134640625 0.7010507640625 0.13464872187500002 0.7016798890625 0.150109478125
0 0.6396076125 0.1639789984375 0.642566225 0.181037028125 0.6607728484375001 0.207415978125 0.6637532953124999 0.1714607984375 0.654864615625 0.151470953125 0.6555053015625 0.13886589062500002 0.6480940015625001 0.1320826921875 0.6423740687499999 0.133264984375 0.6396076125 0.1639789984375
0 0.040756273437500004 0.17446652812500002 0.036726428125 0.1867327328125 0.0379911 0.2020621203125 0.04751404375 0.225039028125 0.0564232765625 0.195134090625 0.05156572499999999 0.15975961562500002 0.044579837500000004 0.1487309421875 0.0407665484375 0.1495191359375 0.040756273437500004 0.17446652812500002
0 0.013403982812500001 0.3838398421875 0.015446815624999999 0.44233891718749996 0.029851770312499998 0.41993681250000003 0.0207555234375 0.38959600625 0.0167333828125 0.38315166562499997 0.013403982812500001 0.3838398421875
0 0.021765103124999997 0.509956121875 0.0198520375 0.525942340625 0.02789118125 0.5513047140625 0.0397603078125 0.5353393843750001 0.0317275875 0.494384890625 0.0230439078125 0.490982846875 0.0192267671875 0.5011263140625 0.021765103124999997 0.509956121875
0 0.0475533484375 0.6439035203125 0.0547365296875 0.69023054375 0.054097128125000005 0.6997171796874999 0.0587496796875 0.7185038515625 0.0602373328125 0.706763109375 0.06786647812499999 0.6989498734375 0.07317127343749999 0.677065665625 0.060898571874999995 0.644263265625 0.054758365625000006 0.6372173359375 0.0503095296875 0.6381368953125001 0.0475533484375 0.6439035203125
0 0.0902991484375 0.8795836953125 0.09360084375 0.8951329937500001 0.105081740625 0.861716928125 0.095988059375 0.8251392734375 0.0894237296875 0.8192203984375 0.08433934531250001 0.8202713234375001 0.08285425937499999 0.825775215625 0.0902991484375 0.8795836953125
0 0.2488743328125 0.9608793515625 0.2429416953125 0.9641843812499999 0.241026059375 0.9864074453124999 0.242247725 0.9939674015625 0.2628934578125 0.993366671875 0.2609368984375 0.9895676437500001 0.25924809843749996 0.97536530625 0.25416885312500004 0.9639425375 0.2488743328125 0.9608793515625
0 0.2184322546875 0.8112637078124999 0.21947651562499998 0.847426378125 0.2311136703125 0.8803601453125 0.23174536406250001 0.8895840500000001 0.23577007343749998 0.88979154375 0.24171170156250002 0.8646575453124999 0.24108514374999998 0.8429599453125001 0.23537292031249998 0.8254316906250001 0.228178178125 0.8071704828125 0.22267095312500002 0.8062300359375 0.2184322546875 0.8112637078124999
0 0.183551615625 0.63762023125 0.17846723125 0.63867115625 0.1831172140625 0.663694675 0.19010181718750002 0.6778417703125 0.190729659375 0.69642095 0.19729912968750002 0.68986613125 0.20535882187499999 0.6653337234375 0.19795908281250002 0.630484709375 0.1930912578125 0.620057628125 0.18589009375 0.6173885390625 0.183551615625 0.63762023125
0 0.1591257890625 0.5148244734375 0.1677966265625 0.54941075625 0.1711857859375 0.5497496125 0.1788226359375 0.5232258328125 0.1707912015625 0.47915291406250005 0.16126311875 0.468649703125 0.15532534375 0.48442842812500003 0.1591257890625 0.5148244734375
0 0.14044353437499998 0.3814870640625 0.1427640296875 0.40491330625 0.15334793124999999 0.4235133703125 0.1590742859375 0.406738959375 0.15887057031250001 0.3870327296875 0.1552751265625 0.373224490625 0.14977175468749998 0.362928771875 0.14447595 0.3629840109375 0.14044353437499998 0.3814870640625
0 0.1233235578125 0.2883627953125 0.1330604921875 0.3060985390625 0.14302554375 0.284290459375 0.13202393750000002 0.251225325 0.12482405781250001 0.2454378125 0.1197345375 0.2589624359375 0.1233235578125 0.2883627953125
0 0.0549073625 0.275480159375 0.0521409046875 0.306194175 0.059338214062500005 0.31821853437500003 0.063151503125 0.317430340625 0.070570509375 0.30550299375 0.0741788 0.28812699375 0.0718531671875 0.27717444687500004 0.058939776562500004 0.2569771078125 0.05194618125 0.264658978125 0.0549073625 0.275480159375
0 0.063757509375 0.38902272656250003 0.069898996875 0.39295023125 0.0730716 0.40476709843750003 0.07264105 0.42148626875 0.08597728125000001 0.44367498124999993 0.0861925578125 0.43531539375 0.097638840625 0.41735869374999995 0.09150120625 0.4040759171875 0.086851225 0.3790523984375 0.0811338625 0.3739978421875 0.07096509375 0.3760996921875 0.063757509375 0.38902272656250003
0 0.089347175 0.4907901984375 0.08764039375 0.520245796875 0.100125803125 0.5509254593749999 0.1039390890625 0.5501372671875 0.10436578437499999 0.542773365625 0.11305717343749999 0.5274648640625 0.1062916953125 0.4956029109375 0.0984588375 0.483709915625 0.0927389046875 0.4848922078125 0.089347175 0.4907901984375
0 0.12485693906249999 0.679894428125 0.13353034531250002 0.7082438625 0.1396859640625 0.6778687031249999 0.13165195937500002 0.64003263125 0.12445207968750001 0.6342451203125 0.12021081250000001 0.6455156375 0.12485693906249999 0.679894428125
0 0.154859478125 0.8680582093749999 0.15951074375000002 0.8899633031249999 0.1620516515625 0.8925562671874999 0.16756144374999998 0.8872598640625 0.17307509375000002 0.8726081921875 0.1661046171875 0.8241584312500001 0.1580552 0.8237434468749999 0.1514844453125 0.8334166890624999 0.154859478125 0.8680582093749999