0 0.0381323796875 0.1580163109375 0.058195981249999994 0.14091250625 0.059253396874999996 0.11716051093749999 0.0589814984375 0.0980646046875 0.0547917171875 0.08223160625 0.0465207328125 0.0780785453125 0.0412735375 0.0859975453125 0.04497335625 0.12708161874999999 0.0411097625 0.14410099375000002 0.037790421875 0.14962576249999998 0.0381323796875 0.1580163109375
0 0.1095172625 0.083186178125 0.10915953593750001 0.09925745 0.11457748281249999 0.12037693593750001 0.1118877671875 0.1289263390625 0.1079077125 0.1306636953125 0.10824967031249999 0.1390542453125 0.1147872078125 0.1379472890625 0.116645003125 0.146258415625 0.1206872328125 0.1460466140625 0.128344359375 0.12271321875 0.1271319609375 0.0929649046875 0.1219937984375 0.07871041250000001 0.11779613281250001 0.07510832656250001 0.11327970937500001 0.0761093796875 0.1095172625 0.083186178125
0 0.1899498546875 0.081264959375 0.1852622265625 0.10291395 0.191356659375 0.10335902500000001 0.194823553125 0.11387905625000001 0.2015787 0.1181115421875 0.2053722328125 0.1117975234375 0.2086994609375 0.09404184374999999 0.20401228593749998 0.06600441093750001 0.1965653375 0.0572217359375 0.1920800015625 0.0589855671875 0.1878433640625 0.066851615625 0.18771113125 0.0760314171875 0.1899498546875 0.081264959375
0 0.061685621875 0.21411265156249998 0.051580046874999994 0.21464215625 0.049170115625 0.2300565515625 0.0513851875 0.27198282812499996 0.0550464859375 0.2748486109375 0.06701774218749999 0.2703993203125 0.0701895328125 0.24882975468750002 0.0669560203125 0.219187340625 0.061685621875 0.21411265156249998
0 0.12223370468750001 0.196416390625 0.1237727421875 0.2093306546875 0.12206249843750001 0.2170643265625 0.1191551734375 0.22027428593749998 0.11937278437500001 0.225613728125 0.1242701359375 0.2215350890625 0.1289730796875 0.22511070000000002 0.13104848593750001 0.238761265625 0.13502065624999998 0.24925482031250001 0.13491951093750001 0.2591974 0.1371271484375 0.2636681640625 0.1391171765625 0.2627994859375 0.1452895546875 0.24030829374999998 0.1437584015625 0.21516311875 0.137959521875 0.1971212140625 0.13366859375 0.191230796875 0.12542869843749999 0.1878405125 0.12223370468750001 0.196416390625
0 0.2001720984375 0.22763948906249998 0.2040742109375 0.248838403125 0.20946895625 0.2569642015625 0.2109537046875 0.2561219984375 0.21522931562499997 0.2367878140625 0.213534840625 0.22005966406250002 0.21442893437500002 0.20472469375000002 0.21128079843749997 0.1896015234375 0.2065467671875 0.1852631375 0.19909193281249998 0.188711371875 0.193549184375 0.2142272 0.1924374796875 0.22422273124999997 0.2001720984375 0.22763948906249998
0 0.07314235625 0.3709800203125 0.07123815781250001 0.3366815171875 0.0646152453125 0.323269228125 0.056468609375 0.3221672765625 0.05454075625 0.3245615109375 0.051882128125 0.3338736875 0.05466465 0.37729904375 0.0591499875 0.3755352125 0.06798842187500001 0.3811873515625 0.07314235625 0.3709800203125
0 0.14734085 0.34033801874999997 0.14319792656250002 0.300805975 0.13878265 0.29186444843750003 0.1337298640625 0.29212920000000003 0.1248835421875 0.298707971875 0.12353845625 0.32782588281249997 0.1318247578125 0.357203546875 0.1372505921875 0.366092121875 0.1420936546875 0.34825701875 0.14734085 0.34033801874999997
0 0.20779567187499998 0.3203534234375 0.217185790625 0.3519664671875 0.22280603124999998 0.3532007953125 0.22483503124999998 0.3408639828125 0.2307118546875 0.3359696171875 0.22759480468749999 0.321609225 0.227602690625 0.3093783125 0.22091760312500003 0.2944404703125 0.2167199359375 0.29083838281249996 0.21166714843749998 0.2911031359375 0.2094205375 0.29810050781249997 0.21092849062500002 0.3102519921875 0.20779567187499998 0.3203534234375
0 0.2625856546875 0.074401428125 0.26267103281250004 0.088920671875 0.267747021875 0.101649609375 0.2673892953125 0.1177208828125 0.2730016484375 0.131186121875 0.2749063015625 0.1157982 0.280184584375 0.10864197812500001 0.281125534375 0.069607959375 0.27803957343749997 0.0560103453125 0.273655384375 0.0478315953125 0.26146651875 0.04694144375 0.265213196875 0.064326471875 0.2625856546875 0.074401428125
0 0.274019640625 0.16858868437500002 0.269402071875 0.1795323171875 0.26977511718749997 0.18868564375000002 0.2746645828125 0.19683791718750002 0.27513089062499996 0.20827957656249999 0.2727910203125 0.2129886171875 0.27199018750000004 0.23061192031250002 0.273249440625 0.23666118906250003 0.2779212984375 0.2394740203125 0.2826785328125 0.256806096875 0.2845210109375 0.23989262031249997 0.293180809375 0.22873718593749998 0.291719715625 0.192886653125 0.2876542828125 0.180104765625 0.2785982359375 0.169113184375 0.274019640625 0.16858868437500002
0 0.2798487 0.2867662125 0.279685378125 0.2951832375 0.2853599109375 0.31017403125 0.28345525781249997 0.32556195312499997 0.2882514640625 0.3314258953125 0.287233021875 0.34370975625 0.29007028749999997 0.3512051546875 0.29032687031250004 0.34507645937500003 0.2946878546875 0.3402615203125 0.3003549546875 0.31779680312499997 0.2976267203125 0.2881279140625 0.29580001093749997 0.28057956562499997 0.29106598125 0.2762411796875 0.282157484375 0.2812943953125 0.2798487 0.2867662125
0 0.35158887031249997 0.28530045312499996 0.346792665625 0.2794365109375 0.337658675 0.291381196875 0.336298271875 0.295274509375 0.338917928125 0.29743046562500003 0.3392598859375 0.3058210171875 0.337300946875 0.3074524703125 0.3440482078125 0.3239158703125 0.344421253125 0.33306919687500003 0.340938590625 0.3470109890625 0.342135671875 0.351534703125 0.34579697187499997 0.354400484375 0.347825971875 0.3420636734375 0.3542702484375 0.3386683875 0.35751953125 0.343848978125 0.355623215625 0.29731956249999997 0.35158887031249997 0.28530045312499996
0 0.3346605296875 0.2028671765625 0.3424494359375 0.22004040156250002 0.345512196875 0.22064432968749997 0.3479453296875 0.2182236203125 0.3514279921875 0.20428182968750003 0.34983466406249997 0.1776110984375 0.34204575625 0.1604378734375 0.33841554375 0.1583348671875 0.333456015625 0.1608879515625 0.3316135390625 0.177801428125 0.334606240625 0.1891107109375 0.3346605296875 0.2028671765625
0 0.325939915625 0.063437784375 0.324167496875 0.06964590312499999 0.3271523125 0.0931860984375 0.33046376875 0.09989224375 0.329919515625 0.111386853125 0.3319717203125 0.11204373125 0.3424971984375 0.09696850781250001 0.3434534671875 0.0831590921875 0.34175899374999996 0.0664309421875 0.3374448625 0.0475468359375 0.3325553953125 0.0393945625 0.3278835390625 0.036581728125000004 0.3241521796875 0.044421303125 0.325939915625 0.063437784375
0 0.3338220828125 0.0828993421875 0.33789539999999996 0.08345031875 0.340266359375 0.07950405625 0.339069278125 0.07498034218750001 0.3325006546875 0.0753245203125 0.33167661875 0.079954134375 0.3338220828125 0.0828993421875
0 0.40814605000000004 0.09260921875 0.407718715625 0.0696994265625 0.40334241249999997 0.049289764062500005 0.3949781671875 0.0428483703125 0.3923817140625 0.0536861046875 0.393080946875 0.09569180625 0.3962369671875 0.0985840640625 0.40200476093750004 0.11586319062499999 0.402883084375 0.12499004218750001 0.40814605000000004 0.09260921875
0 0.39479659218749996 0.1874857203125 0.39737727500000003 0.2011098125 0.403090778125 0.20463247343750002 0.410218971875 0.2180182875 0.41423011406250004 0.2170437078125 0.4106699609375 0.2042353453125 0.40844700625 0.17453997968749999 0.40252377812500006 0.1534469671875 0.3993366703125 0.1497919328125 0.3942527953125 0.14929390625 0.38937864375000003 0.166366234375 0.3892153234375 0.174783259375 0.39479659218749996 0.1874857203125
0 0.4127370265625 0.27980324687499997 0.411073640625 0.2638378734375 0.407762184375 0.25713172812499996 0.4041319703125 0.255028721875 0.3974622 0.2653154796875 0.3935828359375 0.3067966796875 0.3872939953125 0.3140058515625 0.3915148640625 0.330601628125 0.40336177187500005 0.3231012265625 0.4127370265625 0.27980324687499997
0 0.41511496562500005 0.36299892031250003 0.41569773593750003 0.3897226 0.4115854453125 0.4006397609375 0.4055531859375 0.4017202390625 0.40270803749999995 0.40645575312500004 0.41022504375 0.404533071875 0.4143605359375 0.4066096015625 0.4174775859375 0.42096999375 0.4205403453125 0.42157392031249996 0.4225303734375 0.4207052421875 0.4283218203125 0.401291634375 0.42853199843749995 0.3691755625 0.4238991109375 0.3548945953125 0.41985688125 0.355106396875 0.41511496562500005 0.36299892031250003
0 0.456493990625 0.29738506875000004 0.45711573281250006 0.3126406140625 0.4627280890625 0.3261058515625 0.46516122187500003 0.3236851453125 0.4676022390625 0.3090335265625 0.4637701859375 0.27712925624999996 0.45818891875 0.26442679375 0.4551572453125 0.26458564375 0.4513948 0.2716624421875 0.4506329359375 0.277817609375 0.45261508125 0.2891798421875 0.456493990625 0.29738506875000004
0 0.4618511234375 0.1679197265625 0.4550727734375 0.1506935515625 0.446576296875 0.1534319625 0.44697254218750004 0.175578978125 0.4521339109375 0.202827159375 0.46115886875 0.2130559640625 0.46517001249999995 0.2120813859375 0.46499925937500003 0.1830428984375 0.4618511234375 0.1679197265625
0 0.45646471406250005 0.09787659374999999 0.4605069453125 0.09766479375 0.4617819703125 0.0792522375 0.45873497968750004 0.054186485937499994 0.45321588437500004 0.0430095796875 0.45059622812500005 0.0408536234375 0.4451003375 0.0426704046875 0.4434211796875 0.0511668546875 0.44710568124999994 0.0670263265625 0.4475330171875 0.089936121875 0.45646471406250005 0.09787659374999999
0 0.49674735625000005 0.06748287187499999 0.5009060484375001 0.082553090625 0.500361796875 0.0940477 0.5040852703125001 0.0984390375 0.5091227421875 0.0729496859375 0.5070320203125 0.0340745203125 0.5052053125 0.0265261734375 0.49765721718749995 0.027686074999999997 0.495286259375 0.031632340625 0.4963511078125 0.04533585625 0.4925186015625 0.06311800937499999 0.49674735625000005 0.06748287187499999
0 0.5447098703125001 0.076435865625 0.5460312984375 0.0840106875 0.5507964171874999 0.089111853125 0.5525688359375 0.08290373281249999 0.5528722734375 0.0530759953125 0.5495997890625001 0.0349017171875 0.5446792328125001 0.025986665625 0.5406059171875001 0.025435687499999998 0.538234959375 0.0293819515625 0.5362992203125 0.04400709375 0.53880984375 0.06833654375 0.5447098703125001 0.076435865625
0 0.6112127171874999 0.030908968749999998 0.6063543375 0.0235194734375 0.6022499328124999 0.02220571875 0.5993736953125001 0.0261784578125 0.5971502875 0.046169517187499995 0.6003837984375 0.07581193124999999 0.6091600609375 0.079938515625 0.61365328125 0.06594377500000001 0.6132881234374999 0.044559534375 0.6112127171874999 0.030908968749999998
0 0.505334609375 0.1787912953125 0.505832003125 0.19099573125 0.5142584234375 0.19896268125 0.5162405671875 0.2103249140625 0.5208813359375 0.21237497031250002 0.5246126953125 0.20453539531249998 0.5256933125 0.1937770875 0.518355396875 0.1628209203125 0.510123384375 0.147199725 0.5056380484375 0.14896355625 0.501525759375 0.15988071406249998 0.5010125953125 0.1721381015625 0.505334609375 0.1787912953125
0 0.51702470625 0.2942134328125 0.5221549859375 0.3206988359375 0.5264459140625 0.326589253125 0.5294154109375 0.324904846875 0.5368781312500001 0.30922569843750003 0.535891228125 0.2725859140625 0.5279779718750001 0.25236158125 0.52229555625 0.24960169843750002 0.5190073015625 0.2558892421875 0.5199788890625 0.26730442656250003 0.512795953125 0.28984856875 0.51702470625 0.2942134328125
0 0.5694509484375 0.298346103125 0.5711533078125 0.302843340625 0.5788958109375 0.29402918906250003 0.580077575 0.2733283015625 0.574822946875 0.24379178906250001 0.5726774828125001 0.24084657968749998 0.5652226484375 0.24429481718749999 0.5644297015624999 0.2496872078125 0.5679587671874999 0.26173279374999997 0.5709435843749999 0.2852729890625 0.5694509484375 0.298346103125
0 0.5712943328125 0.18205977812500002 0.571854353125 0.1461033453125 0.568542896875 0.1393972015625 0.5635833703124999 0.14195028437499999 0.5598520109375 0.149789859375 0.5582661156250001 0.1605746421875 0.5598905296875001 0.18800814999999999 0.5633574218749999 0.1985281796875 0.5692031578125001 0.1928710375 0.5712943328125 0.18205977812500002
0 0.6106364734375 0.14101365 0.6117245234375 0.16771085624999998 0.617865359375 0.1941433078125 0.6252969921875 0.1777013828125 0.6239602453125 0.14490196093750002 0.619265184375 0.12909543750000002 0.6153162156249999 0.13159557187499998 0.6106364734375 0.14101365
0 0.6271933046875 0.224230796875 0.6231199859375 0.22367982187500002 0.6207801171875 0.2283888609375 0.622956215625 0.2817832703125 0.6290817343749999 0.282991125 0.6324943375000001 0.2797546875 0.6337303890625 0.2728102671875 0.6325258765624999 0.2308310421875 0.6271933046875 0.224230796875
0 0.6864663625 0.224947090625 0.682773975 0.22131853124999998 0.67730916875 0.22389808906250003 0.6800374015624999 0.253566978125 0.6884480515625 0.28599575 0.6948380375000001 0.26884399531250003 0.6948148359374999 0.25585030625 0.69154235 0.2376760296875 0.6864663625 0.224947090625
0 0.6867155125 0.181362884375 0.68742308125 0.16145125 0.681663175 0.1319412125 0.6764860390625 0.12915485468750001 0.6701661109375 0.13560125 0.6683315203125 0.14028381406249998 0.6693341921875 0.15246177656249998 0.6748064296875 0.1873377296875 0.6774260859375001 0.1894936859375 0.6867155125 0.181362884375
0 0.651603934375 0.028028179687499998 0.654285765625 0.031709689062500004 0.660271165625 0.0543282578125 0.65880961875 0.0681641484375 0.6654636203125001 0.08233921562499999 0.6693193281250001 0.07755075 0.6736571109375 0.059742121875 0.674737728125 0.0489838140625 0.672125959375 0.0345969453125 0.6662959921875 0.015792265625 0.6620050640625 0.00990185 0.65742646875 0.009377346875000001 0.651953778125 0.02418781875 0.651603934375 0.028028179687499998
0 0.72001098125 0.016799784374999998 0.7190547140625 0.030609203125 0.7273020421874999 0.071455 0.7375788234375 0.050277559375 0.736148815625 0.015189801562499999 0.7327130125 0.0054325484374999995 0.7280411531250001 0.0026197171875 0.72001098125 0.016799784374999998
0 0.7442476874999999 0.1393636484375 0.7413793359375 0.131105475 0.7371505843749999 0.12674061406249998 0.73067521875 0.129373121875 0.7293459062500001 0.134029209375 0.7344683015625 0.1727455265625 0.738471559375 0.184001859375 0.7435243484375 0.1837371078125 0.74650173125 0.169821790625 0.7442476874999999 0.1393636484375
0 0.751979728125 0.271965184375 0.75388438125 0.2565772625 0.7505808078125 0.2376402078125 0.7465775484375 0.226383875 0.7428851609375 0.2227553140625 0.7378634625 0.22378284218750003 0.7370394250000001 0.22841245625 0.736868221875 0.2490603953125 0.7406070140625001 0.27867633125 0.74824836875 0.279804759375 0.751979728125 0.271965184375
0 0.7970212734375 0.2290916109375 0.7919684859375 0.2293563625 0.7886802312500001 0.23564390781250003 0.792512284375 0.26754817656249996 0.80323171875 0.29450513125 0.8094973546875 0.2743022703125 0.8049345296875 0.249315946875 0.8002083843750001 0.232746646875 0.7970212734375 0.2290916109375
0 0.7963842140625 0.1886114640625 0.8041967765625 0.1690919546875 0.7958483015625 0.1381887390625 0.7884013546875 0.1294060640625 0.77961720625 0.1375103875 0.777308421875 0.14298220625 0.7776192921875 0.1506099796875 0.7861232031250001 0.18532708125 0.7909194109375 0.1911910234375 0.7963842140625 0.1886114640625
0 0.7689529671875001 0.024937053125 0.7701574796874999 0.0669162796875 0.7754278765625 0.0719909671875 0.7819733015625 0.058653103124999995 0.7831007734375001 0.02419575 0.77966496875 0.014438495312499999 0.77031336875 0.0210437421875 0.7689529671875001 0.024937053125
0 0.8253655562500001 0.005164259375 0.82318111875 0.013687185937499999 0.827627484375 0.0233914890625 0.82859906875 0.034806673437500005 0.8276117125000001 0.0478533140625 0.8207243312499999 0.052800628125000006 0.8204366640625 0.0581665453125 0.8300369609375 0.0576635171875 0.8332551562500001 0.0620813296875 0.8340091328125 0.068157071875 0.8413317328125001 0.07388863749999999 0.848460378125 0.037588028125 0.8450946328125 0.01712541875 0.8405860953125 0.005895559375 0.8343051390625 0.0008738218750000001 0.8253655562500001 0.005164259375
0 0.8834021078125 0.0625113984375 0.8850422921875 0.06548308124999999 0.893251103125 0.0681105890625 0.8965003843750001 0.073291178125 0.8996721750000001 0.0517216140625 0.8950239734375 0.0122160453125 0.8900723312500001 0.00253821875 0.8834104437500001 0.0005940625 0.8789172265625 0.014588804687500002 0.8782486265625 0.023032306250000002 0.8817776921875 0.035077890625000004 0.8834021078125 0.0625113984375
0 0.8492835078125 0.1323312625 0.8427770578124999 0.13420099531250002 0.8381284000000001 0.14438184999999998 0.8406701125 0.1694740765625 0.8479848296875 0.1874365546875 0.8542346953125 0.191695515625 0.8579971437499999 0.18461871875 0.8574222578124999 0.1456641265625 0.8492835078125 0.1323312625
0 0.893864053125 0.1949698953125 0.8977508468750001 0.19094420625 0.904203009375 0.175318009375 0.9015759203125 0.135706540625 0.9003788421875001 0.1311828265625 0.896717540625 0.12831704531250002 0.8853759125 0.1357909671875 0.8840776859374999 0.141209834375 0.8882206109374999 0.18074187656250001 0.891780765625 0.1935502390625 0.893864053125 0.1949698953125
0 0.8603207921875 0.2540579265625 0.8622876171874999 0.2401955609375 0.8562321578125 0.22828235000000002 0.8506119156249999 0.2270480234375 0.8472303999999999 0.23104723593749998 0.8446028578125 0.241122190625 0.854264878125 0.291831140625 0.8550578265625 0.28643874999999996 0.86122231875 0.27617846875 0.8603207921875 0.2540579265625
0 0.9093050093749999 0.22595833125000003 0.9067475296874999 0.22532792812500002 0.903459275 0.2316154734375 0.9040731328125 0.2591019296875 0.9127403640624999 0.2854020078125 0.9166271578125 0.28137632031250004 0.9174511921875 0.27674670625000003 0.9143499140625 0.23792449062499998 0.9093050093749999 0.22595833125000003
0 0.0583498421875 0.502468559375 0.0675613265625 0.5172740265625 0.0776515828125 0.49151992343749995 0.0796494984375 0.478420334375 0.0783438375 0.4463836875 0.0764238703125 0.436547009375 0.0720707671875 0.42913103750000003 0.06853381562500001 0.4293163625 0.060317121875000004 0.43891976875000005 0.06135088125 0.45186050624999996 0.0591353578125 0.45962065625 0.0636670984375 0.483844203125 0.0583498421875 0.502468559375
0 0.15372159375 0.48447644843750004 0.158331278125 0.48576372812499996 0.1610367625 0.452752503125 0.1588216921875 0.410826228125 0.1555413234375 0.4048828609375 0.14673397187499998 0.3999934984375 0.14416860781250002 0.4115940078125 0.14257482500000002 0.4346097015625 0.14761972968749998 0.44657586250000003 0.15255559999999999 0.48071551250000005 0.15372159375 0.48447644843750004
0 0.22034879062499999 0.44200066250000003 0.22204326562499999 0.45872881249999997 0.2240954671875 0.4593856890625 0.23130948906249998 0.43760432343750005 0.2315196671875 0.40548825156249996 0.22909441875 0.39567804687499997 0.223761846875 0.389077803125 0.2186779703125 0.388579778125 0.21343077500000002 0.3964987765625 0.2174675984375 0.4210030578125 0.2135003828125 0.43547984375000004 0.22034879062499999 0.44200066250000003
0 0.288895503125 0.4590479796875 0.29464009375 0.463333415625 0.3039763765625 0.43150356875 0.30409329218750003 0.3970991640625 0.29961584218750004 0.3866320828125 0.29254193906250003 0.3870027359375 0.2876756734375 0.3918441515625 0.28530471562500004 0.3957904125 0.2884528515625 0.410913584375 0.287574075 0.45147315624999995 0.288895503125 0.4590479796875
0 0.34231584375 0.3782794765625 0.3409865296875 0.38293556562500003 0.3410408203125 0.3966920328125 0.34470211875 0.39955781562500003 0.34712736718750004 0.4093680203125 0.3540690375 0.4181771703125 0.3570306515625 0.428723678125 0.35762130625 0.4432164453125 0.3607151546875 0.44458315 0.36621893125 0.43053545781249997 0.36685644375000004 0.421329178125 0.3663901375 0.40988751875 0.36220035625 0.394054521875 0.358352534375 0.386612075 0.350462478125 0.3793814296875 0.34231584375 0.3782794765625
0 0.47480004062500003 0.3614004078125 0.4712319984375 0.36082295625 0.46589154375 0.3664536234375 0.46474875156250006 0.375686378125 0.471806884375 0.399777546875 0.4739676640625 0.42794735624999997 0.4813060359375 0.40921709999999994 0.48035022187500004 0.373340090625 0.47480004062500003 0.3614004078125
0 0.5296337125 0.439554334375 0.5350442281250001 0.423218309375 0.5331711171875 0.389682584375 0.530240590625 0.3798988546875 0.5232678328125 0.3703269265625 0.520236159375 0.370485778125 0.5174220953125 0.37598406875 0.5185955234375 0.4172005171875 0.5219691531249999 0.42543221718749996 0.5214559875 0.43768960312500005 0.5296337125 0.439554334375
0 0.576461771875 0.3958227453125 0.5785914671875 0.4232297765625 0.5803249140625 0.42848979218750005 0.5843982296875 0.42904076875 0.588541609375 0.4188863875 0.5916280234375 0.3827975796875 0.5886974953124999 0.3730138515625 0.5860778421874999 0.37085789375 0.5756845937499999 0.3767533125 0.573344725 0.381462353125 0.573562334375 0.3868017921875 0.576461771875 0.3958227453125
0 0.6340477875 0.4172664015625 0.63252451875 0.37989031406249996 0.6298426874999999 0.376208803125 0.6252640921875 0.375684303125 0.620047984375 0.38436607968750003 0.6194726453125 0.3950979125 0.6244474890625 0.417769428125 0.6236234546875 0.42239904375000004 0.6307595328125 0.4235539453125 0.6340477875 0.4172664015625
0 0.6846614984375 0.3794517046875 0.680246221875 0.3705101796875 0.6771834625 0.36990625312500003 0.6726981249999999 0.3716700828125 0.670894621875 0.377115425 0.6726354999999999 0.41983095312499996 0.67897074375 0.438609159375 0.6827642796875 0.43229513906249994 0.6853296421875 0.42069462812499997 0.6846614984375 0.3794517046875
0 0.7507054703125 0.35993866093750004 0.7466321515625001 0.359387684375 0.7390139984374999 0.371252946875 0.738912853125 0.381195528125 0.747727634375 0.42354040312499996 0.7538531546875 0.42474825625 0.7603985765625 0.41141038906249994 0.7554705890625 0.365039825 0.7507054703125 0.35993866093750004
0 0.81063135625 0.376673278125 0.809309928125 0.3690984546875 0.80618499375 0.3669689734375 0.798069446875 0.3666298 0.7966468703125 0.36899755624999997 0.796335546875 0.41105620781249996 0.8045986453125 0.42744018125 0.8091851265625 0.41573377031250003 0.8116261437500001 0.40108215156250004 0.81063135625 0.376673278125
0 0.8678290078125 0.3637390046875 0.8645797265624999 0.358558415625 0.8599389546875 0.356508359375 0.8560210734375 0.3597712703125 0.85433403125 0.3804986328125 0.8545669578125 0.411062675 0.8596429484374999 0.42379161249999997 0.869725321875 0.41026842031250005 0.87100823125 0.379624953125 0.8678290078125 0.3637390046875
0 0.9264487828125001 0.3981234 0.9245366984375 0.3760558078125 0.9196551156250001 0.355672625 0.9149210859375 0.3513342359375 0.9051885546875 0.361017065625 0.9051495796875001 0.3724852015625 0.91362240625 0.40643952656250004 0.9172837046875 0.409305309375 0.921800128125 0.40830425468750003 0.9264487828125001 0.3981234
0 0.0703650015625 0.6134423 0.0826624453125 0.641845384375 0.08098328906249999 0.6503418328125 0.08302760625 0.663229621875 0.0842014859375 0.654759646875 0.09197507499999999 0.646708271875 0.091711059375 0.615381453125 0.08802655937500001 0.59952198125 0.0813725578125 0.5853469140625001 0.0752781234375 0.5849018375 0.07069164375 0.59660825 0.0719508984375 0.6026575171874999 0.0703650015625 0.6134423
0 0.1525700125 0.6053129625 0.1604753828125 0.637768209375 0.164043421875 0.6383456609375 0.16783695468749998 0.632031640625 0.1693295890625 0.6189585265625 0.16935324375 0.582265790625 0.1608725359375 0.5605423765624999 0.157047915625 0.5660936203125 0.1489945421875 0.5672799984375 0.1496784578125 0.5840611 0.1541869953125 0.5952909578125001 0.1525700125 0.6053129625
0 0.22999458593750002 0.5668578609375 0.22843189375 0.59063633125 0.2351791546875 0.60709973125 0.2405507 0.6022318390625 0.24314715312500002 0.5913941078125 0.2500656203125 0.58720956875 0.2460934484375 0.5767160125 0.24541741718750001 0.547704 0.23825813906249999 0.533555409375 0.2300957328125 0.55691528125 0.221661428125 0.5611792437500001 0.22999458593750002 0.5668578609375
0 0.30018193593750003 0.5371904359374999 0.2961939953125 0.551158703125 0.293403134375 0.569650684375 0.299940671875 0.5685437296875 0.301044490625 0.5707791109375 0.3039982203125 0.5935565296875 0.29837009375 0.6045531140625 0.30357831874999996 0.6081022500000001 0.304775396875 0.6126259609375 0.3050941546875 0.6080228234375 0.3125179 0.6038118109374999 0.3138783015625 0.5999184984375 0.3160084484375 0.57763910625 0.313917725 0.5387639375 0.3091215203125 0.532899996875 0.30018193593750003 0.5371904359374999
0 0.38674748281250004 0.5739325843749999 0.380389034375 0.542160690625 0.37764502968749997 0.5369536234375001 0.371962615625 0.5341937406249999 0.36535501875 0.546006053125 0.3638002109375 0.5575536125 0.367492596875 0.5611821734375 0.37454284531250004 0.5975042546875 0.38556571875 0.5946334703125 0.38674748281250004 0.5739325843749999
0 0.4309248 0.5272822625 0.42011953750000003 0.5354924875 0.4182849453125 0.540175053125 0.4196606640625 0.561506340625 0.425234046875 0.5864397140625 0.43745399999999995 0.5880926421875 0.43931967812500006 0.5841728546875 0.43388641406249995 0.5378287671875001 0.4309248 0.5272822625
0 0.48238144062500005 0.512676728125 0.47798936875000003 0.5167288906249999 0.47507415937499997 0.5321697624999999 0.475237028125 0.5734391624999999 0.48158015625 0.5799864546875 0.4849305859375 0.5752244671875 0.48914402187499995 0.554364728125 0.48657910937500004 0.5162788140625 0.48238144062500005 0.512676728125
0 0.53507395625 0.5730403578125001 0.5388985765625 0.567489115625 0.5404301828125 0.5429478671875 0.537538628125 0.5216960046875 0.533846240625 0.5180674437499999 0.5282881749999999 0.5183586703125 0.521999334375 0.52556784375 0.5224967296874999 0.5377722796875 0.5274794578125 0.548212884375 0.5304331859375 0.570990303125 0.53507395625 0.5730403578125001
0 0.6083630390625 0.5325087265625 0.6030072640624999 0.5129147921875 0.599345965625 0.5100490093750001 0.5964697265625001 0.514021746875 0.592194115625 0.53335593125 0.592497103125 0.5532146171875 0.6013276546874999 0.5710976671875 0.602268153125 0.581750075 0.6090469546875 0.5492898265624999 0.6083630390625 0.5325087265625
0 0.664922725 0.5784671546875 0.6646276249999999 0.546377559375 0.6588287453125 0.5283356546875 0.654724340625 0.5270219015625 0.6503322671875 0.531074065625 0.6484354999999999 0.534231075 0.6516768984375 0.5516425765624999 0.6515678671875 0.57381606875 0.66172773125 0.58704303125 0.664922725 0.5784671546875
0 0.7082606921875 0.511221846875 0.70887455 0.5387083046875001 0.714385759375 0.5621161234375001 0.7171297625 0.5673231890625 0.72379165 0.56926734375 0.7216466375 0.5166357109375 0.717829903125 0.5099560421875 0.7082606921875 0.511221846875
0 0.7694756984375 0.5148940125 0.7657833125 0.5112654515624999 0.7582663046875 0.513188134375 0.7590745703125 0.5330203421874999 0.763225378125 0.5603214750000001 0.771682884375 0.5690512 0.7763937140625 0.560395896875 0.7735411328125 0.5276759015625 0.7694756984375 0.5148940125
0 0.8156985562499999 0.501005975 0.80909884375 0.5005873750000001 0.80495546875 0.5107417562500001 0.8068986390624999 0.533572125 0.8144309640625 0.5568740421875 0.8215670421875 0.5580289453125 0.8261224359374999 0.5455597562500001 0.81939094375 0.5046345359375 0.8156985562499999 0.501005975
0 0.8853565203124999 0.5577441859375 0.8832657984375001 0.51886901875 0.8747461187500001 0.5086137390625 0.86659948125 0.5075117875 0.862743775 0.5123002515625 0.863489865625 0.53060690625 0.8666769750000001 0.5342619421875 0.8725691156250001 0.554592178125 0.88039699375 0.5602972703125 0.8853565203124999 0.5577441859375
0 0.938224271875 0.5503876296875 0.9404708812499999 0.5433902578125 0.9383022171875 0.5274513609375 0.9306766296875001 0.501861109375 0.9290364453125 0.49888942812500003 0.9199414265625 0.49936597968749996 0.916622084375 0.504890746875 0.916427678125 0.51254499375 0.9230427062500001 0.5381881953125001 0.93118145625 0.551521059375 0.938224271875 0.5503876296875
0 0.8844926078125 0.67321478125 0.88561174375 0.7006747625 0.895639375 0.7230815296875 0.8990830656250001 0.720607871875 0.90177278125 0.7120584703125 0.8995187375 0.681600328125 0.8929579984375 0.669713596875 0.8844926078125 0.67321478125
0 0.9490128609375 0.6660120765624999 0.9434626765624999 0.654072390625 0.9354403921875001 0.656021546875 0.9321210484375 0.661546315625 0.9337612343749999 0.664517996875 0.9363572343750001 0.703366690625 0.9457942109375 0.7112806859374999 0.9493701359375001 0.699627225 0.9490128609375 0.6660120765624999
0 0.072921125 0.7631319734375 0.0768158046875 0.7468753734375 0.0757588421875 0.7209409453125 0.072890490625 0.7126827718750001 0.0671459015625 0.7083973343750001 0.059784328124999994 0.714133903125 0.057156789062500005 0.724208859375 0.05871114375000001 0.762347721875 0.0614862359375 0.7683175656250001 0.06716865 0.7710774484375 0.072921125 0.7631319734375
0 0.057505273437500004 0.8694277703125 0.0560748140625 0.8840264390625 0.060894221875 0.90288406875 0.0657836890625 0.91103634375 0.0771174328125 0.9157933312500001 0.079869321875 0.908769484375 0.0794419875 0.885859690625 0.07396974843750001 0.8509837359375 0.070121925 0.843541290625 0.060583803125 0.845569875 0.056759182812499996 0.851121115625 0.054986764062500006 0.857329234375 0.057505273437500004 0.8694277703125
0 0.1542390203125 0.8574795453125 0.15145604375 0.8637406140625 0.1614447046875 0.8976155140625 0.1583118859375 0.9077169453125 0.163333584375 0.9066894156249999 0.16494268437499998 0.908898321875 0.164872625 0.9196036796874999 0.168401690625 0.9316492656250001 0.17448869375 0.8946388265625 0.172592378125 0.8481094125 0.168052753125 0.836116778125 0.1583591953125 0.8343314749999999 0.151969209375 0.8514832265625 0.1542390203125 0.8574795453125
0 0.15035313125 0.762132384375 0.153478065625 0.764261865625 0.1585540546875 0.7769908015625 0.165915628125 0.771254234375 0.16740083125 0.7207256078125 0.1645324765625 0.71246743125 0.1592309921875 0.706629965625 0.1499415671875 0.7147607671875 0.1476327828125 0.7202325843749999 0.14793576875 0.7400912671875 0.1525686546875 0.7543722359375 0.15035313125 0.762132384375
0 0.23913374531249998 0.8408008062500001 0.23212201562499998 0.8426970125000001 0.22776102968749998 0.8475119546875 0.2186660109375 0.8479885046875 0.22175197343750003 0.861586121875 0.2196297109375 0.8716346015624999 0.227488678125 0.8781024703125 0.22646234999999998 0.90261724375 0.23031017343750002 0.910059690625 0.23289085625 0.92368378125 0.239016378125 0.924891634375 0.24888902656249998 0.893798090625 0.2466270984375 0.8755708609375 0.249285725 0.86625868125 0.24647954843750003 0.8595260625 0.24664286875000002 0.8511090359375 0.243300325 0.843640115625 0.23913374531249998 0.8408008062500001
0 0.2398570859375 0.7964273484375 0.24203363906250003 0.8001353328125 0.24858694374999998 0.77456655625 0.252380478125 0.7682525359375 0.2528003828125 0.7537068171875 0.258335246875 0.740421903125 0.254611771875 0.7360305640625 0.2531349078125 0.72464185625 0.24988562499999997 0.7194612671875 0.245244853125 0.7174112109374999 0.23765778593750003 0.73003925 0.2381862671875 0.7430064625 0.2347036046875 0.7569482546875 0.2398570859375 0.7964273484375
0 0.3058082515625 0.7249395484375001 0.3024109640625 0.753400584375 0.30275292343750004 0.761791134375 0.3081165828125 0.76915415625 0.308038640625 0.7920904265625001 0.31515151406249997 0.7802516374999999 0.3184476546875 0.7617331828125 0.323282834375 0.7561289890625 0.32032121875 0.7455824843750001 0.32093552812500004 0.7233825171875 0.31624046875 0.7075759953125 0.311724046875 0.7085770484375 0.30502318906250003 0.718101028125 0.3058082515625 0.7249395484375001
0 0.31683719843749997 0.9085835484375 0.331816925 0.89098171875 0.328552325 0.8605765265624999 0.321898325 0.8464014609375001 0.3177628328125 0.8443249296875001 0.3132774984375 0.8460887609375 0.305752603125 0.8602423546875 0.302681959375 0.8718693406250001 0.3118623546875 0.88591203125 0.3134635671875 0.9003518500000001 0.31683719843749997 0.9085835484375
0 0.37464172812499996 0.835993796875 0.3787456796875 0.886993975 0.38312986875 0.895172721875 0.3863559484375 0.8873596234375001 0.38940339062499996 0.8627389484375 0.38828425625 0.8352789671874999 0.383993328125 0.82938855 0.37464172812499996 0.835993796875
0 0.373858025 0.680096003125 0.3724354484375 0.6824637625000001 0.373904428125 0.70608338125 0.36966778906250003 0.71394943125 0.3646460875 0.7149769609375001 0.37284701249999996 0.729835378125 0.37265260625 0.7374896265625 0.370312734375 0.7421986656249999 0.37283124375 0.7542972015625 0.376593690625 0.747220403125 0.3812344609375 0.749270459375 0.3883473359375 0.7374316734375 0.3927008890625 0.6951612218750001 0.391822565625 0.6860343703125 0.3875627265625 0.6809067296875 0.373858025 0.680096003125
0 0.44027459062499996 0.7194227125 0.4351206546875 0.7296300453125 0.4343587953125 0.7357852125 0.4354937 0.738783371875 0.43938049531249995 0.734757684375 0.44556818906249995 0.7374910890625 0.448498715625 0.74727481875 0.4532327484375 0.7516132062499999 0.45516060312500006 0.7492189734375 0.45791294374999997 0.6925087046875 0.44898912968750004 0.67233731875 0.4454832671875 0.673285421875 0.4398862265625 0.6850447843749999 0.44027459062499996 0.7194227125
0 0.43885854062499996 0.8586188296874999 0.44251984218749996 0.8614846140625 0.4453571078125 0.8689800109375 0.4490416078125 0.8848394828125 0.450386240625 0.9054079937499999 0.45361232031250004 0.8975948953125 0.45592899062500003 0.8798921656250001 0.45666764843749996 0.8607433109375 0.45397050156249996 0.8318371984375 0.45031708593750003 0.816740503125 0.4466246984375 0.8131119421875 0.440242596875 0.8180327828125 0.4379959875 0.8250301546875001 0.43885854062499996 0.8586188296874999
0 0.5147436234375 0.8569358890625001 0.5178068359375 0.8078533890624999 0.5164543218750001 0.7995157921875 0.508626440625 0.7938107 0.5019877578124999 0.804860234375 0.5036511453125 0.8208256078125 0.502173828125 0.8591233218750001 0.5038451 0.8628577828124999 0.5074131375 0.863435234375 0.5147436234375 0.8569358890625001
0 0.49845914375 0.743128225 0.503714225 0.7229783140625 0.4995791859375 0.6712153578125 0.4957935375 0.6652984671875 0.4917202203125 0.664747490625 0.487833425 0.668773178125 0.4861542671875 0.677269628125 0.490133871875 0.7252186968750001 0.49404386875000006 0.7341866984375 0.4949532796875 0.744076328125 0.49845914375 0.743128225
0 0.539261159375 0.7180581328125 0.5503072343750001 0.7281810359375 0.5535644015625001 0.7211307140625001 0.5559432453125 0.7049535390624999 0.5552282421875 0.6874096625 0.5478202640625 0.6671588515625 0.540520865625 0.674420975 0.537800065625 0.6822076 0.5407927640625 0.6935168828125 0.541002490625 0.7110872359375 0.539261159375 0.7180581328125
0 0.5660565671875 0.8611268937500001 0.564377409375 0.86962334375 0.5669659796875 0.8710165234374999 0.5680776828125 0.8610209937500001 0.5740477671875001 0.858414959375 0.5754081671875 0.8545216468750001 0.576341234375 0.8277185421875 0.573542940625 0.808755009375 0.568839996875 0.8051793999999999 0.563313015625 0.806233403125 0.5615327125 0.8246724359375 0.5625896765625 0.8506068625 0.5660565671875 0.8611268937500001
0 0.628998809375 0.8524780578125 0.6304213843750001 0.8501103015625 0.629931875 0.8256749531249999 0.62536905 0.8006886281250001 0.619500109375 0.79335208125 0.6149836890625 0.7943531359375 0.6131801828125 0.7997984781249999 0.613265559375 0.814317721875 0.616382609375 0.8286781140624999 0.6253685953125 0.8503750531250001 0.628998809375 0.8524780578125
0 0.5967476984375 0.7196324390625 0.59216121875 0.7313388515625 0.59297736875 0.7389401484375 0.5942755953125001 0.7335212828125 0.5996782265625 0.7294161671875 0.6050418859375 0.7367791890625 0.6121858484375 0.72570318125 0.6128855343749999 0.7180224578125001 0.610071925 0.6738343234374999 0.606884815625 0.6701792890625 0.6028425859375 0.670391090625 0.598419425 0.6736804750000001 0.5970901109375 0.6783365640625 0.5967476984375 0.7196324390625
0 0.67630196875 0.7085843703125 0.6711173984375 0.6683425 0.6678681156249999 0.6631619093750001 0.6638258859375 0.6633737109375 0.6600012656249999 0.668924953125 0.66255829375 0.719241778125 0.667572109375 0.7304451609375 0.6716143406249999 0.730233359375 0.6748404203125 0.7224202609375 0.67630196875 0.7085843703125
0 0.681835928125 0.7946723015625 0.6792784453125 0.7940419000000001 0.6749485468749999 0.7996196171875 0.6759043625000001 0.835496625 0.6799387078125 0.8475157359375001 0.6877354999999999 0.8524580500000001 0.6877512703125 0.8279962265625 0.68461101875 0.80064214375 0.681835928125 0.7946723015625
0 0.7366621671875 0.835370715625 0.74237566875 0.8388933749999999 0.7462081765625 0.821111221875 0.745283446875 0.785996990625 0.7394845671875 0.7679550890625 0.734937059375 0.768193365625 0.7316177171875 0.77371813125 0.7303737781249999 0.7928934640625 0.7330319546874999 0.833267709375 0.7347032265625 0.8370021703124999 0.7366621671875 0.835370715625
0 0.7270627765625 0.736500896875 0.73380260625 0.71550878125 0.7286180359375 0.6752669109375 0.7258118578125 0.6685342921874999 0.7205414625000001 0.6634596015625001 0.7160872140625 0.6659862109375 0.7143147937500001 0.6721943296874999 0.714369084375 0.68595079375 0.718527778125 0.7010210140625001 0.72160585625 0.72684954375 0.7270627765625 0.736500896875
0 0.7917458953125001 0.7705675890625 0.7866931078125 0.770832340625 0.7829306609375 0.7779091359375 0.7890868156249999 0.8295661890625 0.7977387296875 0.8306416671875001 0.8012524781250001 0.8174626515625001 0.8010817250000001 0.7884241656250001 0.7991617578125 0.7785874859375 0.7917458953125001 0.7705675890625
0 0.785415725 0.7146407359375 0.788260875 0.7099052203125 0.7873904359375 0.6885474578124999 0.78894524375 0.6769998968750001 0.795117621875 0.6545087046875 0.7940138015625 0.6522733234375 0.7891475359375 0.6571147374999999 0.7794228921874999 0.65456665625 0.7759792015625 0.657040315625 0.7801453265625 0.709566046875 0.7813113203125 0.7133269828125 0.785415725 0.7146407359375
0 0.8419011859375001 0.7090803203125 0.841722546875 0.6922727453124999 0.837665 0.6672599453125 0.833405159375 0.66213230625 0.82702305625 0.6670531468750001 0.8269683140625 0.7029831046874999 0.8299220437500001 0.7257605234375 0.8325727859375001 0.7286792578125 0.8359853890625001 0.7254428203125001 0.8419011859375001 0.7090803203125
0 0.8476833890625001 0.8509568953125 0.8533658015625001 0.8537167796875 0.8570739609375 0.832883515625 0.8541202312499999 0.810106096875 0.8469920390624999 0.79672028125 0.839288509375 0.7940663015625 0.837422828125 0.7979860890625 0.8381689187499999 0.81629274375 0.8416668984375001 0.8275755515625001 0.8432991984375 0.842778146875 0.8476833890625001 0.8509568953125
0 0.8986237390625 0.7963081484375001 0.891643096875 0.7989671328125 0.8893343109374999 0.80443895 0.8924666796875 0.8440239437500001 0.9014294625 0.8527271937500001 0.906645571875 0.8440454171875 0.9060706859375 0.8050908250000001 0.9038319625 0.7998572828125 0.8986237390625 0.7963081484375001
0 0.964341071875 0.79362915625 0.96068765625 0.7785324609375001 0.9564589031249999 0.7741675984375 0.952097915625 0.7789825390625 0.950387671875 0.7867162125 0.952664915625 0.8301680421875 0.9592256562499999 0.8420547781250001 0.96311245 0.838029090625 0.9647605218749999 0.8287698609374999 0.964341071875 0.79362915625