0 0 0.90301945625 0.0017089671875 0.9022094453125 0.0237826890625 0.9001216171875001 0.03854983125 0.895798240625 0.047356225 0.8962822796875001 0.05767205156250001 0.8944651546875001 0.0782363421875 0.8946784890625 0.0841537828125 0.8923445171875001 0.061637865624999996 0.8917182578125 0.053408396875 0.8862531499999999 0.0544419546875 0.8831616890625 0.057403079687500004 0.8818572890624999 0.04615474375 0.8809945062500001 0.03451233125 0.8746693609375 0.0217689953125 0.8752832578125 0 0.880556334375 0 0.90301945625
0 0 0.8111212359375 0.003782353125 0.8117571421875001 0.0297593359375 0.8104951671875 0.0361526578125 0.808951496875 0.0455311625 0.8047292921875 0.055347054687499994 0.803496003125 0.073560825 0.7981088765625 0.024933679687499998 0.7784415640625 0.0008024671875 0.7861626625 0 0.7862385640625 0 0.8111212359375
0 0 0.7152062421875 0.0025149703125 0.7163223921874999 0.033870964062499995 0.7155089 0.0387933453125 0.7140677765625 0.045263653125 0.708126871875 0.06352073124999999 0.7002662984375 0.0729281078125 0.6943951312500001 0.0719715390625 0.6930893593749999 0.055767140625 0.695591490625 0.049893003125 0.695452015625 0.0435478015625 0.6942474140625 0.034823209375000004 0.689091315625 0.0323764546875 0.688987396875 0.022570187499999998 0.6896710296874999 0.010264235937500001 0.6932738453125 0.0034094734375 0.6932027328125 0.001477090625 0.691690496875 0 0.6939423484375 0 0.7152062421875
0 0 0.631005928125 0.006948500000000001 0.63092089375 0.0176872765625 0.6329171703124999 0.0436642578125 0.6316551953125 0.0447459328125 0.6258154593749999 0.054638810937500004 0.6201849390625 0.069314528125 0.621083278125 0.07330921093750001 0.61668741875 0.074857140625 0.6121876390625001 0.0734246953125 0.6100915687499999 0.052889275 0.6082292734375 0.0441165640625 0.6058214453125 0.015284314062500002 0.6023416218750001 0.0124049875 0.5989739578125 0.012953040625 0.5956418515624999 0.007107776562499999 0.5938534140625 0.001180709375 0.5967370390625 0 0.5978605953125 0 0.631005928125
0 0 0.54125251875 0.01193970625 0.541637634375 0.0379263140625 0.53982600625 0.041377754687500004 0.5384874265625 0.0429256828125 0.5339876453125 0.04641561875 0.53045045 0.071517834375 0.523210640625 0.07301283125 0.5217339625 0.062721065625 0.5221769484375 0.0544146078125 0.5211090734375 0.0378498125 0.5162250546875 0.0202514625 0.514432496875 0.01699249375 0.50477799375 0.012589296875 0.5045359734375 0 0.5097916796875 0 0.54125251875
0 0 0.45609581875 0.029106946875 0.45617189375 0.03496665 0.45713584999999995 0.040379343750000005 0.45566054375 0.043354906250000005 0.4535316625 0.0404900140625 0.4493395203125 0.042484948437499996 0.4472790015625 0.05285851875000001 0.4421639546875 0.0724999203125 0.43914772500000004 0.0808785546875 0.436093190625 0.0902041328125 0.43489408437500005 0.094112203125 0.43544511249999995 0.0956168265625 0.4334187765625 0.0750958421875 0.430732 0.064323384375 0.4306595171875 0.0472442171875 0.42718381406250006 0.042908384375000004 0.4230942171875 0.036058434375 0.4227482796875 0.018858973437500003 0.4261432546875 0.0070337125 0.430261540625 0 0.43113259218750005 0 0.45609581875
0 0 0.364324903125 0.008198159375 0.3637533765625 0.015504745312500002 0.365988921875 0.028224020312499997 0.3667491609375 0.040481853125 0.36589461874999996 0.0449283546875 0.3636631953125 0.047937600000000004 0.359610525 0.0553307953125 0.35689918125000003 0.061291542187500006 0.35209176875 0.08483437968749999 0.3444116875 0.09620964843749999 0.3436186734375 0.100646528125 0.3419369015625 0.0987093328125 0.3406994921875 0.0673052203125 0.34426125625 0.049235803125 0.34140357187500003 0.0370838296875 0.3362119171875 0.0326758203125 0.3362447234375 0.009558918750000001 0.3419736703125 0 0.3431049984375 0 0.364324903125
0 0 0.2816085203125 0.012559514062499999 0.282474284375 0.01798183125 0.2804493234375 0.0346380484375 0.280111628125 0.0454490015625 0.277985496875 0.0508328265625 0.27815915156250004 0.0665420984375 0.2759660296875 0.08168888125 0.277929496875 0.092961278125 0.27741814374999996 0.0954272796875 0.276422753125 0.0793479859375 0.2717793796875 0.0666287109375 0.271019140625 0.062759134375 0.2682694953125 0.0573849328125 0.2675461875 0.056452424999999994 0.2648662765625 0.0643359328125 0.262120753125 0.06196135312499999 0.257894428125 0.049717954687499996 0.257924490625 0.045271454687500004 0.2601559140625 0.042829510937499995 0.25977716875 0.043887125 0.255311571875 0.015972948437500002 0.2553361375 0.01161786875 0.252345846875 0.0012924171875 0.2547126234375 0 0.255754975 0 0.2816085203125
0 0 0.19688498125 0.012604281249999998 0.1960062859375 0.0214058640625 0.19676515156250002 0.0394367859375 0.20182145468749998 0.045315734375 0.2016861 0.0537232375 0.19698260625 0.0617077921875 0.1884657109375 0.0755135546875 0.18311139062499998 0.10142317187500001 0.1856969953125 0.10732136875 0.1844623328125 0.0985823390625 0.180130715625 0.0892904453125 0.17940603125000001 0.0790997234375 0.1740776515625 0.030193496874999996 0.1703503140625 0.0292465515625 0.1684948875 0.03476029375 0.161248209375 0.033366342187499995 0.156953521875 0.0289487109375 0.1575359828125 0.01806558125 0.1637845234375 0.006721009375000001 0.1684182828125 0.0033224984375000003 0.1667337640625 0.0048752390625 0.1619591578125 0.0029332328125 0.160996575 0 0.1612010625 0 0.19688498125
0 0 0.1055271078125 0.0073470265625 0.104692571875 0.0103225890625 0.102563690625 0.027550921875000002 0.0975197515625 0.057003403125 0.09354506093750001 0.06443027968750001 0.0889099296875 0.0698285390625 0.0882591046875 0.0708284140625 0.08709143281250001 0.08608105625 0.083008703125 0.09930026875 0.08318510625 0.10961609531250001 0.08136798125 0.10723670468749999 0.07741648281249999 0.09551249218749999 0.07576339843749999 0.094070421875 0.07421698125000001 0.028517599999999997 0.0702776859375 0.0093183921875 0.07600800468749999 0 0.08263015625 0 0.1055271078125
0 0.238016125 0.047986948437499996 0.219316853125 0.053133432812500006 0.1667185953125 0.06448603124999999 0.1592869078125 0.069395990625 0.161589309375 0.077744721875 0.18793631093750002 0.0833192453125 0.22421949843750003 0.0807897984375 0.2394673296875 0.0769818984375 0.247850775 0.0736525375 0.262243084375 0.0627674921875 0.26428132656250003 0.058233529687499994 0.2751403953125 0.053359128125 0.2787265671875 0.0443253875 0.2925900703125 0.035673140625 0.2916431265625 0.0338177140625 0.286249678125 0.0341937125 0.2822983015625 0.036116128125 0.2596669 0.042085720312500005 0.2473368890625 0.047062668749999995 0.238016125 0.047986948437499996
0 0.23321208906250002 0.1545501359375 0.24308090781249997 0.1502937484375 0.2416388390625 0.14874733125 0.23478888750000002 0.14840139375 0.21561855 0.1524827515625 0.201336909375 0.157046771875 0.1846614453125 0.15848377656249998 0.1806571375 0.163429290625 0.15558379218750001 0.1690201359375 0.147666603125 0.17368945 0.1500171234375 0.179289909375 0.152915696875 0.1815582625 0.17442693125 0.18362702343749998 0.1802721953125 0.18541545937499998 0.19156864843750002 0.1835299734375 0.2013123640625 0.186419090625 0.20572037187499997 0.186386284375 0.2200116359375 0.181272609375 0.241123978125 0.1781538328125 0.24804129375 0.17465219062499998 0.2530502890625 0.168264178125 0.26193366875 0.1643509828125 0.28402663906250003 0.16116384374999998 0.2928282203125 0.1619227078125 0.296798846875 0.1589009859375 0.2968662109375 0.155053403125 0.2468734984375 0.1574406265625 0.2366057875 0.15650948125 0.23318802968750002 0.1559242703125 0.23321208906250002 0.1545501359375
0 0.1977589015625 0.24952541093749997 0.1953217703125 0.2488718390625 0.1944133203125 0.2448177953125 0.18714523125 0.24038363281250003 0.1841889171875 0.24141320312499998 0.1607929296875 0.263082121875 0.16120144375 0.2677200015625 0.17825655 0.272569840625 0.1900481296875 0.27037534375 0.2165202375 0.26880435937499997 0.2364931671875 0.2748232421875 0.2409059875 0.2745156078125 0.2448718 0.271768709375 0.25388509843749996 0.2604351828125 0.26718130156250003 0.2562143515625 0.270180921875 0.25271133749999997 0.2746178 0.2510295640625 0.2776222328125 0.24725172187500002 0.266446075 0.24226653125 0.2410652625 0.237448128125 0.216501478125 0.241905484375 0.1977589015625 0.24952541093749997
0 0.27813514375000004 0.329837959375 0.27470295 0.33007723125 0.2751210875 0.3341654578125 0.28640310625 0.33310445 0.27813514375000004 0.329837959375
0 0.306044509375 0.3300882203125 0.2873981671875 0.33221160625 0.2473512609375 0.325945209375 0.240136103125 0.31848794687500004 0.2352377828125 0.31855493749999997 0.21405807187499998 0.32552129375 0.209102009375 0.328886209375 0.20072819062499997 0.3316659125 0.1909267328125 0.33207471875 0.18262509062500001 0.33073201874999997 0.1732947 0.3322059515625 0.166338890625 0.337906209375 0.16429102499999998 0.34298982499999997 0.1676125484375 0.349071578125 0.17729852031249999 0.3552586203125 0.20726056406249999 0.350150440625 0.23904432031249997 0.35287552031249997 0.2508070265625 0.3523299875 0.284763753125 0.3428259453125 0.2935797703125 0.34276032968750003 0.297026396875 0.3416965765625 0.2980262734375 0.3405289046875 0.2852877484375 0.3408679734375 0.27894254531249996 0.339663371875 0.2790002875 0.33636544687500003 0.28589354375 0.3342379421875 0.30649632968749996 0.3322526546875 0.308476828125 0.3310166203125 0.306044509375 0.3300882203125
0 0.24217239687499997 0.425946728125 0.24260015625000003 0.4294852984375 0.24946935468749998 0.42873192656250003 0.25391585625 0.42650050312500004 0.253454415625 0.42488572031249994 0.24664776875 0.4220663390625 0.2422301359375 0.42264880156249995 0.24217239687499997 0.425946728125
0 0.3019044984375 0.398725265625 0.2772156078125 0.41032812500000004 0.25954507968749996 0.412657975 0.246840240625 0.411073253125 0.2424707265625 0.4089074453125 0.23416908125 0.40756474374999996 0.21151843124999997 0.41463364374999995 0.2066586046875 0.412502015625 0.21015335156249998 0.4086899921875 0.20526465312500003 0.4082073265625 0.202784215625 0.4100271984375 0.1495561046875 0.42938396562500003 0.14072565312500002 0.4302740640625 0.142667659375 0.43123664531249994 0.1514884875 0.4308962015625 0.15536768750000002 0.43309619374999997 0.1651306484375 0.43488600312500003 0.17483105625 0.440248565625 0.19194871875 0.4415256515625 0.2130610625 0.4384068765625 0.23408679375000002 0.44023498906249997 0.24241730781249998 0.43992872812500006 0.2547521296875 0.434676953125 0.25970819375 0.43131203749999997 0.28233959531249997 0.42534244374999997 0.2843152828125 0.4243812375 0.2833442796875 0.42389994687500004 0.27309581875 0.42186949062499995 0.2766194359375 0.416408503125 0.2840318765625 0.412597853125 0.2860364359375 0.40998768124999996 0.30281775781250003 0.40250448125 0.3019044984375 0.398725265625
0 0.2232556203125 0.49945680000000003 0.1952307703125 0.505802390625 0.19233700781250002 0.503259209375 0.186674590625 0.491027340625 0.1827232125 0.4929497578125 0.1850881671875 0.4977257375 0.18495343749999998 0.5054208984375 0.18297293750000002 0.50665693125 0.1790600546875 0.5063807312499999 0.17276296875 0.502427859375 0.1663937078125 0.50259739375 0.167292534375 0.507201090625 0.154477021875 0.5119373953124999 0.1529724 0.5139637296874999 0.1543326671875 0.5201822093749999 0.157211996875 0.5235498703125 0.1752814140625 0.52640755625 0.17719936249999999 0.5287442718750001 0.18752 0.526652321875 0.225259690625 0.5248448140625 0.2414640890625 0.5223426828125 0.25873091718749996 0.5151001265625 0.26955630468749997 0.5121495125 0.27896849218750003 0.5060035187499999 0.286356875 0.5035670046875 0.2912551953125 0.503500015625 0.29912426875000003 0.501578971875 0.30656076875 0.49639418593749995 0.3036573828125 0.494400659375 0.2800982828125 0.497415515625 0.2443583390625 0.4968876796875 0.2232556203125 0.49945680000000003
0 0.277573078125 0.585703384375 0.2506443390625 0.585384759375 0.2405113578125 0.5767584546875 0.22772953125 0.5795709671875 0.2025840078125 0.58928421875 0.1962147484375 0.5894537546875 0.1893888546875 0.58773368125 0.1563742609375 0.599367975 0.15428789999999998 0.60665020625 0.16057536249999999 0.611152734375 0.1727754546875 0.6135961171875 0.1840478484375 0.613084765625 0.19868026249999998 0.6164565484375 0.2060301484375 0.6162186515625 0.206061425 0.614432275 0.21002964531249999 0.6115479625 0.22127798125 0.6124107484375 0.2472501515625 0.6114236 0.251220775 0.608401875 0.24981720312500003 0.6046568406249999 0.2523024515625 0.6025621421875 0.2739676609375 0.5958364328125 0.2896576875 0.59474261875 0.2916478125 0.59295693125 0.2847930484375 0.59288581875 0.2813849125 0.5917509546875 0.277573078125 0.585703384375
0 0.271058003125 0.6781122875000001 0.26714511875 0.6778360875 0.2672413546875 0.6723395453125 0.260391403125 0.6719936078125001 0.2496766859375 0.6686231968749999 0.24386028906249999 0.665185796875 0.23800058906250002 0.6642218421874999 0.2247140109375 0.66789301875 0.19755911875 0.6804912671875 0.185772353125 0.6824109359375 0.17798989062499998 0.6793850906250001 0.1745576984375 0.6796243625 0.1533731765625 0.686865546875 0.150397615625 0.688994425 0.1502436375 0.6977888937500001 0.15902116093750002 0.69992189375 0.1820081453125 0.7016132828125 0.18581998125000002 0.7076608515625 0.1911893703125 0.7086589875 0.20444226406250002 0.7069116015625 0.20251950624999998 0.7048497109375 0.205033625 0.70110605 0.21284976718749998 0.70220810625 0.24228300468750003 0.6993327234375 0.276249353125 0.689279028125 0.30420202500000004 0.687055846875 0.29933257343749997 0.685473871875 0.2984193140625 0.68169465625 0.3048366921875 0.67877685 0.291117540625 0.6791842828125 0.28715654218750003 0.6816563546875 0.27250488125 0.679383878125 0.271058003125 0.6781122875000001
0 0.1990088609375 0.7934807703125 0.1981533421875 0.7864036296875 0.19477888906250002 0.783344975 0.19077458281249998 0.7882904921875 0.19264922499999998 0.7931006515625 0.1945912296875 0.794063234375 0.1990088609375 0.7934807703125
0 0.21307445937499997 0.7732857859375 0.21992922343750002 0.773356896875 0.2313171 0.7662496937500001 0.22499114531250003 0.7639457859375 0.21860744687500003 0.7649398 0.21218044374999998 0.7684072609375 0.211127640625 0.77259803125 0.21307445937499997 0.7732857859375
0 0.3025804578125 0.779672584375 0.30506089375 0.777852715625 0.30262376406249997 0.777199140625 0.2800741625 0.7784966718749999 0.2732867625 0.77457798125 0.24156075000000002 0.768554978125 0.23624910312499997 0.7642589140625 0.23088933906250003 0.7627111234374999 0.2136850671875 0.7663809265625 0.1783440125 0.771040625 0.1729024484375 0.77416489375 0.1452909234375 0.7848735359375001 0.1427719921875 0.788892025 0.14318531875 0.7932550765624999 0.167114434375 0.7970767171875 0.16851801093750002 0.8008217515625 0.165523203125 0.8040499390625 0.16940721406249998 0.805975103125 0.1723972125 0.8030217421874999 0.180718103125 0.803265134375 0.1822034796875 0.8023381078125 0.24428080156249998 0.80899011875 0.2482418015625 0.80651805 0.24532398125000002 0.805349003125 0.243434903125 0.8013633234374999 0.2341766921875 0.7987148484375 0.21507853125 0.7986738015625 0.21466039375 0.7945855749999999 0.2520300671875 0.7859415703125 0.2633746375 0.7813078124999999 0.28201135625 0.77973408125 0.3025804578125 0.779672584375
0 0.2559029921875 0.8724109421874999 0.25403316249999996 0.8673259546875001 0.24722651875 0.864506571875 0.24672626874999998 0.8753174421875001 0.2464426875 0.8813052078125001 0.252331259375 0.8806202015625001 0.2559029921875 0.8724109421874999
0 0.3015550640625 0.866208946875 0.305011315625 0.864595540625 0.30355962187499996 0.8635987765625 0.280010146875 0.8660639796874999 0.251658584375 0.8630996265625 0.23892487343750002 0.8631638703125001 0.23454092499999998 0.8618225421875 0.21201538125 0.8617459390625 0.20177654218750002 0.859165828125 0.1938737875 0.8630106609375 0.16929556875000001 0.8682924968749999 0.15599455625 0.872788153125 0.14856286875 0.8776981140625001 0.14706305625 0.8794496203125 0.14842332656249999 0.8856681 0.146913890625 0.8879692640625001 0.1562154078125 0.8881442921874999 0.1610367421875 0.8924745375 0.157984190625 0.89900065 0.1588830171875 0.9036043484375 0.1677712109375 0.899416325 0.16979020625000002 0.895981671875 0.17474626875 0.8926167578124999 0.1915131578125 0.8859580375 0.198858234375 0.8859949671875 0.21252445468749998 0.8886106328125001 0.2429335046875 0.8859417140625 0.26408434375 0.880624321875 0.2896287546875 0.8760986031250001 0.3008867140625 0.8764117328125 0.3117361609375 0.8720869828125 0.3053909578125 0.870882384375 0.30146364062500003 0.8714306625000001 0.3015550640625 0.866208946875
0 0.47946230312499993 0.8302000453125 0.476030109375 0.8304393171875001 0.38738395625 0.8588530171875 0.3961855359375 0.8596118828125 0.398560115625 0.863838209375 0.39753618125 0.866380015625 0.4009058234375 0.8697134984374999 0.4546141375 0.8788703859375 0.4629494625 0.8782892984374999 0.4595798234375 0.87495581875 0.465987578125 0.872587665625 0.48754211718749996 0.8721829812499999 0.515663203125 0.860340846875 0.5544364500000001 0.8554418781249999 0.54812011875 0.8525883140625 0.52901714375 0.852822090625 0.5070829625 0.846939934375 0.5041940109375 0.8441219265625 0.5012425078125 0.8448766703125001 0.49537799375 0.8441875421875 0.4890761 0.840509496875 0.47946230312499993 0.8302000453125
0 0.49258625624999997 0.7798766234375 0.4838087328125 0.777743621875 0.495658053125 0.7722511984375 0.5015562499999999 0.7710165390625 0.5050365593749999 0.768028996875 0.52182750625 0.759996140625 0.5449684703125001 0.7528930578125 0.53911358125 0.751654275 0.5223948093749999 0.7555647234375 0.5086660359375 0.7565218109375 0.4812854765625 0.7540387515625 0.4730078921875 0.751321915625 0.4706958671875 0.7435228359375 0.468763484375 0.7420106 0.4648457890625 0.7420092281249999 0.454452971875 0.7482235859374999 0.45046310156249997 0.7523446171875 0.439632903125 0.755570059375 0.43083132187500006 0.7548111937499999 0.41903011875 0.75755534375 0.41065629687499994 0.76033505 0.3997635453125 0.76713324375 0.39821561875 0.7716330218749999 0.409353284375 0.7788168296875 0.41519854843750004 0.780605265625 0.42205812343750004 0.78040155 0.4244711953125 0.782429259375 0.4214667625 0.7862071015625001 0.4213897734375 0.7906043359375 0.424336465625 0.79012441875 0.43134039375000005 0.7816758890625 0.4382529 0.7784490734375 0.44265609375 0.77869109375 0.447982178125 0.7821626734375 0.45382744218750004 0.7839511109374999 0.467498475 0.7862919484375 0.4733774234375 0.786156596875 0.482722246875 0.7838581812500001 0.50134453125 0.7831089312499999 0.514597425 0.7813615453125 0.51658755 0.7795758546875 0.5019070203125 0.7789523421875 0.49258625624999997 0.7798766234375
0 0.523588615625 0.6594094140625 0.5192046671874999 0.6580680859375 0.5177722203124999 0.6559720140625 0.5331403484374999 0.6452934328125 0.5415286015625 0.6416892453124999 0.541052725 0.6408989453125 0.537644590625 0.63976408125 0.5322511421875 0.64014008125 0.512109803125 0.6437401453125 0.48272949687500005 0.64359243125 0.446835575 0.6518590625 0.4287613453125 0.6492762046875 0.4040435859375 0.662528028125 0.40051996875 0.6679890140625 0.4004333578125 0.672935903125 0.40370676093749996 0.6817659265625 0.405749815625 0.6769571390625 0.4092012546875 0.6756185578125 0.416036771875 0.6767889765625 0.42583822656250003 0.6763801703125 0.4296981796875 0.679679471875 0.4296404390625 0.6829773968749999 0.43349077031250005 0.6868263484375 0.4378939671875 0.6870683671875 0.4403647796875 0.6857981515625 0.498846796875 0.6740353703124999 0.5243527125 0.671708271875 0.545407315625 0.6718874203125 0.546421625 0.6698952671875 0.5376248546875 0.668861575 0.5332745890624999 0.6655964562500001 0.5445758546875 0.66343614375 0.54803210625 0.6618227375 0.5451094734375 0.6609285171875 0.5333563890625 0.660924396875 0.528006246875 0.6588269515625 0.523588615625 0.6594094140625
0 0.5243931578125001 0.5575169140625 0.5074917828125 0.5578717 0.5004207328125 0.55616871875 0.49754140625 0.55280105625 0.4882350765625 0.5529008531249999 0.4828849359375 0.5508034078125 0.4716510359375 0.5491161421874999 0.47020896562500003 0.547569725 0.46384451562500006 0.54746443125 0.45641282656250004 0.552374390625 0.40570364531249997 0.5677126703125001 0.401199403125 0.573242021875 0.401117603125 0.57791408125 0.4054293765625 0.5833778171875 0.40936150624999995 0.582554709375 0.41277926562499995 0.5831399187499999 0.4171439671875 0.5855805562499999 0.42845485625 0.5828705875 0.4425921421875 0.586551378125 0.46654050937499997 0.5892737109375 0.47635158593750004 0.5883152484374999 0.49456054375 0.5832029484375 0.51530286875 0.5732476765625 0.5119621015625 0.5682652312500001 0.5139955281249999 0.5640060984375 0.52581598125 0.5601626390625001 0.5307191125 0.5598208234375 0.5312382953125 0.5581376796875 0.5386170546875 0.5562508187499999 0.5439816328125 0.5575237828125 0.5464476328125001 0.5565283921875 0.546971628125 0.5545704234375 0.53422829375 0.5551843187500001 0.5243931578125001 0.5575169140625
0 0.4872847828125 0.46732569843749994 0.47796882968750004 0.4679751515625 0.4740078296875 0.47044722187500004 0.4563132421875 0.47415120625 0.447924984375 0.47775539375 0.441574971875 0.47682562031250003 0.4386667734375 0.47510692031249996 0.433879121875 0.4688528859375 0.43250441874999995 0.46345888906250005 0.4307977015625 0.47702796249999996 0.406680925 0.48392458125 0.402719921875 0.48639665 0.40165749687499996 0.491137075 0.40794495781249995 0.4956396015625 0.41771273124999997 0.49715458437500004 0.42013061562500004 0.498907465625 0.4338593890625 0.497950378125 0.44068527968750004 0.49967045312499997 0.454923615625 0.497579875 0.479876665625 0.4988597078125 0.4896829328125 0.49817607500000005 0.497571253125 0.4951557234375 0.5069786296875 0.48928455625 0.51535245 0.48650485000000004 0.5350227234375 0.48183965781250004 0.54827561875 0.480092271875 0.5438964828125 0.47847611562500003 0.523798446875 0.47960273750000004 0.5032774625 0.47691596093750005 0.4837707875 0.47223703125 0.4907073515625 0.46763608124999995 0.4872847828125 0.46732569843749994
0 0.5049086546875 0.38374956718750003 0.47701372343750004 0.38267482343750003 0.4746487703125 0.37789884375 0.47027925625 0.3757330359375 0.4555217359375 0.3795067578125 0.44169191718749995 0.3862352140625 0.4372646609375 0.3873673296875 0.42991958593749996 0.387330403125 0.4284149609375 0.3893567375 0.40431262031250004 0.3954288734375 0.397313503125 0.40360257656250004 0.39820270625 0.408755928125 0.4015867828125 0.41126492812500004 0.41722387968749997 0.4131942125 0.420579084375 0.4173521734375 0.434380034375 0.4122726796875 0.45392520468750003 0.4147529921875 0.46134726875 0.4103926875 0.48877594375 0.410127475 0.5270973734375 0.403064071875 0.5305151328125 0.4036492796875 0.5364085140625 0.4026894453125 0.5300681218750001 0.4012100171875 0.5198677796875 0.396431290625 0.5224155828125 0.39076384062499997 0.519541065625 0.3871213515625 0.5049086546875 0.38374956718750003
0 0.5230420859375 0.29903994375 0.5004732359374999 0.301436784375 0.477971753125 0.29998604375000004 0.47458767812499997 0.29747704218750004 0.4751838515625 0.2913966640625 0.47275153124999997 0.2904682640625 0.45258131874999996 0.29571729375 0.44325574218749997 0.2969164 0.4393524828125 0.2960905453125 0.431002721875 0.2974961140625 0.4245853421875 0.30041392031249997 0.419600409375 0.305427796875 0.416153778125 0.30649155 0.409794140625 0.30611143125 0.40201168125000003 0.3030855859375 0.3970941140625 0.3042518828125 0.3841198125 0.31805748437500003 0.38502345 0.322386353125 0.389383340625 0.32510181718750003 0.3976609265625 0.3278186515625 0.409909134375 0.3275137640625 0.4255510453125 0.329168221875 0.43390080781249996 0.327762653125 0.443202325 0.3279376828125 0.4631752546875 0.333956565625 0.49257480625000005 0.3330049734375 0.49848262656250003 0.3312206578125 0.4931276734375 0.3293980390625 0.4681313171875 0.33059165 0.4647472421875 0.3280826515625 0.45597453125 0.325674825 0.4580079625 0.3214156890625 0.4781733609375 0.31644148906249997 0.48655680468750007 0.313112128125 0.49694962187499997 0.3068977703125 0.5043043203125 0.3063850453125 0.511216825 0.3031582296875 0.5259647203125 0.2999341625 0.5230420859375 0.29903994375
0 0.5111942296875001 0.22053781093749997 0.513684290625 0.21816828593749998 0.5308789390624999 0.21504813750000001 0.5432426312499999 0.20814739843750002 0.531979859375 0.2081090953125 0.523586790625 0.2119881109375 0.5010083187500001 0.21493460312499998 0.4902310484375 0.215136946875 0.4770503296875 0.21276192656249998 0.457447421875 0.213579540625 0.423981009375 0.22304939687499997 0.3990953234375 0.21792198593749998 0.3995615765625 0.2192619390625 0.3926250140625 0.22386289062500003 0.38997135156249996 0.2355765375 0.395292621875 0.2393229453125 0.4069975890625 0.24207533906249998 0.41481373125000004 0.2431773953125 0.41924579843750004 0.24177045000000003 0.42806662656250005 0.2414300078125 0.4358539 0.24418102656250001 0.44467472812500003 0.2438405828125 0.4548269546875 0.25136758124999997 0.4602107765625 0.2515412375 0.468108721875 0.24797123281250003 0.48199147187499997 0.23821967656249998 0.4947396171875 0.237330953125 0.4928842234375 0.2314214828125 0.49590309218749995 0.22681915937500002 0.49886903125000004 0.225239934375 0.5111942296875001 0.22053781093749997
0 0.5241699921875 0.12273765781249998 0.5241892390625 0.12163834843750002 0.517848846875 0.12015892187499999 0.5124409640625001 0.1213594015625 0.5095327671875001 0.1196407015625 0.505581390625 0.12156311718749999 0.48743979687500005 0.122827840625 0.46741393750000004 0.11983205625 0.45954967812499997 0.121478271875 0.440912959375 0.1230520015625 0.4384854515625 0.12184877499999999 0.43853838281249996 0.118825678125 0.44397994531249996 0.1157014078125 0.43760105937500005 0.11642059687499999 0.425708434375 0.124386459375 0.423684628125 0.1280959390625 0.41577225 0.132490428125 0.4093741171875 0.134308925 0.4005532890625 0.1346493671875 0.3942080859375 0.1334447671875 0.38978564375 0.13430205625 0.3812722796875 0.1450517484375 0.3924340046875 0.15086141875 0.41396929687500006 0.15155604375 0.4178051921875 0.15622947812500002 0.4241696421875 0.1563347703125 0.42518876250000004 0.15406778906250002 0.433605890625 0.1488146421875 0.4375283953125 0.1485411890625 0.45313181093750005 0.15239426250000002 0.46538964531250004 0.15153972031250001 0.48817021250000003 0.13705048749999998 0.49507309375 0.1343733265625 0.5058840453125 0.1322471953125 0.49366951718749996 0.1306282921875 0.493717634375 0.127880021875 0.5006060796875 0.1260273421875 0.5197427359375 0.12386977343750001 0.5241699921875 0.12273765781249998
0 0.500828884375 0.029390740625 0.49596905625 0.0272591125 0.4837208484375 0.027564001562500003 0.475414390625 0.0264961265625 0.4656803 0.0230573546875 0.432737884375 0.0305692421875 0.42337381250000006 0.033966965625 0.41503848593750003 0.034548053125 0.41256767187500004 0.03581826875 0.40913547968749997 0.036057540625 0.40333351874999995 0.0317956609375 0.3983822671875 0.0348857484375 0.3900758109375 0.033817875 0.377697684375 0.041543093749999996 0.37216950937500004 0.049614253125 0.3730154046875 0.0572410484375 0.3768801703125 0.0602655203125 0.38126893125 0.0613320203125 0.390589696875 0.06040774375 0.4184990625 0.060658003125000005 0.42390694375000004 0.05945752343750001 0.4273247015625 0.0600427328125 0.43519858749999996 0.0578468640625 0.44441349218750004 0.06296878125000001 0.44831675156250006 0.0637946359375 0.45079237812499995 0.0622495921875 0.44989836250000004 0.0573710671875 0.4518932984375 0.05531055 0.4682083671875 0.046487396874999996 0.4746113125 0.044394071875 0.49344050156249997 0.0318272546875 0.500828884375 0.029390740625
0 0.62302836875 0 0.623758478125 0.0007829390625 0.6212203 0.0059007359375 0.6143174171875 0.008577896875000001 0.6123032359375 0.011737721874999999 0.6058954796875 0.0141058734375 0.6043764203124999 0.0169566890625 0.6037658140625 0.023861550000000002 0.6066595765625 0.02640473125 0.6139757828125 0.0280906234375 0.6472737828125 0.028239710937500002 0.6634637484375 0.0265620609375 0.6688812515625 0.0248119296875 0.6845135375 0.027016039062500004 0.6918201203125001 0.0292515875 0.6962377515625 0.0286691234375 0.6988208390625 0.020986365625 0.7028283562500001 0.015857540625 0.7290459265625 0.0008542109375 0.7283612578125 0 0.6638737390625 0 0.6481634734374999 0.0053948796875000005 0.6271281171875 0.0041164203125 0.6230432046875001 0 0.62302836875 0
0 0.84909905625 0.080596659375 0.8387880390625 0.08213895624999999 0.8313419171875 0.0878733984375 0.8302650546875 0.093438303125 0.8326588796875001 0.09656531874999999 0.8492236734375 0.1014493390625 0.8653366484375 0.104168925 0.8697398453125 0.10441094375 0.8722250953125 0.10231624375 0.8766427265625 0.10173378125000002 0.8849443718750001 0.10307648437500001 0.8921787765625 0.10943443593749999 0.9029656703125 0.1086824390625 0.90843129375 0.1041840359375 0.9134835921875 0.095322578125 0.9233860953124999 0.0891424015625 0.9475269296875 0.08087164687500001 0.9789069828124999 0.0786840203125 0.977955228125 0.0771034203125 0.892881296875 0.0693096765625 0.8880214687500001 0.06717805 0.8816377718749999 0.068172065625 0.870764265625 0.0738709515625 0.8638084562499999 0.079571209375 0.8525120015625 0.081456696875 0.84909905625 0.080596659375
0 0.954687696875 0.1753465609375 0.930758578125 0.17152492187499999 0.9258506328125 0.172141565625 0.9146552265624999 0.1682556828125 0.9063439593749999 0.1674626359375 0.8937353531250001 0.16038137187499998 0.889322534375 0.160689009375 0.883400278125 0.1632978046875 0.8739736546874999 0.17026828125 0.860187140625 0.1745232921875 0.850890434375 0.17407343749999998 0.8382240875000001 0.1702901 0.8308597640625001 0.1713524796875 0.8278312718749999 0.1765044578125 0.817404775 0.1846426046875 0.8163664078125 0.18800889375000002 0.820192678125 0.1932319828125 0.82992676875 0.1966707546875 0.8500392390625 0.194719653125 0.8755018484375 0.19486599531249998 0.8843756078125 0.191502453125 0.9093767749999999 0.190034015625 0.9265666140625 0.18718869375 0.9467560718750001 0.18084035625 0.9594753468749999 0.18160059687500002 0.9629797171875 0.1772389171875 0.971348728125 0.1747340390625 0.9767373609375 0.17463286718749998 0.9792129859375001 0.1730878234375 0.9767806671875 0.1721594234375 0.9713872203125 0.17253542187499998 0.954687696875 0.1753465609375
0 0.9511385578124999 0.26617623749999997 0.9492446703124999 0.2624653859375 0.9453269750000001 0.2624640125 0.9403949703125001 0.2644547921875 0.9036984578125 0.2626211828125 0.885508746875 0.266634178125 0.8746689234374999 0.270409271875 0.8550275218750001 0.2734255015625 0.8457163796874999 0.273800128125 0.82945905 0.27932535625 0.825973928125 0.2825877265625 0.8263968765625 0.2864011234375 0.8380200421874999 0.293825578125 0.8438797453125 0.2947895328125 0.8571422640625 0.2924924921875 0.8875416906250001 0.290373228125 0.9119899921875 0.2925117234375 0.9208589375 0.2894230078125 0.9352079421875 0.281011409375 0.9421060109375 0.278609075 0.9538446625000001 0.279437678125 0.956829846875 0.27675914375 0.9740196843750001 0.273913821875 0.9740341203125 0.2730893390625 0.9539553328125001 0.273116653125 0.949566571875 0.272050153125 0.9476293765625 0.2708127453125 0.9511385578124999 0.26617623749999997
0 0.9241121218749999 0.3553487109375 0.9162863546875 0.354796309375 0.9089942078125001 0.3517362828125 0.9071099421875 0.3474757765625 0.9150126984375 0.3436309421875 0.9233624593749999 0.342225371875 0.919468825 0.3408498625 0.9165125078124999 0.341879434375 0.91114793125 0.3406064703125 0.9067303000000001 0.3411889328125 0.9032403671875 0.34472613124999996 0.8988034875 0.3464079 0.8709037453124999 0.345607984375 0.858617040625 0.348111490625 0.84934439375 0.346287496875 0.8444412609375 0.34662931406249997 0.8277465484375 0.3491656265625 0.8105134046875 0.3544843921875 0.8040671546875 0.3590511609375 0.804975603125 0.36310520625 0.81908883125 0.36816013281250004 0.830313109375 0.370397053125 0.8400135171875001 0.3757596171875 0.8463539078125001 0.37723904531249997 0.8586454234374999 0.3744607125 0.8650146859375001 0.374291178125 0.8728115796875 0.3764925421875 0.880156659375 0.37652947187499997 0.88942449375 0.3786282890625 0.8982597578125 0.3774633640625 0.9076767578125 0.3710425453125 0.923453396875 0.36500184375 0.9421093609375 0.3623288015625 0.9412057234375 0.3579999328125 0.9456907203125 0.353569890625 0.9452485234375001 0.3508558 0.9437920203125 0.3501338640625 0.9241121218749999 0.3553487109375
0 0.83397480625 0.440960634375 0.8324653703125 0.4432617953125 0.8367915781249999 0.44790105 0.8392238984375 0.44882944687500004 0.843170465625 0.447181859375 0.8456845843749999 0.44343819843750004 0.8442569499999999 0.44106729843750003 0.8389068109375 0.43896985468749994 0.83397480625 0.440960634375
0 0.9448659578124999 0.5125580671875001 0.9493894468749999 0.5059294078125001 0.945971690625 0.5053441984375 0.9317429796875001 0.5068851203125 0.89991591875 0.5066334859375 0.8649593171875001 0.5173052 0.8527111093749999 0.5176100875 0.8340599546874999 0.5200083 0.8245611531250001 0.531101184375 0.8239986640625 0.535257771875 0.826406925 0.5375603078125 0.8410152796875 0.542306225 0.8674681390625001 0.54183455 0.8758515828125001 0.538505190625 0.8958581953125 0.542600284375 0.9041838984374999 0.54256885 0.914557465625 0.5374538015625 0.9253924781249999 0.5339535328125 0.9397414828124999 0.52554193125 0.9486056156249999 0.52272804375 0.958911821875 0.521460575 0.9589791859375 0.5176129953124999 0.9560373046875 0.5178180859375 0.9535568671875 0.51963795625 0.9486874171874999 0.5180559828125 0.9448659578124999 0.5125580671875001
0 0.909209275 0.423363615625 0.88711149375 0.42682558125 0.8767716078125 0.430016840625 0.8654944015625 0.43080301875 0.8581541343750001 0.4304912625 0.8513763609374999 0.42602291875000003 0.847920109375 0.4276363265625 0.8425555328125001 0.42636336249999995 0.835152715625 0.42962435781249997 0.82273128125 0.4398230234375 0.8197124125 0.444425346875 0.8211063640624999 0.44872003437499997 0.8254518203125001 0.45225997968750004 0.8302924 0.4554909140625 0.83810373125 0.45686780000000005 0.867041840625 0.454301425 0.8787083156250001 0.459252434375 0.8885819453125 0.454721221875 0.9179622515625001 0.4548689375 0.9248843796875 0.45109246875000003 0.9293838109375001 0.4458379453125 0.974694640625 0.431155828125 0.9747818109375 0.42617700625 0.9708444015625 0.4273015375 0.9521884375 0.42997457656250004 0.932162578125 0.4269787921875 0.923404303125 0.42374648437499995 0.917539790625 0.4230573546875 0.909209275 0.423363615625
0 0.9547953796875 0.6167216671875 0.9356779718749999 0.6177799265624999 0.9313277046874999 0.6145148078125 0.9235115625000001 0.613412753125 0.908821409375 0.6133388937500001 0.88569969375 0.61934266875 0.8729611703125 0.6196817390625 0.868952053125 0.624902078125 0.8512719015625001 0.6277815828125 0.8384756359375001 0.631418578125 0.8329763328125 0.637840771875 0.8329041546875 0.6419631781249999 0.8509398890625001 0.6467446546875 0.85528534375 0.6502845984375 0.8685478640625 0.6479875578125001 0.8725184875 0.6449658312500001 0.8803298187499999 0.646342715625 0.8929817281249999 0.650950534375 0.9018169921875 0.6497856093750001 0.9082295609375001 0.64714263125 0.9180262046875001 0.6470086515625 0.9342546625000001 0.6431323843750001 0.9288948984375001 0.6415845921875001 0.9279768234375 0.638080203125 0.947748146875 0.627643640625 0.96445248125 0.6245576749999999 0.956170084375 0.622115665625 0.9547953796875 0.6167216671875
0 0.9304894812500001 0.718331096875 0.9169194984375 0.7102188890625001 0.9086274765625 0.708326534375 0.8953120265625 0.7136466734375 0.8869526406249999 0.7156018984375 0.88392415 0.7207538765625 0.879482459375 0.722710475 0.8750552031250001 0.723842590625 0.858942228125 0.72112300625 0.8318017718749999 0.7328967750000001 0.830753778125 0.7368127171875 0.83794006875 0.7459189421875 0.8501160999999999 0.7497364625 0.857451553125 0.75032304375 0.8677529453125 0.7493304015625 0.8789627890625 0.7523918046875 0.8829045421874999 0.7510190421875 0.8844187859374999 0.748443053125 0.8927733609375 0.7467626562499999 0.9049782656250001 0.7489312109374999 0.93239731875 0.7492156546875 0.9595047796875 0.737774075 0.9604005171875001 0.7206823625000001 0.9588651015625 0.7199213125 0.9519910906250001 0.720949509375 0.9426943859374999 0.720499653125 0.9304894812500001 0.718331096875
0 0.88835426875 0.8313396703124999 0.8897770890625001 0.8339853984375001 0.894185096875 0.8339525906249999 0.8966703468749999 0.831857890625 0.8943294500000001 0.8257077765625 0.88835426875 0.8313396703124999
0 0.922902353125 0.8160300796875 0.9194412890624999 0.8179183140624999 0.9061691484375001 0.8207650093750001 0.898771140625 0.823751178125 0.879192290625 0.8231946562499999 0.8595220156250001 0.8278598484374999 0.8521143875 0.8313956703125 0.8421926359375 0.8386751562500001 0.8391641453125 0.8438271343749999 0.8434903531250001 0.8484663875 0.8595696453125001 0.8531097609374999 0.8644006015624999 0.856890353125 0.8718322921875 0.8519803937500001 0.885133303125 0.8474847359375 0.9022124703125 0.8509604359375 0.9267377625 0.8487016984375 0.9345490921874999 0.8500785828125 0.9394522265624999 0.8497367656250001 0.9424037296875 0.8489820218749999 0.9454129734375 0.8449293499999999 0.9540593749999999 0.8416785906250001 0.9547640109375 0.8282333312500001 0.9481821171875 0.8266198515625 0.9364530921875 0.8252415953125001 0.92973786875 0.8172005 0.922902353125 0.8160300796875
0 0.7553398125 0.8485728953124999 0.7770483265625 0.839373740625 0.7756014484375 0.8381021499999999 0.772174065625 0.8380665953124999 0.7490282921875 0.8454445046875 0.7401978390624999 0.8463345999999999 0.73579464375 0.84609258125 0.7250799265625 0.8427221703125 0.7202826515625 0.8370177906249999 0.7271807203125 0.8346154578125 0.7325597328125 0.8350639421875 0.7335692296875 0.8333466156249999 0.740976859375 0.829810790625 0.7424911062499999 0.8272348031250001 0.7488940484375 0.8251414765625 0.7400635984374999 0.8260315734375 0.7233207687500001 0.8313161593749999 0.7091064921875 0.8320326 0.70373229375 0.831309290625 0.699372403125 0.8285938265624999 0.69248395625 0.8304465078125001 0.6743616109375 0.8306119203125 0.6246571171874999 0.8445077015625 0.6152401171874999 0.850928521875 0.6181194421875 0.854296184375 0.61555720625 0.86078811875 0.6115913921875 0.863535015625 0.6120384 0.8659742781249999 0.6159945890625 0.8637770343750001 0.6165185828124999 0.8618190609375 0.62046515 0.8601714734374999 0.6409957578125 0.8623085953125 0.6458603953125001 0.8641653953124999 0.6487156656249999 0.8689071937499999 0.652676665625 0.8664351234375 0.6570798609375 0.8666771421874999 0.6653285765625 0.8710429421875 0.6687992656249999 0.868605053125 0.6756828984375 0.8670272015625 0.7080243312500001 0.8658705187500001 0.7153645953125001 0.8661822750000001 0.7236518046875 0.8683494578125 0.7344242640624999 0.8684219421874999 0.740269528125 0.8702103796875 0.7471868453125 0.8667087375 0.7320785562500001 0.8625466546875 0.7242527890625 0.8619942515625001 0.7243105296875 0.8586963265625001 0.7317037234375 0.8559849843749999 0.7444614953124999 0.8545466062499999 0.7553398125 0.8485728953124999
0 0.7408002859375 0.755984840625 0.7540868640625 0.7523136640625 0.7663543203125001 0.7509094671875001 0.771771825 0.7491593328125 0.7688588171874999 0.747715459375 0.74628515625 0.7503871265625001 0.7321238125 0.7480804703125 0.72388953125 0.7428901890625 0.7219812078125 0.7400038171875 0.7093677921875 0.7331973796875 0.69666295 0.7316126609375 0.666734590625 0.7347970515625 0.6617977734375 0.7370626578125 0.6440983765625 0.741041471875 0.6303744140624999 0.7417237296875 0.6269229734375 0.7430623093750001 0.61844329375 0.7518882125 0.62133705625 0.75443139375 0.6232020734375 0.7597912109375 0.634445596875 0.760928821875 0.63977168125 0.764400403125 0.64248740625 0.7771121875 0.645025584375 0.7719943890625001 0.6514862703125 0.766603140625 0.6661619890625 0.7675014796874999 0.6754827546875 0.7665772015625001 0.6881683468750001 0.76926123125 0.6921149125 0.767613640625 0.6946290312500001 0.763869978125 0.697594971875 0.762290753125 0.7044641703125001 0.761537384375 0.7187361859375 0.757523015625 0.7408002859375 0.755984840625
0 0.7570066343749999 0.6414899703125 0.748637625 0.64399485 0.7305633968749999 0.641411990625 0.723290496875 0.6372526546875 0.719358365625 0.6380757625 0.7174837234375 0.6332656015625 0.7111962640625 0.628763075 0.692511428125 0.6330850765625 0.6837242812500001 0.63150173125 0.6572281156249999 0.63444685 0.6533248546875 0.6336209937499999 0.6483687921875 0.636985909375 0.6336064625 0.6410344578125 0.6237953843749999 0.64199291875 0.6183682546875 0.6442927093749999 0.6109365671875 0.6492026671875 0.6108740140625 0.6527754203125 0.6195504890625 0.6606797906249999 0.625938996875 0.659410946875 0.64009071875 0.6622672578125 0.649401859375 0.661892634375 0.6561748234375 0.6666358046874999 0.661073146875 0.666568815625 0.67042759375 0.6637207468749999 0.6937845968749999 0.6722486296875 0.701139296875 0.6717359046875 0.7173918140625 0.6664855015625 0.7288181859375 0.6571796828124999 0.7440852640625 0.6522724703125 0.7564152749999999 0.6472955218750001 0.7589005234374999 0.645200825 0.7697162890625 0.6427998640625 0.7835268609375 0.637170715625 0.7688174609375 0.6381961656249999 0.7638758328125 0.6407365984375 0.7570066343749999 0.6414899703125
0 0.7337810109375 0.5415472015625 0.733708834375 0.5456696078125 0.7375976578125 0.5473199421875 0.73909746875 0.5455684359374999 0.737713140625 0.54072409375 0.7337810109375 0.5415472015625
0 0.732790759375 0.54216521875 0.7460292203125001 0.5412423125 0.7670453296875 0.5436200796875 0.76761263125 0.5391886640625 0.7333869328125 0.5360848390624999 0.7152453390625 0.5373495609375001 0.6991034921875 0.536278940625 0.6962674718749999 0.530437834375 0.69239789375 0.5276881906249999 0.6583882390625 0.5402153281250001 0.6544946031250001 0.5388398203125 0.6530958390625 0.5348199578124999 0.6462410765625 0.534748846875 0.6437798859375 0.535469409375 0.6387997640624999 0.540208459375 0.6251046734375 0.5392417578125 0.618221040625 0.5408196109375 0.6132746 0.5436348703125 0.608751109375 0.5502635296875 0.6091644359374999 0.5546265828125 0.6130003296875 0.559300015625 0.62133565625 0.558718928125 0.6487258375 0.5606523328125 0.670164896875 0.5668435 0.6878113640625 0.565887784375 0.7153410874999999 0.5598512046875 0.7231812890625 0.5595791234374999 0.729531303125 0.5605088984375 0.7324346875 0.562502425 0.736847509375 0.562194790625 0.7315358625 0.5578987265625 0.720806709375 0.5553527984375 0.703126559375 0.5582323031249999 0.6962814203125001 0.5576115390624999 0.6963199125 0.5554129203125 0.7041986109375 0.552942225 0.7155624281249999 0.5472091578125 0.732790759375 0.54216521875
0 0.7598508796875 0.45106895625 0.7421659171874999 0.45422328749999996 0.73133090625 0.45772355468750003 0.7146795 0.45778642343750003 0.6941537062500001 0.4553744734375 0.678482925 0.45536898125 0.6731375953125001 0.4529967078125 0.6708784999999999 0.4421745296875 0.66893649375 0.4412119484375 0.6645236734375 0.44151958281250003 0.6560199359375 0.45171962031249996 0.6240581453125 0.45916314687500004 0.6190876453125 0.46335254218750005 0.6077575093750001 0.4671618203125 0.6056422796875001 0.4760930140625 0.6143957437500001 0.47960015 0.6295329046875 0.48211327031250006 0.64232916875 0.47847627656249997 0.6521402468749999 0.4775178140625 0.6765885484374999 0.47965631249999996 0.6957107687499999 0.478323225 0.705089275 0.474101021875 0.7114585359375 0.4739314859375 0.7173615437499999 0.47242199687499997 0.7228223546875 0.46819841875 0.7440453703125 0.45875862031250003 0.7470401796874999 0.45553043281249994 0.75587063125 0.45464033437499995 0.76423001875 0.45268510937500006 0.764244453125 0.4518606296875 0.7598508796875 0.45106895625
0 0.7151231578125 0.37650595937500003 0.70732145 0.3745794203125 0.6950924859375001 0.3737850015625 0.6868293390625 0.37024368124999996 0.6643278546875 0.368792940625 0.6569731515624999 0.3693056671875 0.6431770140624999 0.3741103328125 0.6190891078125 0.3793579875 0.6122391578124999 0.37901205 0.6038460890625 0.3828910640625 0.595981828125 0.3845372796875 0.5890356421875 0.389687884375 0.5890163937499999 0.39078719375 0.5992167390625001 0.39556592031250004 0.6389321203125 0.3927972046875 0.65356453125 0.39616898749999996 0.66042410625 0.3959652703125 0.6657790593749999 0.397787890625 0.6966447390625 0.397008578125 0.699120365625 0.39546353437500004 0.6741288203125 0.39638231875 0.6712543046875 0.3927398296875 0.6835891265625 0.387488053125 0.69884658125 0.383130496875 0.7067012203124999 0.382033934375 0.7111477234375 0.37980250937500004 0.727352121875 0.37730037968749996 0.7371487625 0.3771663984375 0.7406050171875 0.3755529921875 0.73719206875 0.3746929546875 0.7244535453125 0.37503202343750003 0.7151231578125 0.37650595937500003
0 0.74216403125 0.28650900468749996 0.743173528125 0.284791678125 0.7280123078125 0.28365269375 0.726099171875 0.2810411484375 0.7207538437500001 0.27866887500000004 0.718874390625 0.2741335421875 0.6969738890625 0.2663275953125 0.6488943125 0.2713263640625 0.6306420484374999 0.2789121078125 0.6134714578125 0.280658121875 0.59720450625 0.28673300625000003 0.597545653125 0.295218465625 0.609207315625 0.3004443015625 0.6136105125 0.300686321875 0.626848971875 0.29976341562500003 0.6413805796875 0.294907475 0.648004621875 0.2941711953125 0.6572965171875 0.2948958796875 0.664083915625 0.29881456875 0.67579369375 0.3012921359375 0.6846048984374999 0.3015013453125 0.705275046875 0.29566848125 0.7048617234375001 0.2913054296875 0.7127741015625 0.2869109421875 0.7181819828125 0.2857104625 0.7211046156250001 0.2866046828125 0.737260896875 0.28685082031250003 0.74216403125 0.28650900468749996
0 0.737738725 0.17564838124999999 0.726432646875 0.1780835234375 0.652356840625 0.1854435734375 0.6464442078125 0.1875027171875 0.6356669390625 0.1877050578125 0.6317203734375 0.18935264999999998 0.6272353765625 0.193782690625 0.6173858046875 0.19693976875000002 0.607089225 0.1976575828125 0.5977010953125 0.2024294421875 0.5962060953125 0.203906125 0.5965905484375 0.20991813750000002 0.6009456281250001 0.21290842968749998 0.6190198546875 0.2154912859375 0.6342003218750001 0.2155309625 0.64058883125 0.21426211875 0.647919471875 0.215123528125 0.6636143109375 0.2137548890625 0.67926103125 0.21513451875 0.684659290625 0.21448369375 0.7103528671875 0.201438334375 0.718707440625 0.19975793749999998 0.7177701203125 0.19735285625 0.71290548125 0.1954960546875 0.7134824046875 0.1905149859375 0.7238607859374999 0.18512510937499999 0.7351620515625 0.1829647953125 0.7465258718750001 0.1772317296875 0.737738725 0.17564838124999999
0 0.7085662984375001 0.10768672812499999 0.7160509171875 0.099753671875 0.7327696890625 0.095843225 0.7426433203125 0.091312009375 0.7496039421875 0.0853369234375 0.74224443125 0.086124478125 0.7382738062499999 0.0891462 0.7279194859375 0.0931619421875 0.713166778125 0.0966608375 0.7004378796874999 0.0964502515625 0.69116041875 0.09490108593749999 0.689252096875 0.092014715625 0.6794698875 0.0913242125 0.6750378203125 0.09273115625 0.665726678125 0.09310578124999999 0.6293905625 0.098658325 0.6288136390625 0.10363939375 0.6248189546875 0.108035253125 0.6125851796874999 0.10751566093750001 0.5952798593749999 0.116956834375 0.5971256312500001 0.1234159578125 0.6058694703125 0.1274727484375 0.6149592703125 0.139740171875 0.6164254 0.1399124546875 0.619910521875 0.1366500828125 0.622943825 0.1312232765625 0.6278758296875 0.1292324984375 0.6327789640625 0.12889068125 0.653295134375 0.13185228437500002 0.65918851875 0.13089245 0.669946540625 0.13178941718749998 0.6833052953125 0.1239958328125 0.6883191 0.1173329921875 0.6957459765625 0.11269785937500001 0.703624671875 0.1102271640625 0.7119599984375 0.10964607343749999 0.7085662984375001 0.10768672812499999