0 1 0.7641183140625001 0.987933428125 0.7716632796875 0.97529288125 0.77556764375 0.9488319093750001 0.7808087609375 0.9701515421875 0.778266775 0.9980438234375001 0.778344784375 1 0.7791043046875 1 0.7641183140625001
0 1 0.656554134375 0.9945169921874999 0.65802666875 0.965595540625 0.6704782796875 0.9620267468750001 0.675387115625 0.9610653515625 0.68090003125 0.9493899906250001 0.6865741421875 0.9553901140625 0.6870664859375 0.9638177765625 0.685677353125 0.9690325765625 0.6868855078125 0.9676050593750001 0.6888490421875 0.9614636984375 0.6914661171875001 0.9612857343749999 0.692621890625 0.9632857749999999 0.69278600625 0.9779263609375001 0.6890457578125 0.981210790625 0.6867144234375 0.9819226546875001 0.6820913265625 0.9880640125 0.679474253125 1 0.677926640625 1 0.656554134375
0 1 0.5708833656250001 0.9980440906249999 0.5730085671875 0.9926050343749999 0.5752064046875 0.9440524546875 0.586784115625 0.9398744062500001 0.587611659375 0.9371954421875 0.5867416265625 0.9293073640625 0.595587425 0.9207751953125 0.6020396203125 0.9192412781250001 0.6054248859375 0.909635628125 0.6078877359375 0.9066374625 0.61128289375 0.8992465515625 0.6147077265625 0.9085311031250001 0.6128687375 0.983169134375 0.6067692765625 0.9853838734375 0.607731259375 0.9904188109375 0.6064538609375 0.9926683828125 0.6057281578125 0.996451875 0.6016171875 0.99887751875 0.59609438125 1 0.5954743109375 1 0.5708833656250001
0 1 0.48540981875 0.9741064078124999 0.4858668671875 0.9677465625 0.48040340937500003 0.9613905062500001 0.4822226140625 0.9600364484374999 0.48809343437499997 0.9531813296875 0.49169227656250003 0.939004971875 0.495340575 0.9339351984375 0.49830566249999997 0.9150817296874999 0.5045611421875 0.9126541890625001 0.5064426203125 0.9031201078125 0.5091714265625 0.901619128125 0.5072276765625 0.8941914875 0.508698865625 0.9088358640624999 0.5122412765625 0.925693084375 0.5131043421875 0.936443778125 0.5148967921875001 0.9517632890625001 0.5118624609375 0.9675837578125 0.510689825 0.973868246875 0.5086046640624999 0.978796784375 0.50874899375 0.9867950546875001 0.5057641265624999 0.9919382875 0.506706325 0.996654025 0.509694115625 1 0.509813140625 1 0.48540981875
0 0.8955811 0.43390872812500003 0.8839405749999999 0.43789515156250003 0.9071519546875001 0.43329768125 0.9126162859375 0.4336160203125 0.9171888921875 0.43607189843749994 0.9324368375000001 0.4327716125 0.9908009921875 0.41889122656250005 0.9861408390624999 0.40157285 0.9718480796875 0.4011542890625 0.9494568593749999 0.40334826250000005 0.9350658046874999 0.40619869218750004 0.9043241734375 0.42097174531250003 0.8996837921875 0.42553256875 0.8955811 0.43390872812500003
0 0.871212128125 0.3415299609375 0.8645001421874999 0.3456607140625 0.8560009125000001 0.3467838890625 0.8486815671875 0.3504746796875 0.8521458578125 0.35062890156250004 0.884355528125 0.34312861875 0.888748271875 0.34309894218750003 0.897177828125 0.345351140625 0.90285875 0.3501086765625 0.91010653125 0.34615193125 0.945886890625 0.337384140625 0.9497071125 0.335226815625 0.96506145625 0.33050479843749997 0.9670328734375 0.3305625296875 0.96219505 0.3125838875 0.9519453125 0.31265313125 0.9148786703124999 0.3202750390625 0.8954545734374999 0.3280442 0.8851022265624999 0.336817834375 0.8782471078125 0.340416675 0.871212128125 0.3415299609375
0 0.8949815890625 0.2426978703125 0.8849136109375 0.24889399843749999 0.8769153390625 0.25187886875 0.875381421875 0.25526413593749997 0.8717043296875 0.2579533734375 0.83860483125 0.271232528125 0.8405700375 0.27308433125 0.8433554031250001 0.27253263437499997 0.85274635625 0.26927191562499997 0.8639593828125 0.2673310859375 0.8667795843749999 0.265091703125 0.8722787500000001 0.2637223546875 0.8752072468750001 0.2637025703125 0.879745015625 0.2678461359375 0.8983856843750001 0.26443411875 0.912633609375 0.2610517734375 0.930736590625 0.25382441718750004 0.9453056125 0.24981820937500002 0.94017335 0.2307453484375 0.9375106671875001 0.23175296875 0.9213691015625001 0.23354946718749997 0.9144405234375 0.233241021875 0.909941378125 0.23469242812500002 0.9030514249999999 0.23997895468750002 0.8949815890625 0.2426978703125
0 0.834951925 0.183154471875 0.8212765234375 0.18866446406249998 0.8265977250000001 0.188450890625 0.8385245109374999 0.1855282921875 0.8398456296875001 0.18498648906249998 0.8384877796874999 0.18357465 0.834951925 0.183154471875
0 0.863867690625 0.1597788703125 0.8633337937500001 0.1632461953125 0.8504804453125001 0.16999401875 0.8470915124999999 0.17738841249999998 0.840164828125 0.1807212984375 0.84377225 0.181407434375 0.8585733843750001 0.177355253125 0.8632349734375 0.1792332453125 0.8628093703124999 0.18492016875 0.8707012421875 0.18335702812500002 0.8979804781249999 0.1720710828125 0.9222265265624999 0.16405014843750002 0.9166148062499999 0.143195490625 0.8906826999999999 0.1485848765625 0.8737944359375 0.1566921578125 0.865152078125 0.1572834234375 0.8633648375 0.154275846875 0.8591867890625 0.155103390625 0.863867690625 0.1597788703125
0 0.827119075 0.092262628125 0.8107279796875 0.09494894375 0.8041939593749999 0.0979239234375 0.81076660625 0.1005439171875 0.8266934750000001 0.09794955 0.8322293703125 0.0985338453125 0.8435139625 0.0968589703125 0.84858563125 0.0975352140625 0.8496939484375 0.0998368734375 0.8655511484374999 0.100617878125 0.87051451875 0.09907452343749999 0.87883578125 0.09910712031249999 0.895691103125 0.096328853125 0.9034185671875001 0.09415473437500001 0.896025665625 0.0666807359375 0.894569521875 0.0685378875 0.8889639546874999 0.07132896562499999 0.8644681890625 0.078421884375 0.84318718125 0.08655884375 0.8330457390625 0.0888476859375 0.827119075 0.092262628125
0 0.7117373109375 0.1086732359375 0.7314128375 0.1036555875 0.7431211359375001 0.0926524609375 0.73204745 0.08784254375 0.7149406984375 0.087869296875 0.699979015625 0.09223340937499999 0.6827658640625 0.09368189375 0.6745528984375 0.09586889531250001 0.6664830640625 0.098587809375 0.652380165625 0.10614339531250001 0.6338864171874999 0.11736998750000001 0.6289249406249999 0.12255467499999999 0.6226404515625 0.124639834375 0.6141082828125 0.131092028125 0.6167872484375 0.13196206093750001 0.6210368625 0.1314004734375 0.640354559375 0.12505304374999998 0.6534979578125 0.1266517015625 0.6719954968749999 0.12270777031249999 0.6842066484375 0.11720766875 0.7048821953125 0.1122720765625 0.7117373109375 0.1086732359375
0 0.5487548015625 0.135352503125 0.5412537015625001 0.13291640625 0.5273965421875 0.1322995140625 0.4918986546875 0.1348484703125 0.45972382031250003 0.140661065625 0.4371216953125 0.14933982968749998 0.42976751406249997 0.15471830625 0.423018796875 0.156895415625 0.412233265625 0.1567906515625 0.4042679359375 0.15444650625 0.39994675625 0.1547421390625 0.3989119015625 0.15634776875 0.40184229218749995 0.1599693125 0.4088424375 0.160543715625 0.415807746875 0.1628058046875 0.43898618593750005 0.1635373515625 0.4477368390625 0.1651656859375 0.47016289375 0.161284028125 0.486660390625 0.1571759828125 0.49751748593749995 0.15754669999999998 0.5094094390625 0.1563117921875 0.5262280328125 0.15157988125 0.5387640734375 0.152738578125 0.54247789375 0.15200298125 0.5461549828125001 0.14931374375 0.550652234375 0.1442210078125 0.5522209859375 0.13914805624999999 0.5487548015625 0.135352503125
0 0.744451009375 0.1775489359375 0.7393426109375001 0.17491905000000002 0.733806715625 0.17433475625 0.7210578734374999 0.1760195203125 0.7063457203125 0.179493815625 0.6915987328125001 0.18465579375000002 0.6666057999999999 0.197169678125 0.6468625015625 0.20920403125 0.6439359 0.21286514687500002 0.6259393203125 0.218670771875 0.6351890359375 0.21851947031250002 0.6401194703125 0.22230513125 0.630086321875 0.2268135734375 0.64326455625 0.22672454687500002 0.6504059359375 0.22418953125000002 0.6547967859375 0.220518525 0.6603675171875001 0.21941513281249997 0.6629419765625 0.22534822812500002 0.66158791875 0.2312190484375 0.6588392843750001 0.2337243875 0.6649458078125 0.2327950015625 0.669835721875 0.22734436093750002 0.66925940625 0.21793405 0.6726154 0.2158686734375 0.678043 0.21423336875 0.6855789359375 0.2149817765625 0.7325685328125 0.1969904984375 0.73653378125 0.1990064140625 0.73981441875 0.189392421875 0.744274940625 0.18234604062499998 0.744451009375 0.1775489359375
0 0.705185965625 0.28421246093749997 0.7132944265625001 0.2870885203125 0.7203294062500001 0.285975234375 0.71911279375 0.281453978125 0.7117548218749999 0.2795497953125 0.705185965625 0.28421246093749997
0 0.646240434375 0.317738015625 0.649884584375 0.32037779375 0.6545268609375 0.31945830000000003 0.6624883984375 0.3145197859375 0.657095634375 0.3144674046875 0.646240434375 0.317738015625
0 0.7665026328125 0.27767011406250003 0.7557133125 0.270282690625 0.7504985140625 0.2690745328125 0.739320321875 0.2693276765625 0.721358575 0.2734456140625 0.6848315171875 0.288524190625 0.6708736453124999 0.3002530203125 0.6615947796875 0.3130159984375 0.6420623875 0.318565559375 0.6343155421875 0.324301940625 0.6400294046874999 0.3237304640625 0.6436000953125001 0.322462953125 0.6450276125000001 0.32049941875 0.6506699078125 0.31966198125 0.657739721875 0.31686101093749997 0.6629177921875 0.3161155234375 0.6671325703125001 0.317241621875 0.6739161218749999 0.313376825 0.6827364484375 0.3116297859375 0.697415659375 0.3134845109375 0.7009534093750001 0.3175460203125 0.7054544500000001 0.31973594375 0.707023203125 0.31466299062499997 0.7013055515625 0.3079518109375 0.703054165625 0.3053644140625 0.7101239796875001 0.3025634421875 0.72790396875 0.29231861718749996 0.73711885 0.293855003125 0.737084015625 0.29554268906250003 0.761719121875 0.281699025 0.7716825968750001 0.28056595624999997 0.77293215 0.279758196875 0.7699669250000001 0.2778243359375 0.7665026328125 0.27767011406250003
0 0.7516909421875 0.3643630859375 0.7559038250000001 0.3618478546875 0.7677957765625 0.3606129453125 0.7723994265624999 0.354098478125 0.7813261515625001 0.350929709375 0.7820031796875 0.347994296875 0.78443071875 0.34611281875 0.7720029734375 0.347173721875 0.7666450453125 0.3454336546875 0.7588595765624999 0.3455750640625 0.7413253281250001 0.34764741093749996 0.724220471875 0.3513154953125 0.7092917296875 0.35035058750000003 0.7000109671875 0.3594722359375 0.68872826875 0.36478844062500004 0.685873234375 0.3687155109375 0.6743410046875 0.37492153125 0.6704859484375 0.37876654374999996 0.656773815625 0.3823228953125 0.6528801343749999 0.380572934375 0.64063035625 0.3804780640625 0.6397367359375 0.3789742765625 0.6350944609375 0.3798937703125 0.6413460093750001 0.383137625 0.649916803125 0.3822804046875 0.65469120625 0.38366907499999997 0.6555628921875 0.3887256296875 0.6594914078125 0.388787903125 0.66820533125 0.38846259375000003 0.6784183374999999 0.38643970781250003 0.687809290625 0.38317898906250003 0.7125564843750001 0.378837584375 0.72619705 0.375015278125 0.7329806015625 0.3711504796875 0.7516909421875 0.3643630859375
0 0.793901990625 0.4285563375 0.7779383921874999 0.42919706093750004 0.7477287640625 0.43686145937500004 0.73637260625 0.438270375 0.7060565765625 0.4473565046875 0.69563076875 0.452222853125 0.6823828640625 0.45568725312499997 0.6710267062499999 0.45709617031249994 0.6630284359374999 0.460081040625 0.6667074234375 0.46103313437500004 0.6846343328125 0.45860288125000004 0.6889922421875 0.46026089218750005 0.696849275 0.4603854390625 0.6984218203125 0.46259514687500003 0.6904602796875 0.4675336609375 0.695319146875 0.4710533640625 0.700889878125 0.4699499703125 0.7031742859375 0.46753658124999997 0.7178845421875 0.46042095937500005 0.7472740124999999 0.455160059375 0.75916406875 0.4502838171875 0.77416248125 0.44787334999999995 0.793265484375 0.44072805156249995 0.79819023125 0.43358972187499994 0.793901990625 0.4285563375
0 0.8436660359375001 0.5262699671875 0.8408053140625 0.519273046875 0.8346253296875 0.516295146875 0.8301610187499999 0.5160588671874999 0.781664759375 0.52118240625 0.752275290625 0.5264433046875 0.7398146046875 0.532833225 0.726924528125 0.5376274078125001 0.72121445625 0.5454815484375 0.7112161453125 0.5483023031250001 0.6988232375 0.5476755203125 0.6969682203125 0.551684646875 0.7007187734375 0.5529026953125 0.7137171453125 0.5503281125 0.7222182671875 0.552846265625 0.726396315625 0.552018721875 0.73628633125 0.546978365625 0.7447139953125 0.5455892328124999 0.7740337921875 0.5437037078125 0.7907459859375 0.540393528125 0.798960846875 0.5418478578125 0.7996765015625 0.544507421875 0.8079261953125 0.5442740609375 0.816425425 0.5431508843749999 0.8276732875 0.5395223671875 0.8327430609375 0.5365572828125 0.8355980953125 0.5326302125 0.8436660359375001 0.5262699671875
0 0.8503152125 0.6073115375 0.8292799453124999 0.6072760171875 0.7794277328125 0.6146290484375 0.749647496875 0.6238891828125 0.741542825 0.6282957828125 0.7415485109375 0.639219775 0.7273373171874999 0.6445557625 0.7178766953125 0.65119185625 0.7190914125 0.6520717796875 0.726911715625 0.650242684375 0.729981446875 0.64711348125 0.7377650203125 0.64333074375 0.75008446875 0.6400502421875001 0.7702261171875 0.638581971875 0.7755105859375 0.6364147546875001 0.7861878203125 0.63429991875 0.8075809140624999 0.6356652203125 0.8087937359374999 0.632903815625 0.8327169812499999 0.6236832484375 0.8437520421875 0.6228981921875001 0.855286165625 0.6203335015625 0.8591063875 0.618176175 0.8584236734375 0.6101875953125 0.8503152125 0.6073115375
0 0.8729279890624999 0.6877123843749999 0.8637131078125 0.6861759984375 0.8424631437500001 0.6853426093749999 0.7963247515625 0.69196004375 0.7707225625 0.700392634375 0.759190334375 0.70659865625 0.7584069062500001 0.710955796875 0.74519573125 0.7163738421875 0.7331258125 0.7187645265625 0.7275918124999999 0.7218215625 0.7342360265625001 0.7247075140625 0.75316295625 0.7223593187499999 0.7632328328125 0.71980451875 0.7766935375 0.71349665625 0.8014058953125 0.7108429390625 0.8160483781250001 0.71074401875 0.8205861484374999 0.714887584375 0.82779909375 0.7126185265625 0.8336890265625 0.707249940625 0.8399735156249999 0.7051647812499999 0.86375741875 0.7026949609375001 0.8681153281249999 0.704352971875 0.874221853125 0.7034235875 0.8810440312500001 0.7051537625 0.8972204312500001 0.701669578125 0.8997911000000001 0.7003200140625 0.8896825984375001 0.6972798390625 0.8729279890624999 0.6877123843749999
0 0.910092009375 0.79856668125 0.9168039968749999 0.794435928125 0.9228351640625 0.7859579265625001 0.9184405234374999 0.782346271875 0.9090825109375 0.780277975 0.885940803125 0.7815000703125 0.8527311125000001 0.7889182953125 0.8398410343749999 0.7937124796874999 0.8353786218750001 0.797117528125 0.815527025 0.8069322812499999 0.8137068453125 0.8092537234374999 0.7882864140625 0.8238132 0.77432475 0.8282593687500001 0.7756110328125 0.82940525 0.7802533109375 0.8284857578124999 0.805892228125 0.8220068078124999 0.8132191531249999 0.8328813390625 0.8101126921875 0.8340568984375001 0.8260047265624999 0.8331502171875 0.8319313890625001 0.8297352765625 0.834035934375 0.8248363296875001 0.8334266796875 0.8207550359375 0.8367459437500001 0.8167360171875 0.8553866140625 0.8133239984375 0.8800603453125 0.8050753046875 0.8914183984375 0.8073077171874999 0.8950606546875 0.8063061671874999 0.9011304484375 0.8034231374999999 0.9049855062500001 0.799578125 0.910092009375 0.79856668125
0 0.9447765984375 0.8802181750000001 0.9423819999999999 0.8767706343749999 0.9343799390624999 0.8724728453124999 0.9046655828124999 0.8710749453125001 0.8727402796874999 0.8759977234375 0.8512794109374999 0.8816491265625 0.8228570218750001 0.8923211 0.81214305625 0.89248229375 0.80849890625 0.8898425156249999 0.8011776656249999 0.889891975 0.79489128125 0.8883358078124999 0.7879278656250001 0.889715046875 0.7960363265625 0.8925911046874999 0.8074292156249999 0.8931358312500001 0.8146092203125 0.896195790625 0.8302168875 0.8978666140625 0.82946829375 0.9005360687499999 0.8265049624999999 0.902243540625 0.8074716296875 0.906013465625 0.80022195625 0.90632888125 0.7965797015625 0.9073304312499999 0.79390263125 0.9101017296875 0.8095084031249999 0.9081312234375 0.8178663953124999 0.9101174640625 0.8386831750000001 0.902072453125 0.8451823609375 0.9007851625000001 0.867395615625 0.8997469656250001 0.8915354515624999 0.8949655953125 0.903965090625 0.8975460249999999 0.908537696875 0.9000019046875 0.9055046953125 0.9050847484375 0.91314703125 0.9044114265625 0.9157177015625001 0.9030618609375001 0.9236773453125 0.89448201875 0.9312829515625 0.891855053125 0.9447765984375 0.8802181750000001
0 0.63224881875 0.950804509375 0.6361425015625 0.952554471875 0.6397847578125 0.9515529203125 0.644210440625 0.946194228125 0.6569922234375001 0.9391804453124999 0.662063890625 0.9398566890625 0.6637776703125 0.938956978125 0.667951928125 0.9308467734375 0.6682711296875 0.92658158125 0.654127709375 0.9249008640625 0.6129894218749999 0.9319285859375 0.6007415375 0.9354750453125 0.5781394125 0.9441538078124999 0.5713558578125 0.9480186046875 0.5577906484375 0.9593895281249999 0.5511483328125 0.9601449078125001 0.539004953125 0.95862830625 0.524256071875 0.9601489546875 0.522435890625 0.9624703968749999 0.5233295109375 0.963974184375 0.5413995515625001 0.9620758453124999 0.5462932546875 0.9639078640625 0.55847146875 0.9637367781249999 0.57700763125 0.9653878171875 0.5805453828125 0.9694493265625 0.589187740625 0.9688580640625 0.6011145250000001 0.96593546875 0.6161110453124999 0.9598836687500001 0.6294634546875 0.9513562062500001 0.63224881875 0.950804509375
0 0.6746475796875 0.8267124203125 0.6647537734375 0.824470115625 0.6358982015625 0.8262636921875 0.6037233671875 0.8320762875 0.5839066078124999 0.8402033546875 0.558449446875 0.8528091890624999 0.5458437359375 0.8550258640624999 0.5400950375 0.8572850328125 0.5427024375 0.8578891109375 0.5632715828125 0.85437525 0.5839141875 0.8547686750000001 0.5885931953125 0.8558028249999999 0.617446871875 0.8503679171874999 0.6420857671875 0.8438069125000001 0.6512290843749999 0.8450773421875001 0.6538732140625 0.8476350640625 0.670475215625 0.8384639546875 0.6776147 0.8322876109375 0.6779706328125 0.8299760609375 0.6746475796875 0.8267124203125
0 0.6481373296874999 0.7372789531249999 0.64381425625 0.73393325625 0.6322782359375 0.73285661875 0.588213346875 0.7435454531250001 0.5573266890624999 0.754145259375 0.547866065625 0.760781353125 0.5423669015625 0.762150703125 0.5281576015625 0.77112801875 0.5157298578125 0.7721889234375 0.5186602484375 0.77581046875 0.5212676484375 0.776414546875 0.5249099046875 0.775412996875 0.5296256406250001 0.7784007875000001 0.5135575359375 0.7841045734375001 0.5136309953125 0.788011859375 0.5162383968750001 0.7886159375 0.5280936171875 0.7854273843749999 0.5339506093749999 0.7853878171875001 0.5407341640625 0.78152301875 0.6422898140625 0.755525171875 0.6479998859375 0.7476710328125 0.6485686187499999 0.7425160203125001 0.6481373296874999 0.7372789531249999
0 0.610274715625 0.6565370640625 0.5895238125 0.6539240390625001 0.5443468140625 0.6550285578125 0.48871485937500003 0.673611103125 0.4845368125 0.674438646875 0.48092939062499995 0.6737525109375 0.47685963906250006 0.6767996562499999 0.498072871875 0.6756794015625001 0.49939588593749995 0.6787789265625 0.49029119374999997 0.6831034687499999 0.5086126609375 0.6839566421875001 0.5131833718750001 0.6827711921875 0.5191100359374999 0.6793562515625 0.5377507046875001 0.67594423125 0.5732137578125001 0.6750829625 0.5815698546875 0.6734278734375 0.58631853125 0.67108665 0.59435353125 0.670055421875 0.6033556109375 0.6744352671875 0.610460259375 0.6699466109375 0.61763458125 0.6620825765625 0.6165610984375001 0.6580932328125 0.610274715625 0.6565370640625
0 0.5961149578125 0.554852746875 0.549477503125 0.56324981875 0.538086509375 0.5663464234375 0.5105229078125 0.5802098703125 0.5015632421875 0.58870765625 0.4981394734375 0.5977897390625 0.49221281093749997 0.6012046796875 0.491321084375 0.603342221875 0.48128793906249995 0.6078506640625 0.4839669046875 0.6087206984375 0.49721480781249994 0.605256296875 0.5016791171875 0.605492578125 0.5112480359375 0.601076084375 0.5190664453125 0.5956056578125 0.5972346453124999 0.5790023843750001 0.59898515625 0.5800563171875 0.6113318578125 0.5605228078125 0.6106510390625 0.5561755578125 0.5961149578125 0.554852746875
0 0.586929946875 0.47347305625 0.5881427687499999 0.47071165156249994 0.584283921875 0.467274003125 0.57331853125 0.4646836859375 0.5449639171875 0.46833895468750003 0.5285379859375 0.4727129578125 0.5195029640625 0.47366212812499997 0.4960091140625 0.48447843281249997 0.47340888281250004 0.4967985265625 0.4602325453125 0.500528884375 0.45130392500000005 0.5000563234375 0.4478048015625 0.5015897875 0.44809106249999997 0.5026536140625 0.45805643281249997 0.5051618734375001 0.471520928125 0.506136671875 0.47766607812500006 0.5108022578125 0.48138368906249995 0.5173493234375 0.4856700328125 0.518741378125 0.48766817968750004 0.5152641625000001 0.48316524375 0.509432909375 0.4859487140625 0.505239884375 0.5028040390624999 0.5024616171875 0.529013584375 0.494468990625 0.5356559015625 0.49371361093750005 0.5526872968750001 0.4861382390625 0.5607938609375 0.48537297031250004 0.5657591296875 0.48747094375 0.5768986968750001 0.481622828125 0.5832161265625 0.47420865 0.586929946875 0.47347305625
0 0.5718144828125 0.38822564531250003 0.5619206765625 0.3859833390625 0.5431349828125 0.3852221171875 0.508101321875 0.38767912187500003 0.492781809375 0.39071345156250004 0.47749903125 0.395701425 0.47078704374999997 0.3998321796875 0.46978891718750004 0.4033914515625 0.4639705515625 0.40902599375 0.462508196875 0.4126772140625 0.45365303749999997 0.416111940625 0.43723089687499994 0.4277686046875 0.44348244843750007 0.4310124609375 0.450623828125 0.42847744531250004 0.4591230546875 0.42735426875 0.46433595937499994 0.4249210953125 0.5536456203125 0.40611103593750003 0.5580383671875 0.4060813578125 0.5678935453125 0.40272869218749996 0.5748164390625 0.3921131484375 0.5718144828125 0.38822564531250003
0 0.5397410828125 0.3144608921875 0.5485962421874999 0.311026165625 0.55195413125 0.31260211875 0.5491630796875 0.302229825 0.5458400265625001 0.2989661859375 0.5396967703125 0.29794192656249996 0.45456326249999995 0.31228311249999996 0.4567083296875 0.3166204703125 0.46270845312500003 0.3171128140625 0.4654957140625 0.3202024484375 0.45678558125 0.327810415625 0.44304050781250004 0.3366957828125 0.44297083906249995 0.3400711578125 0.44075799687500006 0.3427505046875 0.43044048437500004 0.3498364515625 0.4225137796875 0.35308727812499996 0.4190165515625 0.3582620734375 0.42162395156250004 0.35886615 0.42558730312500004 0.3572407375 0.4307634765625 0.35285391875 0.43604794687500004 0.35068670156250004 0.43693966875 0.3485491609375 0.44704438125 0.344306675 0.4595069625 0.3415580828125 0.48900093437500003 0.33123412343749997 0.5023919703125 0.328301634375 0.5065351828125 0.32916177812499997 0.511639790625 0.3245090015625 0.533884090625 0.314500459375 0.5397410828125 0.3144608921875
0 0.537660721875 0.228592540625 0.5418387703125 0.22776499687500001 0.5426222 0.22340785468750002 0.5398349375 0.22031822031249998 0.53008236875 0.21496649843750001 0.4973001765625 0.2203391296875 0.484481665625 0.2253992703125 0.4939131375 0.2313748546875 0.4905590375 0.2370815625 0.4929884734375 0.2388414140625 0.498452803125 0.2391597515625 0.5099869265625 0.2365950609375 0.513667809375 0.2411884828125 0.5358443328125 0.2381966421875 0.5373434140625 0.2364990625 0.5347341203125 0.23225365468749998 0.537660721875 0.228592540625
0 0.54301675625 0.22669127968749997 0.543192828125 0.221894175 0.5345834093749999 0.2171564234375 0.510977471875 0.21847046718750002 0.478874203125 0.22454902031250001 0.46712727656249997 0.22995717187500003 0.45984276562500004 0.231960275 0.451881228125 0.2368987875 0.43706646562499996 0.2490774734375 0.429818684375 0.25303421875 0.42603519375000004 0.25714518750000004 0.42128651875 0.2594864125 0.4230370265625 0.26054034531250003 0.43392895937500003 0.259223378125 0.44192912343749996 0.2598798390625 0.4474998546875 0.2587764453125 0.4604596015625 0.2506068875 0.4765296 0.24854443437499998 0.49413351875 0.2430967140625 0.5040254296875 0.2416976875 0.516097240625 0.2429483328125 0.529596571875 0.24223544531250002 0.53652325625 0.2389025609375 0.5379507734375 0.236939025 0.54301675625 0.22669127968749997
0 0.358807746875 0.2290014890625 0.3549489 0.225563840625 0.34698356874999997 0.2232196953125 0.3182343984375 0.22359154062500003 0.29720102812500004 0.2271973515625 0.28491451875 0.2251488359375 0.28141539375 0.2266823015625 0.273241053125 0.23446427500000003 0.2670996921875 0.2370813484375 0.2536757203125 0.2453428546875 0.2522482015625 0.247306390625 0.2368241859375 0.2554037796875 0.22789556718749998 0.2549312203125 0.21304028281249998 0.2578736015625 0.2172917921875 0.2609533421875 0.24760971562499998 0.25550854218749997 0.2550740890625 0.255990996875 0.262894390625 0.2541619 0.28628563281249997 0.2520499859375 0.3043905078125 0.248463959375 0.322851315625 0.24256638437500003 0.33977820625 0.24005407499999998 0.3433140609375 0.240474253125 0.3465984890625 0.23814292187500002 0.3508481015625 0.2375813328125 0.358807746875 0.2290014890625
0 0.3329783171875 0.143915271875 0.3197614578125 0.1384093265625 0.310475009375 0.13660698437500002 0.298403196875 0.1353563375 0.28629655 0.135793378125 0.2477289296875 0.1414715359375 0.22991031562500003 0.1461213875 0.2274112109375 0.147736909375 0.2268773140625 0.15120423125 0.22055798906250002 0.15497707968750002 0.2010971609375 0.160792596875 0.2032403328125 0.161488625 0.2162038703125 0.1606017296875 0.226169240625 0.163109990625 0.23027762031250001 0.1656578203125 0.2326025484375 0.17248073125000002 0.2362815328125 0.17343282499999998 0.256850678125 0.1699189640625 0.2736325421875 0.163233409375 0.289524575 0.1623267296875 0.29331185625 0.165498421875 0.296882546875 0.1642309140625 0.2998826078125 0.164477084375 0.31238381249999997 0.1673234703125 0.3176720734375 0.1724389125 0.326281490625 0.177176665625 0.3284594984375 0.17618500625 0.32963748437499996 0.1751112890625 0.326809703125 0.1627853515625 0.3329783171875 0.143915271875
0 0.041546001562500004 0.1929551015625 0.0493333640625 0.196455025 0.051832468750000006 0.194839503125 0.0574399296875 0.195689753125 0.0595463703125 0.1944321375 0.07722564531250001 0.1965330328125 0.08261840937500001 0.196585415625 0.0847964171875 0.1955937546875 0.09065151406250001 0.1919128578125 0.089970696875 0.1875656078125 0.0857907515625 0.18475182343750002 0.0886071625 0.1752297796875 0.077922346875 0.1627792953125 0.0586008578125 0.161844065625 0.056099859375000005 0.1598182578125 0.05135118281249999 0.16215948125 0.0442794734375 0.161319121875 0.0384243765625 0.1650000203125 0.029745289062500003 0.16363764218750002 0.027315853125 0.1618777890625 0.0211029296875 0.1642289046875 0.0161376609375 0.16213093125 0.010744896875 0.16207855 0.0039029453125000004 0.167686415625 0.0044684578125 0.191983190625 0.0217951203125 0.19042413593750002 0.02725945 0.1907424734375 0.0362963671875 0.193434634375 0.041546001562500004 0.1929551015625
0 0.0745789 0.2575656109375 0.067116421875 0.2607244875 0.0785827734375 0.2651765015625 0.081832365625 0.2645328546875 0.0845094359375 0.261761559375 0.0797221328125 0.25850781093749997 0.0745789 0.2575656109375
0 0.067555290625 0.2805268765625 0.0719828703125 0.27880951249999997 0.0780564546875 0.28320914531249997 0.0751646890625 0.28518257187499996 0.086164915625 0.28608520312499996 0.0890566828125 0.284111778125 0.093950384375 0.2859437953125 0.1031633703125 0.28383885000000003 0.105946840625 0.279645825 0.10248065625 0.2758502703125 0.1029410921875 0.2684756625 0.09997397031250001 0.2629004734375 0.09240130468749999 0.26019842031249996 0.0695787953125 0.257155325 0.0409030859375 0.26143445625 0.03283135625 0.2605120390625 0.0286533078125 0.261339584375 0.007124662499999999 0.274007690625 0.006382829687499999 0.27423240937500004 0.0067174328125 0.2886083171875 0.0152039734375 0.289495428125 0.032595090625 0.28689116718749996 0.051376996875000004 0.28036973125000003 0.067555290625 0.2805268765625
0 0.033437271875 0.3954152609375 0.0304023765625 0.396856775 0.031940084375 0.4007541703125 0.040903540625 0.39953904218749997 0.0436502796875 0.393392375 0.0440739859375 0.384064121875 0.04782264375 0.3816408390625 0.076105690625 0.3777196125 0.086392159375 0.37960401093749996 0.1097833984375 0.377492096875 0.1139266109375 0.378352240625 0.1153560234375 0.380030034375 0.1276406390625 0.3784372203125 0.1341030953125 0.3751962828125 0.138385646875 0.36930567812500004 0.13867001406249999 0.366728175 0.133451425 0.358237359375 0.1280567640625 0.35454364531250004 0.1207703578125 0.35290541875 0.0982341125 0.350926146875 0.0583434796875 0.3535047796875 0.0462735640625 0.3558954640625 0.038561553124999995 0.3599441578125 0.026706334375 0.3631327125 0.009460242187499999 0.3699102140625 0.008613146875 0.370055921875 0.008738496875 0.37544146718750004 0.0319635484375 0.3772185015625 0.037002276562500006 0.38322376406249997 0.0367565359375 0.391396240625 0.033437271875 0.3954152609375
0 0.1517062921875 0.43698019375 0.1390271203125 0.435289584375 0.1135991078125 0.43528374062499997 0.091528984375 0.43685385 0.0794920078125 0.43391551718750004 0.066493634375 0.4364901 0.0571394125 0.4417044625 0.0448915296875 0.44525092187500004 0.037034496875 0.44512637499999996 0.031605 0.44312034999999994 0.029856384375 0.445707746875 0.0234654953125 0.4492146375 0.016358951562499998 0.45006196562499995 0.013324053124999999 0.45150348124999995 0.027287612500000002 0.45069864062500004 0.031645520312499995 0.452356653125 0.0394309890625 0.45221524375 0.0440751609375 0.45493708125000004 0.0515395328125 0.4554195328125 0.052790979687499996 0.458253103125 0.04929185625 0.459786565625 0.0497928140625 0.4616482609375 0.0923275765625 0.46162735 0.1477853546875 0.4514832390625 0.154640475 0.44788439843749994 0.15835429375 0.44714880468749996 0.1604240046875 0.44393754375 0.15881473125 0.43977419375000004 0.1517062921875 0.43698019375
0 0.0878523484375 0.5776476765624999 0.1049572046875 0.5739795921875 0.11909683125 0.56837765 0.12691524062499998 0.5629072234375 0.1402347109375 0.559708778125 0.1490201984375 0.5596494265625 0.15144963281249998 0.561409278125 0.1520588859375 0.5654905703125 0.159985590625 0.56223974375 0.17165715937499998 0.5492829765625 0.1722974578125 0.5443939234374999 0.1695817640625 0.5415702453125 0.1552952109375 0.5393576171875 0.12361944062500001 0.543390575 0.0940171703125 0.5514949359375 0.08202071250000001 0.55779290625 0.06820218125000001 0.5627709875 0.051211309375 0.5795826625 0.043570865624999996 0.5838973140625 0.0354643 0.584662584375 0.0308992765625 0.5967720265625001 0.0270790546875 0.5989293515624999 0.0368278328125 0.5969984140625 0.0397544359375 0.5933373 0.052037153125 0.5881031546875 0.060542065624999995 0.5979039671875 0.074397328125 0.5948795296875 0.078289115625 0.592988159375 0.08535324375 0.5792631984375001 0.0878523484375 0.5776476765624999
0 0.181803565625 0.6251497515625 0.1791942703125 0.62090434375 0.1691573359375 0.6181301265625 0.14226507500000002 0.618134175 0.103447925 0.6247021484374999 0.07859622499999999 0.634106615625 0.057992243750000005 0.6393081640625 0.0544931203125 0.640841628125 0.05406751875 0.64652855 0.0436417109375 0.6513948984375 0.0575337015625 0.650324103125 0.06946049062500001 0.6474015078125 0.07899646875 0.64831403125 0.0875691546875 0.651098140625 0.122600921875 0.6449998046875 0.129457934375 0.64504229375 0.133245215625 0.6482139859375 0.1684897828125 0.6392721875 0.175130203125 0.634875478125 0.180733875 0.62844306875 0.181803565625 0.6251497515625
0 0.1762434859375 0.7153327546875 0.179491184375 0.711047778125 0.178990225 0.7091860828125001 0.17727455 0.7064444640625 0.17381026093750002 0.7062902421875 0.1493493296875 0.7116954718749999 0.141349165625 0.7110390125 0.140207909375 0.7140663734375 0.14360252812500002 0.71759596875 0.1413181203125 0.720009359375 0.11671595312500001 0.7285240078124999 0.104077303125 0.736069703125 0.0971235453125 0.7388476875000001 0.0737961109375 0.7434681453125 0.06983275781250001 0.74509355625 0.079511865625 0.74653799375 0.078943134375 0.751693003125 0.080871609375 0.7515911640625 0.10622616250000001 0.74768971875 0.2028975859375 0.7380665046875 0.2098223734375 0.731092290625 0.2143215203125 0.729640884375 0.22535658125000002 0.728855828125 0.225784078125 0.7268102359374999 0.20610097187499998 0.717262565625 0.1762434859375 0.7153327546875
0 0.199240621875 0.848042003125 0.203203975 0.8464165890625001 0.2089488796875 0.8368747624999999 0.221446296875 0.8324384859375 0.23180053906250003 0.82730618125 0.23558402968749997 0.8231952124999999 0.235439003125 0.8190219687500001 0.228402128125 0.8164939234374999 0.20740169531250002 0.8147707171875 0.1926198734375 0.8216203859375 0.1795499359375 0.8239290109375 0.1677643828125 0.8237421921875001 0.15787247499999998 0.825141215625 0.1378061828125 0.8341581015624999 0.1369860234375 0.8365615984374999 0.13223734843749999 0.8389028250000001 0.1258097265625 0.840456071875 0.12349048437500001 0.8445571468749999 0.110708703125 0.8515709296875 0.09753236562499999 0.8553012875 0.10338935625000001 0.8552617203124999 0.10981697812499999 0.853708471875 0.11288860468749999 0.8542206015625 0.1250649234375 0.8504081859375001 0.1282796796875 0.8514522281250001 0.126960459375 0.8556353624999999 0.11411090312500001 0.8696658484374999 0.10754204687499999 0.8743285140625 0.1040448171875 0.87950330625 0.1062595546875 0.880465290625 0.1138303265625 0.8795260140625001 0.1231497125 0.8759993390625 0.1241130046875 0.874127753125 0.14475181875 0.8672385171875 0.151535371875 0.8633737203124999 0.16535579843749998 0.86203696875 0.1909193609375 0.8480094062499999 0.195097409375 0.8471818624999999 0.199240621875 0.848042003125
0 0.1925817015625 0.954129996875 0.1971156828125 0.95099090625 0.1972201875 0.9459278453125 0.19979085624999998 0.9445782796875 0.20829008437500002 0.943455103125 0.221284665625 0.933597859375 0.21817441249999997 0.9274907562499999 0.20828060937499998 0.9252484531249999 0.2036383328125 0.9261679484374999 0.198959325 0.9251337968750001 0.18821052656249998 0.9269826765625 0.1622853453125 0.9323977984375 0.1400391515625 0.9387650140625 0.11838025156250001 0.9527662015624999 0.123986209375 0.973599440625 0.13698458125 0.97102485625 0.1578729296875 0.963245803125 0.1762951109375 0.9517532546874999 0.185152165625 0.9519598578125 0.1902605640625 0.9545897453125001 0.1925817015625 0.954129996875
0 0.423050475 1 0.4885548578125 0.9837480234375 0.5032961609375 0.9676620515625001 0.5008299968750001 0.9639485562500001 0.49357842500000004 0.9606226421875 0.47204409375 0.9623667593749999 0.42637182500000004 0.9725335734374999 0.41519552812500005 0.9764280453125 0.393274221875 0.9894540609375 0.38577880468750003 0.9979419546875 0.3797692203125 1 0.4024879484375 1 0.4052434234375 0.9994090968749999 0.4058117296875 1 0.423050475 1
0 0.46385910468749997 0.8810691265624999 0.4556075125 0.8776611531249999 0.42771712656250005 0.8812244734375 0.3916156703125 0.890616128125 0.37472740781249997 0.8987234093750001 0.3576979078125 0.909940109375 0.3427362234375 0.914304221875 0.3295947203125 0.9163468921875 0.3239891546875 0.9191379718749999 0.32231210312499997 0.9219913249999999 0.40352088906250005 0.9148705265625001 0.4056640609375 0.9155665546874999 0.4125416390625 0.9096289328125 0.4417617265625 0.8988922421875 0.4527967890625 0.8981071890625 0.45968674062500003 0.8928206609375 0.46357663281250006 0.8872879593749999 0.46385910468749997 0.8810691265624999
0 0.46395864531250003 0.7978504453124999 0.46720634375000003 0.79356546875 0.4699163515625 0.78546515625 0.4608446 0.7844606828125 0.44956000781250005 0.78613555625 0.3794635359375 0.8036612453125 0.3685735015625 0.8086195421875001 0.35968540312499997 0.8173832843750001 0.3489036625 0.8245611828125 0.3416191515625 0.8265642859375 0.3364759171875 0.8256220859375001 0.3335125859375 0.8273295562499999 0.32883358125 0.8262954062500001 0.3117287265625 0.8299634906250001 0.3196940546875 0.8323076390624999 0.3380851921875 0.8297854359375 0.35040653593750004 0.8301462640624999 0.3542286515625 0.83163026875 0.35637372031250003 0.835967625 0.3532324234375 0.838830871875 0.365195940625 0.8378619171875 0.3680896 0.83952981875 0.3677336671875 0.8418413687499999 0.36259233125 0.8445404999999999 0.362164834375 0.8465860921875 0.37127141875 0.845902878125 0.3751632078125 0.844011509375 0.3757338328125 0.8424978296875001 0.46203016874999997 0.7979522859375 0.46395864531250003 0.7978504453124999
0 0.43261299218750005 0.6813616062500001 0.42771929062499997 0.6795295890624999 0.42025491718749997 0.679047134375 0.3669384140625 0.686245940625 0.354762096875 0.69005835625 0.3268406671875 0.7025920250000001 0.3227728109375 0.7092804984375001 0.31731037500000003 0.7126034921875 0.298849565625 0.7185010671875001 0.2954568421875 0.7186127984375 0.2883154625 0.721147815625 0.2859594890625 0.72329525 0.2882457921875 0.7245231890625 0.3158131859375 0.7179424015625 0.3205713390625 0.7338078265625 0.336569771875 0.731479415625 0.34006889687499997 0.729945953125 0.3436376921875 0.7250371140625 0.34238435 0.7185622140625 0.3458100140625 0.7131214640625 0.35409454375 0.7112004187500001 0.3614873515625 0.711416915625 0.3679865375 0.7101296234375 0.405300815625 0.6979765671875 0.4245140078125 0.6966921968750001 0.43154709062499996 0.6919375828125001 0.43883160156249995 0.6899344796875 0.43261299218750005 0.6813616062500001
0 0.4189288359375 0.6014333203125 0.3985009265625 0.6018377640625 0.38210982968749996 0.60452408125 0.36964535625 0.603631340625 0.344432040625 0.6044233640625001 0.3374686265625 0.6058026062499999 0.32911442343749997 0.611099025 0.3195087734375 0.613561875 0.3139747765625 0.6166189125 0.308121571875 0.6239411390625 0.2955177578125 0.629799146875 0.27187888125000004 0.6364422109375 0.27495050781249997 0.6369543359375001 0.313874059375 0.6289646328125 0.33901770625 0.63154798125 0.36455211875 0.63013209375 0.368985384375 0.639338721875 0.3721653078125 0.6420704500000001 0.3758075609375 0.6410688984374999 0.3825873234375 0.6299214421875 0.3910479265625 0.623203290625 0.396403959375 0.62130203125 0.4040114640625 0.62231639375 0.41900798124999994 0.616264596875 0.4259695 0.611244025 0.4273235578125 0.6053732046875 0.4189288359375 0.6014333203125
0 0.33043247187499997 0.5360429328125 0.34128767187500003 0.532772321875 0.35646215625 0.5255647484375 0.36528248125 0.523817709375 0.368998196875 0.5267234453125 0.3723909203125 0.5266117125 0.3825323625 0.52432286875 0.38935075 0.518770384375 0.396706825 0.5170332390625 0.40934926718750003 0.5167702046875 0.40870517812499996 0.514376596875 0.40013059531249995 0.5079511578125 0.38891377656250004 0.5026093265625 0.383698978125 0.5014011703125 0.3716638953125 0.5021041687500001 0.3561296890625 0.5043406296875 0.336775259375 0.5087344171875 0.3234906265625 0.510245175 0.31577861875 0.514293871875 0.311995128125 0.5184048390625 0.3019987109375 0.524866925 0.29364261406250003 0.526522015625 0.28928470625 0.5248640046874999 0.28424976874999996 0.526141403125 0.28346444375 0.5268572140625001 0.29167930468750003 0.5283115421875 0.291539965625 0.535062290625 0.28025726562500003 0.54037849375 0.2789728796875 0.542873940625 0.26558184375 0.5458064296875 0.2627616421875 0.5480458140625 0.2653690453125 0.5486498921875 0.27047554687500003 0.5476384484375 0.2822592015625 0.5441839390625 0.28322249374999997 0.542312353125 0.29082810000000003 0.5396853875 0.31025409375 0.5355575578125 0.31468356875 0.537481525 0.315828615625 0.541736825 0.3138323640625 0.5488553703125 0.3100140390625 0.5546540265625 0.30294422499999996 0.5574549984375 0.306623209375 0.5584070890625 0.31576462968749996 0.5560361890625 0.319227025 0.55254908125 0.31943603593750003 0.542422959375 0.33043247187499997 0.5360429328125
0 0.3732568328125 0.4062639203125 0.369970509375 0.4049539234375 0.3492196078125 0.4023408984375 0.337041396875 0.4025119828125 0.311901540625 0.40721129375 0.300011484375 0.412087534375 0.27523324531250004 0.4253992875 0.259170828125 0.44202706249999996 0.246323165625 0.45969887812500004 0.2460388 0.46227638281249994 0.24818197187500002 0.462972409375 0.2587509109375 0.458637975 0.2671051125 0.45334155468750004 0.2766391953125 0.45061275 0.28385024531249997 0.4447023609375 0.2907769296875 0.44136947656250003 0.2992045921875 0.43998034218750004 0.30513314999999996 0.4402067328125 0.3274141796875 0.43215182968750004 0.334839925 0.427039309375 0.34283819531250004 0.4240544375 0.3496236421875 0.4238309734375 0.3539080921875 0.42158169687499997 0.3606935390625 0.42135823125 0.3678019796875 0.42415223125 0.3714075046875 0.4211970375 0.375616596875 0.4113991453125 0.3732568328125 0.4062639203125
0 0.35242182031249997 0.31066399843750003 0.3467776296875 0.30786010625000004 0.340313278125 0.3074597109375 0.3197441328125 0.3109735703125 0.273394834375 0.3240757984375 0.2676480328125 0.3299762953125 0.252152453125 0.3378077296875 0.2345137 0.34494313593750003 0.22479975468750002 0.34518638749999997 0.22022904375 0.3463718375 0.2134106546875 0.351924321875 0.216089621875 0.35279435625 0.23026598125 0.3491460546875 0.2503708984375 0.3457241421875 0.2664060625 0.34534937499999996 0.26233820625000004 0.35203785 0.25555654687499996 0.35954397656250003 0.2529143125 0.3606275859375 0.2532005734375 0.3616914109375 0.2582355125 0.360414009375 0.2622337 0.35710091093749996 0.268732884375 0.35581361875 0.279477896875 0.3466820796875 0.2982965296875 0.34211428593750004 0.3129352203125 0.3347327046875 0.35282964375 0.3394367328125 0.34996702812499997 0.3287984828125 0.3533926921875 0.3233577328125 0.35242182031249997 0.31066399843750003