0 0.858845253125 0 0.8546464296874999 0.0229098 0.85496285625 0.0305507796875 0.8588456609374999 0.0495811578125 0.862235090625 0.059540615625 0.8685274109375 0.066086246875 0.868200565625 0.08378068749999999 0.871780628125 0.08656536718749999 0.8759495421875 0.0759516984375 0.88067994375 0.06914911875 0.879318759375 0.0610544703125 0.874353725 0.04635151875 0.875718484375 0.033413106250000005 0.877913575 0.024279515625 0.8794671062500001 0 0.858845253125 0
0 0.773439228125 0 0.7714707546875 0.0138541765625 0.7707082171875 0.042553285937500004 0.7746421812500001 0.0481978484375 0.781267878125 0.0705104453125 0.7817544140625 0.0838837234375 0.7800083843750001 0.11117169375 0.782999909375 0.08959095781250001 0.790122875 0.062177649999999994 0.792488075 0.058776359375 0.7940877859375 0.0295797125 0.797382053125 0.0242446765625 0.799430825 0.013202406250000001 0.8004932390624999 0 0.773439228125 0
0 0.677298840625 0 0.6757749640624999 0.0074805203125 0.6757883359375 0.0366395625 0.68021894375 0.06808575 0.6839453234375 0.0727791078125 0.688900253125 0.07505371562499999 0.6912993484375 0.087904390625 0.6932800140625 0.08212195312500001 0.6941002390625 0.073498434375 0.696557334375 0.06866093437500001 0.6980478859375 0.0705382765625 0.6989632718750001 0.0772092484375 0.700008028125 0.0776629171875 0.70066825 0.07573543906249999 0.7008419359375 0.060434679687500006 0.6994739125 0.056642390625000004 0.6952948906249999 0.05482771875 0.6943795046875 0.048156746875 0.6959824796875 0.0356908015625 0.6964455390625 0.007476696874999999 0.6996785437499999 0.0030991328124999997 0.7000503953125 0 0.677298840625 0
0 0.5998673937500001 0 0.5993442515625 0.0020918453125 0.5935146765625 0.0050958703125 0.5935997296875 0.0079620203125 0.596519571875 0.0126741796875 0.5972171734375 0.0185533671875 0.5958623000000001 0.0690961234375 0.5955866109375 0.07340474999999999 0.5940892171875001 0.0758297671875 0.600435959375 0.0857202859375 0.6043630828125 0.0956672078125 0.6071672390625 0.097991953125 0.60706165625 0.1080328796875 0.60950506875 0.1118001 0.6108662515625001 0.1198947484375 0.61147889375 0.11032002187500001 0.6245917515625 0.035442884375 0.6260585140625 0.033496603125 0.6261266187500001 0.028236771875 0.626010934375 0.0258493578125 0.623091090625 0.021137198437499997 0.61849690625 0.017420115625 0.615529484375 0.0050607109375 0.616392471875 0 0.5998673937500001 0
0 0.511942328125 0 0.508307178125 0.0152085 0.5015485328125 0.020146271875 0.5016573765625 0.02683604375 0.506850521875 0.029583121875 0.5085111828125 0.03719276875 0.508368128125 0.052014790624999994 0.509882471875 0.05771575625000001 0.5110155437499999 0.0777662765625 0.5121759859374999 0.08060735937499999 0.5123392531250001 0.0906420203125 0.5101272140625001 0.09164962812500001 0.5096371000000001 0.0993094109375 0.5166782765625 0.0857606515625 0.52175246875 0.06938961406250001 0.5261596 0.0592484125 0.5271704578125 0.043450115625 0.5300632453125 0.02760795 0.5296855546875 0.020924440625 0.5310672624999999 0.016112010937499997 0.53027440625 0.0075260953125 0.532462653125 0.0026948609375000003 0.53522030625 0 0.511942328125 0
0 0.42738770937500004 0 0.4242738046875 0.01955749375 0.42332421093750006 0.034398318750000004 0.42948358437499995 0.068194315625 0.43261100781249995 0.07385768125 0.43947165625 0.0799120421875 0.4402883015625 0.0923215828125 0.44181990625 0.0683847703125 0.44350109375 0.063087334375 0.4469723109375 0.05918224062500001 0.447714325 0.0433902109375 0.448902528125 0 0.42738770937500004 0
0 0.339118971875 0 0.33720816875000004 0.033537615625 0.3396242125 0.054514273437500003 0.3452801015625 0.0668110078125 0.3469407640625 0.074420653125 0.34621243437500004 0.08160796406250001 0.3484107890625 0.0892050734375 0.34732172031249997 0.0978348609375 0.3489517484375 0.1059232421875 0.3499727140625 0.10255328593749999 0.351041571875 0.069066815625 0.3521238015625 0.0647393875 0.35637777187499997 0.056991868749999994 0.36229924375 0.052551634375 0.360400365625 0.0444695203125 0.36117658750000003 0.0071656921875 0.36010804375 0.0028884015624999998 0.36000637812499997 0 0.339118971875 0
0 0.25799218125 0 0.2570784421875 0.0062461453125 0.2550365109375 0.012986054687500002 0.255267884375 0.017760884375 0.2585109953125 0.0258116625 0.259035003125 0.034403846875 0.2623325359375 0.0457995125 0.2631253921875 0.0543854296875 0.2659295484375 0.0567101734375 0.2675357875 0.060974931249999996 0.2716907046875 0.09672974375 0.2739333765625 0.0952433984375 0.27411716875000003 0.09237098125 0.2734162078125 0.08234885625 0.27442022499999996 0.0708529171875 0.27302156875 0.067539365625 0.27312030625 0.061800795312500004 0.27384179375 0.058915845312500006 0.2788954609375 0.055451884375 0.28038959218750004 0.036296165625 0.2808014921875 0.021467875 0.27856239843749997 0.0019211593749999998 0.2785504453125 0 0.25799218125 0
0 0.1877221734375 0.079088203125 0.1894610484375 0.0938663578125 0.190604540625 0.08858145625 0.1908632828125 0.0761468484375 0.19068633125 0.07471690625 0.1890119859375 0.07571198125 0.1877221734375 0.079088203125
0 0.1700889875 0 0.1692131078125 0.015942709375 0.17258885156249998 0.0345068828125 0.1709620859375 0.0431492046875 0.1676746609375 0.04418188125 0.16739897343750001 0.0484905078125 0.1729903328125 0.0450140140625 0.17612460000000002 0.046375018750000004 0.179238340625 0.0606431015625 0.185353709375 0.0657587921875 0.186745525 0.0733747015625 0.18830418437500002 0.06999221562499999 0.1882243390625 0.054458353125000004 0.1911731796875 0.050326424999999994 0.1964275890625 0.052116028125000005 0.19694833437499998 0.043977512499999996 0.193201740625 0.014427471875 0.19239879375 0 0.1700889875 0
0 0.09595628125 0 0.0964338265625 0.0248095828125 0.0987273421875 0.0477011859375 0.0983222828125 0.0582271171875 0.100044209375 0.0648792890625 0.09843439375 0.08164759375 0.0995879921875 0.088791034375 0.1037194328125 0.0829584609375 0.1052986171875 0.06666889375 0.1072486515625 0.061365193750000005 0.10852151562500001 0.0498629875 0.11044091874999999 0.045038021875 0.112891171875 0.0445028828125 0.1176352546875 0.0290955828125 0.1174345125 0.02384201875 0.1195683375 0.0156658984375 0.12105839843749999 0 0.09595628125 0
0 0.0863558703125 0.1823138203125 0.0865976640625 0.16175322812499998 0.0791823734375 0.147585415625 0.0718485609375 0.15731681875 0.0675502765625 0.1741477921875 0.067883653125 0.189914753125 0.0648989671875 0.20719312968749998 0.06488528593750001 0.215797846875 0.0654092953125 0.2243900328125 0.0689688328125 0.2400817890625 0.0748798859375 0.26097697656249996 0.0785143703125 0.26710654375 0.0788920609375 0.27379005 0.082819184375 0.28373697343750004 0.084316578125 0.2813119546875 0.08486111562500001 0.2769970640625 0.0837586734375 0.2564678046875 0.0885878078125 0.24392665781249998 0.089544246875 0.224783471875 0.0874446296875 0.21144779218749998 0.08801653125 0.1899234625 0.0863558703125 0.1823138203125
0 0.07031896875 0.34903938437500004 0.0661262640625 0.35582942968750003 0.062042403125 0.3693092515625 0.0554740796875 0.40483600781250006 0.0528227703125 0.4378813453125 0.0552932375 0.4622028921875 0.058505714062500006 0.4707324046875 0.058852775 0.4778946484375 0.056028093749999994 0.488476984375 0.05180475624999999 0.495745765625 0.0509913734375 0.5000669265625 0.0522437125 0.5014718 0.05639894375 0.4994628484375 0.058709720312500005 0.4927166734375 0.062602946875 0.48641162812500005 0.0691507453125 0.46379194999999995 0.0728976515625 0.4555782296875 0.0749056859375 0.43258635468750006 0.0752019 0.41537064843750005 0.078295428125 0.404782046875 0.08013661718750001 0.392788571875 0.079925771875 0.375106665625 0.0841865796875 0.36305678750000003 0.0844316375 0.359226896875 0.08282540000000001 0.3549621390625 0.07916028281250001 0.349311309375 0.07477367812499999 0.3465454296875 0.07031896875 0.34903938437500004
0 0.15956399999999998 0.1667446359375 0.1557933015625 0.17113473437499999 0.15384326875 0.1764384375 0.1522096609375 0.18938311562500001 0.15176712812499998 0.20469014218749998 0.15290704375 0.22043830468749998 0.1583892484375 0.24803579843749998 0.16474609843750002 0.2703546609375 0.16745835625 0.27411561406249996 0.1683838484375 0.293214928125 0.1705789390625 0.28408133593749996 0.175394390625 0.2801449078125 0.17710947500000002 0.2910994375 0.1803561625 0.27811715625 0.1797708890625 0.27048244375 0.1774193734375 0.265279015625 0.1777869578125 0.25953418125 0.1840317 0.2584325640625 0.18922484374999998 0.2611796421875 0.190892346875 0.2644869265625 0.191559409375 0.2582570890625 0.18765607812500001 0.2521337890625 0.1786378140625 0.2504319234375 0.1775386375 0.24663336875000003 0.1773685296875 0.24090106718749998 0.17997878437499998 0.23366988593750002 0.174891534375 0.18311811875 0.1777944265625 0.17970429375000002 0.1695589140625 0.1741600015625 0.1640425 0.16807430625 0.15956399999999998 0.1667446359375
0 0.25020907187499997 0.2310767203125 0.254970103125 0.22379540312500001 0.2556984328125 0.2166080921875 0.25112803437500003 0.21671463124999998 0.2474730234375 0.2234921453125 0.25020907187499997 0.2310767203125
0 0.266921265625 0.29713223437499997 0.27033121875 0.2941846140625 0.2706375390625 0.28939725 0.2679933875 0.28037646562499996 0.266581046875 0.28566763125 0.266921265625 0.29713223437499997
0 0.25953754687499997 0.1691943984375 0.2498453765625 0.1780247328125 0.24738828281249997 0.18286223125 0.2448018171875 0.19391703437500002 0.24414485937500002 0.2125752140625 0.24913010781249997 0.25213485 0.256661084375 0.268690075 0.266349675 0.280892803125 0.2666455765625 0.3014408609375 0.27009626875000003 0.3104428453125 0.271001546875 0.3046854765625 0.2707089109375 0.30086811875 0.2692183578125 0.2989907765625 0.2698547890625 0.29323967500000003 0.26900066875 0.2856112296875 0.26960646875 0.2803388625 0.271733453125 0.276465103125 0.269803946875 0.2688617265625 0.2703859546875 0.25976573593749996 0.27584468125 0.2457758453125 0.2805682390625 0.24327562500000002 0.2837706109375 0.23937679687500002 0.2793840078125 0.2366109171875 0.2716112390625 0.2406162859375 0.26961362499999997 0.2382727421875 0.26875950312499997 0.2306442953125 0.2635937265625 0.21068778125 0.26737126875 0.201995321875 0.26895371562500003 0.20243645781250003 0.26212727812500003 0.174870296875 0.26357709375 0.164798034375 0.2631312953125 0.163374359375 0.2605585140625 0.16582444375 0.25953754687499997 0.1691943984375
0 0.33753345 0.20466198906250002 0.336226690625 0.19991222656250002 0.338067878125 0.187918753125 0.33308915781250004 0.181820521875 0.332357565625 0.17227713281249998 0.32976099375 0.1709035921875 0.328600553125 0.168062509375 0.326459884375 0.1805409875 0.32346509375 0.18539102031250002 0.32163074687500004 0.1930821375 0.3191531265625 0.21082671406250003 0.31828858437499996 0.228533690625 0.3136057671875 0.24298351562499998 0.3198606140625 0.2543102453125 0.32202149687500004 0.2666884515625 0.325002603125 0.2704431359375 0.327939390625 0.283281278125 0.3305903859375 0.28799970468749997 0.3304779625 0.30234299062500003 0.3278439171875 0.30575054687500003 0.32465849375 0.3177753578125 0.3230147796875 0.318291696875 0.3227084578125 0.32307905937500003 0.3273469625 0.3177126875 0.3287048796875 0.309076634375 0.33122086875 0.304715784375 0.3362088015625 0.30507753437499996 0.337260396875 0.30122884375000003 0.339156009375 0.2925802546875 0.33982991406249996 0.28204805781250003 0.3391289546875 0.2720259296875 0.34129014999999996 0.24664037187500001 0.341133725 0.2323033515625 0.339204215625 0.224699975 0.33753345 0.20466198906250002
0 0.40872701562499997 0.178623278125 0.405296534375 0.1944779796875 0.40488789843750006 0.226036971875 0.40334618750000006 0.23754544375000003 0.404251153125 0.2695518375 0.40620445156249996 0.2809788375 0.4061226609375 0.2948433890625 0.40458095 0.3063518609375 0.40537380624999997 0.314937778125 0.40720131249999997 0.3115490234375 0.40944071875 0.29333197499999997 0.41210539687500003 0.28944568125000003 0.41420859062500004 0.28174829843750004 0.416689478125 0.2807344234375 0.41933363124999995 0.289755209375 0.42388023593749996 0.2858250453125 0.424247821875 0.2800802109375 0.42254968593750003 0.27725166093750003 0.4195584734375 0.261068634375 0.422025990625 0.2308957140625 0.42043343593750004 0.2180262375 0.42195135468749995 0.2026941421875 0.42004237343749995 0.1821836875 0.414556590625 0.17561925312499999 0.40872701562499997 0.178623278125
0 0.5134345390624999 0.1532374 0.5061144109375 0.15436408125 0.5017447546875 0.15972418593749999 0.5003936796875 0.16405788125 0.49296765625 0.2129892546875 0.49050014218750004 0.243162175 0.4933756671875 0.2569577875 0.49463811093750004 0.270791003125 0.500600321875 0.27830037500000004 0.50073295625 0.288813771875 0.497009840625 0.3008511171875 0.5003210546875 0.3036420625 0.502417409375 0.3002470390625 0.50327510625 0.286842425 0.5077979218750001 0.2790886375 0.5080736124999999 0.2747800109375 0.5058208359374999 0.26383801406249996 0.5066410578125 0.25521449375 0.512273471875 0.2259238421875 0.5133762265625 0.2086893359375 0.5168236562499999 0.20096061875000001 0.519512125 0.20089794843750003 0.5213771031250001 0.192728096875 0.522466175 0.184098309375 0.5218877421875 0.1721612390625 0.5203734 0.166460271875 0.5173922937500001 0.1627055859375 0.5134345390624999 0.1532374
0 0.5915259140625 0.16623571875 0.5861760312500001 0.186915384375 0.5805094109375 0.23771783281249997 0.5817138546875 0.2692392234375 0.5838203125 0.27827254218749997 0.5941215468750001 0.280900546875 0.5955609421875 0.2961637046875 0.5994267984375 0.3070680984375 0.6005634515625 0.306085559375 0.60081535 0.29795330937500003 0.598640784375 0.29417982187499997 0.5970413875 0.28561270625 0.5970619140625 0.27270562656249997 0.6007680843750001 0.2525423 0.60006028125 0.2468225328125 0.60076481875 0.2358115984375 0.6074589359375 0.215100596875 0.6051618421875 0.21324205625 0.6025144265625 0.18749056718749998 0.6045631984375001 0.1764482984375 0.6050601531249999 0.164486159375 0.6039916078124999 0.16020886875 0.5962869453125 0.15895440156250001 0.5915259140625 0.16623571875
0 0.6730477687499999 0.1633793390625 0.6692702296874999 0.1720717953125 0.6631138078125 0.1927702609375 0.657692240625 0.2397428203125 0.659172375 0.266955584375 0.6621091640625 0.279793725 0.6660193375000001 0.281614665625 0.66778884375 0.295914084375 0.6669924078125 0.3083612265625 0.6684761203125 0.314540928125 0.6728764078125 0.30870208906249996 0.675445925 0.2895213015625 0.6755821375 0.2790016375 0.6730367234375 0.26424228437499997 0.6767803671875 0.2392978625 0.6803877968750001 0.22487310312500003 0.6854414656250001 0.22140914218750002 0.6851250375 0.2137681640625 0.681551815625 0.20668112343749998 0.6811741265625 0.1999976171875 0.6848565046874999 0.1760106671875 0.6875211828125 0.1721243734375 0.6881882453125 0.1658945359375 0.6915437796874999 0.1596020265625 0.692347053125 0.1428525234375 0.6917243078124999 0.1399989078125 0.6863030546875 0.149207703125 0.6730477687499999 0.1633793390625
0 0.7869606140625 0.153553609375 0.7847622609375 0.1459565 0.7782929875 0.137980925 0.7737770140625 0.1414323515625 0.7694617796875 0.150137340625 0.764765278125 0.1731918875 0.7633663078125 0.2076421 0.764628753125 0.221475315625 0.7667114203125001 0.2266850109375 0.7709481296875 0.248575271875 0.7726768953125001 0.250925084375 0.7799797640625 0.2794361828125 0.78064325 0.2942394046875 0.7820487468749999 0.293250596875 0.78235506875 0.2884632359375 0.7827262312500001 0.2616853375 0.79483118125 0.2571009625 0.79515445 0.2604395828125 0.7983160828125 0.2445911484375 0.7965941578125 0.23793897656250002 0.7925070328125 0.23468809531249998 0.7885049625 0.2343033640625 0.7855544906249999 0.23006994218750002 0.7870486203125 0.210914225 0.7855072234375 0.1846589328125 0.790482678125 0.1740264625 0.7904588875 0.170202840625 0.78927465625 0.16353813281250001 0.7866236625 0.15881970781250002 0.7869606140625 0.153553609375
0 0.8727126484375001 0.1391260859375 0.8688568953125 0.1406500328125 0.8627822640625 0.147483946875 0.853954321875 0.1763710671875 0.8505271046875 0.20895647031250003 0.85043163125 0.231425740625 0.8533104203124999 0.2619520546875 0.8507545859375 0.2725281234375 0.847344634375 0.27547574531249996 0.84554091875 0.282688125 0.8424848656249999 0.2884956296875 0.8420253828125001 0.295676675 0.8467864140625 0.2883953578125 0.8501794203124999 0.27732175312499996 0.8548791859374999 0.270997909375 0.8603991765625001 0.25605054531250004 0.8627269015625 0.25743035000000003 0.863587865625 0.2607564359375 0.8623319484374999 0.280384625 0.8607970796875 0.2875907359375 0.8608208703125 0.291414359375 0.8627572203125 0.294715378125 0.8648434671875 0.2788920125 0.868828590625 0.271150759375 0.8665044421875001 0.24873789375 0.8669332921875 0.242035584375 0.8715685296875 0.21993851250000002 0.873161396875 0.19504422500000002 0.8787358109375001 0.1834417484375 0.882207028125 0.1795366546875 0.8862328890625 0.183745009375 0.88752954375 0.176066425 0.8869067953125 0.17321281093750002 0.8808288984375 0.1633160234375 0.8802742562500001 0.155202575 0.8727126484375001 0.1391260859375
0 0.8602783453124999 0.4635150078125 0.8629123921874999 0.4601074484375 0.8628886015624999 0.45628382656250005 0.8589546374999999 0.4506392640625 0.8555720515624999 0.436377446875 0.857491453125 0.43155248124999995 0.8570762875 0.4296500703125 0.8504844874999999 0.42358944374999996 0.84654368125 0.42224723906249995 0.8413844328125 0.43575212656250006 0.837613421875 0.47790598749999996 0.8378617437500001 0.4908068 0.8403322093750001 0.51512834375 0.8422617171875 0.5227317203124999 0.8495544781250001 0.538814478125 0.8485879359374999 0.54552931875 0.844088909375 0.5571067281250001 0.8417950812500001 0.5719788875 0.8435238484375001 0.5743286999999999 0.8451675609375 0.5738123625 0.8479446625 0.5555827812499999 0.85090881875 0.551211484375 0.8538253953125 0.539192940625 0.8600668718750001 0.521360625 0.864790428125 0.5188604046874999 0.86641719375 0.5102180828125 0.866675934375 0.49778347187499994 0.8647601109374999 0.4815753765625 0.8600945531249999 0.4663874234375 0.8602783453124999 0.4635150078125
0 0.7539925765625 0.391899165625 0.7493778640625 0.401089159375 0.743776084375 0.4299010734375 0.7411247765625 0.4629464125 0.7437790343749999 0.4843955390625 0.74923060625 0.5124717703125 0.7481346921875 0.5254039140625 0.7488118640625 0.5316024203125 0.750040409375 0.5291836703125 0.7519259171875 0.5081067390625 0.7575140125 0.48789954375000005 0.7596716296875 0.48354704687499994 0.7618396671875 0.45385913125000005 0.7618807171875 0.4280449734375 0.7653894109375 0.41935878437499996 0.7684692531249999 0.4173749015625 0.764018121875 0.39883579375 0.759999103125 0.3903250796875 0.7579095921875 0.38941774375 0.7539925765625 0.391899165625
0 0.6629691859375 0.3964111 0.658722059375 0.399856259375 0.654791359375 0.41094239843749997 0.65373260625 0.45685721093750004 0.65592054375 0.48978974375 0.6597864 0.5006941375 0.6596876625 0.50643270625 0.6645608015625 0.5225718640625 0.6624201328125 0.5350503437499999 0.6665753640625 0.53304139375 0.6678039124999999 0.53062264375 0.667780121875 0.5267990203124999 0.6717890343749999 0.5228813921875 0.6731059 0.5400594937500001 0.6768084921875 0.540929228125 0.6780370390625 0.5385104796875 0.6780269328124999 0.5260821375 0.67946990625 0.520312234375 0.677540396875 0.5127088578125 0.6786949375 0.406561009375 0.6727327265625 0.3990516375 0.6680160109375 0.3972494984375 0.6629691859375 0.3964111
0 0.5772715765624999 0.41418350937500004 0.5695633359375 0.43396210625 0.5591868390625 0.47866005625 0.5626473265625 0.537854146875 0.5623716375 0.5421627734375 0.5608129796875 0.5455452625 0.56265743125 0.5502824890625 0.5669625593750001 0.5291491546875 0.5702193531249999 0.5285952125 0.5719957 0.538592271875 0.5774306375 0.520778759375 0.5774681125 0.5159976625 0.575746184375 0.509345490625 0.577240315625 0.4901897734375 0.5853910890625 0.45510415000000004 0.5859424671875 0.44648689687500004 0.5849351859375 0.4412521328125 0.5859936234374999 0.43310108124999996 0.5923983671874999 0.4253034265625 0.5899617984375001 0.417233846875 0.58436033125 0.4082819984375 0.5803276296875 0.40837600468749996 0.5772715765624999 0.41418350937500004
0 0.4778187703125 0.40359523125 0.4739490234375 0.451487659375 0.4739897609375 0.4634372671875 0.4800947125 0.493888378125 0.48584249843749994 0.504748903125 0.49354031875000004 0.5103057265625 0.49526224374999994 0.5169579 0.49705227656249995 0.5183502390625 0.49876735937500005 0.5293047703125 0.500264753125 0.5268797546874999 0.5003465421875 0.5130152031249999 0.5016976203125 0.5086815078125 0.49995190312500004 0.49820571406249997 0.4967700578125 0.48919746249999996 0.50087149375 0.40831609999999996 0.502307625 0.40684855625000005 0.48701072187500005 0.3899963375 0.48273980468750005 0.3896178734375 0.4778187703125 0.40359523125
0 0.3987676953125 0.39300939375 0.3964706015625 0.391150853125 0.39225410781250003 0.394117275 0.3870404375 0.404277275 0.383320584375 0.433045321875 0.3832932171875 0.4502547609375 0.38190466875 0.4593695515625 0.386165165625 0.4850834359375 0.39206937656249996 0.51028098125 0.3922564328125 0.5241392671875 0.3895542796875 0.5328066546875 0.39011576406250004 0.53661774375 0.3911911515625 0.5365926765625 0.3960747109375 0.5273964140625 0.4003967859375 0.5143890640625 0.406348890625 0.50947009375 0.4134614375 0.5073922046875 0.41585726718749993 0.503512178125 0.41308374375 0.5007086984375 0.406447628125 0.5037315234374999 0.4031976765625 0.49998310625000003 0.40483812500000005 0.48273606406249997 0.40392631718749994 0.45503203125 0.40489286093750004 0.4483171890625 0.40205480937500004 0.42974048125 0.40338209531249997 0.4215831625 0.4066150984375 0.41720559843749994 0.40391652499999997 0.4048399265625 0.39852263906249996 0.396839284375 0.3987676953125 0.39300939375
0 0.3145710578125 0.38732372656249997 0.3099563453125 0.396513721875 0.3044907765625 0.414805971875 0.297953084375 0.44985399218750005 0.296942225 0.4656522890625 0.2977826625 0.48188545468750005 0.29998101718750003 0.48948256562500003 0.3030846515625 0.49132230625 0.3069267203125 0.49840307812500007 0.3099997203125 0.500721553125 0.311000159375 0.5102586765625 0.31784028124999997 0.52922011875 0.322478784375 0.523853746875 0.321893509375 0.5162190343749999 0.32298258125 0.5075892484375 0.32200593125 0.5018757468749999 0.3268425390625 0.4095047125 0.327924765625 0.405177284375 0.32725443906249996 0.3946764234375 0.3189951359375 0.3853085078125 0.3145710578125 0.38732372656249997
0 0.23691505937500001 0.401084503125 0.2359146203125 0.39154737968750003 0.2382491875 0.388624825 0.2277641609375 0.38886923906250004 0.2238471453125 0.391350659375 0.2213287859375 0.39714563125 0.21333412499999999 0.48433203750000003 0.21796578437499997 0.483268025 0.21994645 0.47748558750000003 0.2235639875 0.4754891703125 0.228535865625 0.4858897609375 0.2334396375 0.501550184375 0.23660453593750003 0.5024324515624999 0.23857151718749997 0.5052547328125 0.2426449578125 0.517110334375 0.2437066625 0.5256899859375 0.247701890625 0.530377075 0.2489304390625 0.527958328125 0.24839958593749997 0.5236685015625 0.2455716421875 0.517520134375 0.24486383906250003 0.511800365625 0.24307380625000002 0.5104080265625 0.2416275703125 0.49944722812500003 0.242185790625 0.4865276140625 0.23990595781250001 0.45503129375 0.2405254421875 0.44115420937499994 0.24238357968750002 0.437286715625 0.23928678906249998 0.43114461562499995 0.23547208749999998 0.40685440625 0.23691505937500001 0.401084503125
0 0.155427415625 0.3824290859375 0.155703103125 0.378120459375 0.1517929296875 0.3762995203125 0.1481753921875 0.3782959359375 0.140664628125 0.386597396875 0.1374449953125 0.4201340046875 0.1389762859375 0.433960953125 0.1469941109375 0.4261256953125 0.15152703437499998 0.43080025156249996 0.1538003375 0.42883517031249996 0.1554815234375 0.4235377359375 0.1559784796875 0.41157559531250004 0.1612397296875 0.409062840625 0.164023671875 0.3865309015625 0.162801965625 0.3846472921875 0.1581396734375 0.386190040625 0.155427415625 0.3824290859375
0 0.15498846093750002 0.3767030515625 0.150509959375 0.375373384375 0.143867 0.38269856875 0.1391398671875 0.40623185156249997 0.13675740625 0.43927092031250004 0.1388876546875 0.4521278640625 0.138935234375 0.45977510937500005 0.14157938750000001 0.46879589375 0.149317946875 0.48630232500000004 0.1512168203125 0.49438443750000005 0.15413666406249998 0.499096596875 0.1551439453125 0.504331359375 0.15658007499999999 0.5028638171875001 0.158091153125 0.49183408125000005 0.16073204218749998 0.48412416406250003 0.16109962656250001 0.4783793296875 0.156672284375 0.46366384531250004 0.15878916406250002 0.44736174218749997 0.15810188593750002 0.4287348984375 0.15928285312499998 0.41866890156250003 0.16351303125 0.40709776093750005 0.166252659375 0.393649275 0.16486084375 0.3860333640625 0.16337029218750002 0.38415601875 0.15498846093750002 0.3767030515625
0 0.1106102171875 0.55842994375 0.106393721875 0.5613963671875 0.10217038437499999 0.5686651484375 0.0952550015625 0.5970296625 0.0933388640625 0.6185853296875 0.08830214374999999 0.630175271875 0.08886362812500001 0.6339863609374999 0.0941349859375 0.6439019484374999 0.0950503703125 0.6505729203125 0.09944708125 0.66576714375 0.10093763281250001 0.6676444859374999 0.10467412031250001 0.684766184375 0.10197196875 0.693433575 0.1009917421875 0.708753134375 0.10497002343749999 0.7053142421875 0.1074988 0.67418385 0.10984020937500001 0.6669589375 0.110092109375 0.6588266875000001 0.11401270156250001 0.63531220625 0.115207353125 0.616641490625 0.11431249375000001 0.597063440625 0.116221790625 0.5798101328125 0.117511603125 0.5764339109375001 0.11614357812500001 0.5726416234375 0.11668811406249999 0.5683267296875 0.1106102171875 0.55842994375
0 0 0.6655752421875001 0.0007802921875 0.668067140625 0.0039145578124999995 0.6694281453125 0.0058746984375 0.6765527859375 0.0064394453125 0.6970945765625001 0.0076373609375 0.6951545640625 0.0100775078125 0.6821910828125 0.0149610671875 0.6729948203125 0.018401654687499998 0.6695684625 0.025422303125 0.668926784375 0.027249809375 0.6655380265625 0.0291353171875 0.644461096875 0.027073171875000003 0.626344321875 0.030234806250000003 0.6104958890625001 0.03418245625 0.6075357328125001 0.0338898171875 0.6037183765624999 0.03488015 0.6008271578125 0.040723410937499996 0.5892184140625 0.0468830984375 0.5852506484375 0.053526056249999995 0.5779254640625 0.053141523437500005 0.5755443140625001 0.052426878125 0.5741269078125 0.04009055625 0.5739364546875 0.02385774375 0.5633203421874999 0.015326015625 0.5749917578125 0.011279628125 0.5836904828125 0.0070494500000000005 0.5952616234375 0.0044017203125 0.6072739 0.0000079625 0.64657414375 0 0.647818978125 0 0.6655752421875001
0 0.065707025 0.8448559375 0.066799359375 0.852956853125 0.0738949578125 0.8427529828125 0.07410938125 0.839401828125 0.07217303124999999 0.836100809375 0.067895271875 0.8400247046875 0.065707025 0.8448559375
0 0.08316185625 0.819591896875 0.077155328125 0.8211659812500001 0.072693778125 0.82796229375 0.0640564703125 0.8496746359375 0.060843678125 0.8789088843749999 0.05793394375000001 0.8866250687499999 0.0576582546875 0.8909336937500001 0.0641614234375 0.9151612328125 0.0651276515625 0.9462101546874999 0.06593419375000001 0.9461913531249999 0.0624424484375 0.9630035265625001 0.06368794375 0.9687107609375 0.0647395421875 0.9648620687499999 0.06532839375 0.9514637203125 0.06916035468750001 0.9461161499999999 0.0726758890625 0.9331276000000001 0.0808061359375 0.9109490546875 0.0827460640625 0.8932170125000001 0.08134414375 0.8731727578124999 0.0855811640625 0.8572992578124999 0.08508094375 0.8525306953125 0.090764203125 0.8476179921875 0.0918940125 0.8509378109375 0.0955252328125 0.8403366734375 0.0943954234375 0.8370168578125 0.0973595796875 0.832645559375 0.09770337500000001 0.8230771000000001 0.094453421875 0.81932868125 0.0899987140625 0.8218226359375 0.08316185625 0.819591896875
0 0.184830275 0.8081395046875001 0.17550569062500002 0.8112250015625 0.17065960468750002 0.8156401687500001 0.167273440625 0.8224114124999999 0.15971152187499998 0.8440986875000001 0.1520609671875 0.8839528718749999 0.151264534375 0.8964000171875 0.15313277812499998 0.9049608656249999 0.1531428828125 0.9173892078125 0.15517439375 0.9359847203125 0.15420100781249999 0.9470019203125 0.1505085234375 0.958560528125 0.15034852031249998 0.9652565703124999 0.154565015625 0.9622901468749999 0.160129321875 0.9382593265624999 0.1677525078125 0.9156145796875 0.174688103125 0.9121067500000001 0.1823315015625 0.9143186890624999 0.18528197500000002 0.9185521109374999 0.185874090625 0.9218844624999999 0.189937425 0.921311721875 0.1910571296875 0.9122031968750001 0.1859558796875 0.9080199109375 0.177267728125 0.9053543078124999 0.17593033593750002 0.9010832828125 0.179381340625 0.872321503125 0.183757840625 0.8626590390625 0.18767843125 0.8391445578125 0.18953657031249999 0.8352770656249999 0.1914797625 0.834275725 0.1930827390625 0.8218097796875 0.191660290625 0.8146726046874999 0.187188634375 0.8090405765625001 0.184830275 0.8081395046875001
0 0.2543628671875 0.8122549156250001 0.2495643625 0.824317328125 0.24313225156249998 0.8493244203125 0.2390347078125 0.871408959375 0.23322207968750003 0.8825389687499999 0.23236438124999997 0.8959435828125001 0.23491663593749998 0.9064005765625 0.2351649578125 0.9193013890625 0.23306176406249998 0.926998771875 0.22979812656249998 0.931855071875 0.23179574062500002 0.9341986171875 0.233487034375 0.9413295234374999 0.2324898609375 0.9485231031250001 0.2330819765625 0.9518554546875 0.23585223437499997 0.9379282343750001 0.2385169109375 0.9340419421874999 0.240351259375 0.9263508249999999 0.244091325 0.9224394640625 0.246432734375 0.91521455 0.2494206828125 0.9146668765625 0.2499821640625 0.9184779656250001 0.25186409374999996 0.9184340984375 0.262594490625 0.876596028125 0.26704624843749997 0.8196076124999999 0.2653855890625 0.8119979671875001 0.2656306453125 0.808168078125 0.26312596875 0.8053583281250001 0.2587937859375 0.8059373375 0.2543628671875 0.8122549156250001
0 0.370854396875 0.9089680296875 0.37171893749999996 0.89126105625 0.3700106953125 0.8760041640624999 0.36682885 0.8669959140625 0.367179484375 0.8531250953124999 0.3693439453125 0.844470240625 0.371617246875 0.8425051578125 0.3756193171875 0.842889890625 0.374557615625 0.8343102390625001 0.36529102812500003 0.8197075625 0.3608431609375 0.81789915625 0.357494471875 0.81988930625 0.3517975296875 0.833406728125 0.34759440625 0.86553219375 0.3477540953125 0.896599915625 0.350660253125 0.9099167953125 0.35186143125 0.9247074828124999 0.36341826875 0.9454710625 0.365555359375 0.95402564375 0.36422807343749997 0.9621829609375 0.374491834375 0.9695920625 0.375560378125 0.9738693515625 0.37620365312500004 0.9638158906250001 0.37349139375 0.9600549390625 0.3716606234375 0.9467129921874999 0.3830509296875 0.940711209375 0.38370104375 0.9263553890624999 0.382901346875 0.9220718296875001 0.37174599218750004 0.9118153796874999 0.370854396875 0.9089680296875
0 0.4393871765625 0.828018790625 0.4347248828125 0.8295615390625001 0.429572478125 0.83876406875 0.4227796234375 0.8652136374999999 0.419161771875 0.9049738156249999 0.421747925 0.931682775 0.4214448671875 0.953200840625 0.4220063515625 0.9570119281249999 0.4272607609375 0.9588015328124999 0.429214059375 0.9702285343750001 0.4317154703125 0.9563075781249999 0.43197421093750005 0.9438729703125001 0.4352446890625 0.9347143109375 0.440036353125 0.9269542562499999 0.44314030000000004 0.8910302359375001 0.44491338281250004 0.88429659375 0.44886102968749997 0.8813364375000001 0.4493377734375 0.8445176125 0.446870571875 0.83692676875 0.4422219625 0.8298647984375 0.4393871765625 0.828018790625
0 0.5230119125 0.8552287890624999 0.519792590625 0.8510016359374999 0.5179106640625 0.8510455046875001 0.5148920859375 0.8520719140624999 0.5138711203125 0.8554418671875 0.5127853124999999 0.88080235625 0.510144425 0.8885122734375 0.5127103640625 0.8903645484375 0.5168962265625 0.8878768625 0.5185943625 0.8907054109375 0.5204046078125 0.9169544359374999 0.5243248875 0.9312037171875 0.5251866671875 0.938712478125 0.5236474046875 0.9627689765625 0.52417825625 0.967058803125 0.527986428125 0.9578876078125 0.5327031421874999 0.9596897453125001 0.53309451875 0.957768534375 0.5358240375000001 0.9318917078125001 0.5511831421875 0.8344951625 0.546357584375 0.82600325 0.5461262109375 0.821228421875 0.5481749828125 0.810186153125 0.5463543203125 0.80927255 0.5323775484375 0.8263291359375 0.5230119125 0.8552287890624999
0 0.6539504265625 0.864605090625 0.653419575 0.8603152640625 0.645874915625 0.8523647578125001 0.6448506843749999 0.8390040140625 0.6426285421875 0.8275832781249999 0.6397086984375 0.8228711203125 0.6357372609375 0.8220076531249999 0.6315751890625 0.8283189640625 0.62464285625 0.8485574953125001 0.627365221875 0.864746790625 0.6262386765625 0.8781576718749999 0.623083884375 0.889703746875 0.62190291875 0.89976974375 0.625333084375 0.9216788062499999 0.6273919625000001 0.9230648765625 0.62839924375 0.9282996421874999 0.6282392421874999 0.9349956828125 0.6315198265624999 0.938265365625 0.6349024125 0.9525271796875 0.6350894703125001 0.966385465625 0.6365324421875 0.9606155624999999 0.63669244375 0.9539195218750001 0.6379516234375 0.951022034375 0.6374344562500001 0.9381274906250001 0.6392313296875 0.9352174718749999 0.642842025 0.9375234140625001 0.65282325625 0.9535435 0.655559303125 0.9611280750000001 0.65955453125 0.965815165625 0.66102129375 0.9638688859375 0.6620491015625001 0.9561965703125 0.6610792937500001 0.9461807109375 0.6595581078125 0.9447821062499999 0.6582787156250001 0.9228229062500001 0.6563492078125 0.915219528125 0.6585817734375 0.9013048421875001 0.6518166 0.872781209375 0.6520922875 0.8684725828125 0.6539504265625 0.864605090625
0 0.7483697734375 0.903514015625 0.752140471875 0.8991239171875 0.7522936328125 0.8967302359374999 0.7504798109374999 0.8915142734374999 0.745732465625 0.8901908687500001 0.7451097156250001 0.8873372546875 0.7461987875 0.8787074671875 0.7401889953125 0.863550846875 0.7336447749999999 0.8651374640625 0.7290300625 0.874327459375 0.72872374375 0.8791148234374999 0.7265661265625 0.88346731875 0.7255927421874999 0.8944845203125 0.7241461921875 0.9212874859375001 0.7245271468750001 0.9447016921875001 0.7319099875 0.9682791375 0.75340896875 0.9674031203125001 0.75417166875 0.955483190625 0.7521163671875 0.9330640562499999 0.74593646875 0.9121751375 0.7483697734375 0.903514015625
0 0.8379198734375001 0.8674869546874999 0.8376748171875 0.8713168453125 0.8419695234375 0.8755189343750001 0.844872415625 0.8721051078125001 0.8452400015625001 0.8663602734375001 0.8430041734374999 0.863544259375 0.84162930625 0.86405433125 0.8379198734375001 0.8674869546874999
0 0.8578585406249999 0.8957035031249999 0.8546835375 0.8823928921874999 0.8545440609374999 0.87618185625 0.852114334375 0.8638099171875 0.853142140625 0.8561376015625 0.852026015625 0.8442130640625001 0.8526011828125 0.839419434375 0.848905434375 0.8342473406250001 0.8376989203124999 0.83737670625 0.8339520125 0.8455904265624999 0.8198426078125 0.8521336156249999 0.826281246875 0.860587928125 0.8301914203124999 0.8624088671875001 0.8316138687500001 0.8695460421875 0.8282889671874999 0.875359815625 0.8253929171875001 0.8744712796874999 0.8190562796874999 0.877009103125 0.8164222328124999 0.8804166609375 0.8218193828125001 0.905148003125 0.8201926187499999 0.9137903265625 0.8134577625 0.92255171875 0.8140498781250001 0.9258840734374999 0.8275978015625001 0.91552979375 0.8301738468750001 0.9298104109375 0.8366225937499999 0.9506930640625001 0.8435708546875 0.9637293046875 0.849842559375 0.9634737531249999 0.849214078125 0.9594819687499999 0.8495578734375 0.9499135109375001 0.8552378671875 0.9282701046874999 0.8578585406249999 0.8957035031249999
0 0.8344883234375 0.6022646140625 0.8306902578124999 0.62386415 0.8287330671875001 0.6712339734375 0.829580346875 0.683164778125 0.8363217296875 0.7078647859375 0.8424302593749999 0.7172828359375 0.8432469046875 0.7296923796875 0.8411844500000001 0.7493393671875 0.8416846687499999 0.7541079296875 0.8438729171875 0.749276696875 0.8445161921875 0.739223234375 0.8470039187499999 0.7339070000000001 0.848733 0.6984930484375 0.8537560359375 0.695507825 0.8608105828125 0.7111181109375 0.8619472328125 0.7101355703125 0.8624917703125 0.7058206765625 0.861368803125 0.6981984999999999 0.857850003125 0.694456346875 0.853548453125 0.69455661875 0.855022684375 0.612780453125 0.843581534375 0.5944042890625 0.8394569359374999 0.595934503125 0.8344883234375 0.6022646140625
0 0.7519692921875001 0.6123145734375 0.7466705671875 0.6196084234375 0.742981346875 0.647897734375 0.7427121859375 0.6856677624999999 0.7460879328125001 0.7042319375 0.752359728125 0.72368465 0.752693103125 0.7394516109375 0.7512977109375 0.7528687625 0.7525125734375 0.75905473125 0.7547790359375 0.761392009375 0.7685895890625 0.679806296875 0.7697875046875 0.6778662828125 0.765927375 0.6696707078124999 0.763189175 0.6383442515625 0.7652379484375 0.6273019828125 0.7619948390625 0.6192512031249999 0.75776139375 0.6140916437499999 0.7519692921875001 0.6123145734375
0 0.6735308578125 0.5921540109375 0.6703115390625001 0.58792685625 0.6633589953125 0.5833087031249999 0.6601191484375 0.591988625 0.658846284375 0.60349083125 0.657654584375 0.676656009375 0.65957725 0.6885617468749999 0.665593884375 0.69941600625 0.66963669375 0.7117503421875 0.6696842734375 0.7193975890625001 0.6674960249999999 0.7242288218749999 0.6683569859375 0.72755490625 0.6661993703125 0.7319074015625 0.6653348296875 0.749614378125 0.669558165625 0.7423455953125 0.6718282062500001 0.7236498124999999 0.6752824765625001 0.711618734375 0.6776476765624999 0.7082174453125 0.6822793359375 0.707153434375 0.684185053125 0.7109331859375 0.686295090625 0.6989334453125 0.688599025 0.6964896281249999 0.6906885359375 0.6973969656250001 0.6919340328125 0.703104196875 0.69375469375 0.7040178 0.6954120921875 0.6948967421875001 0.6946123921875 0.690613184375 0.6933294234375 0.689687046875 0.6731394828124999 0.5940752234375 0.6735308578125 0.5921540109375
0 0.5557759453125 0.5948989671875 0.5528117875 0.5992702640625 0.5504703796875 0.606495178125 0.543782790625 0.6606675828124999 0.544299959375 0.6735621265625 0.549060675 0.704044571875 0.554338875 0.7096578 0.5560914312499999 0.7158312359375001 0.556986290625 0.7354092875 0.5562341734375 0.738772975 0.556819446875 0.7464076875 0.558248734375 0.7492425015624999 0.5599843453125 0.74728995625 0.5607468828125 0.718590846875 0.576908325 0.7177360890625 0.5787563578125 0.7014402546875 0.5781948734375 0.697629165625 0.5744684906249999 0.6929358078125001 0.5680467984375001 0.6926074812499999 0.5637827234375 0.6879266578125 0.5640652546875 0.679315671875 0.5661378171875 0.672097025 0.566566665625 0.6653947171875 0.5645387328125 0.6257661453125001 0.5681836375 0.6065602906249999 0.5654782218750001 0.5984969765625 0.565430640625 0.5908497328125 0.5557759453125 0.5948989671875
0 0.476956240625 0.589087959375 0.4721746875 0.6092763546875 0.47056486875000003 0.6260446578125001 0.46657290468749996 0.638088271875 0.460947334375 0.6630765625 0.46048785312499996 0.6702576062500001 0.46337022031249997 0.679750859375 0.46326463906250004 0.6897917890625 0.46474835 0.6959714906250001 0.4701728671875 0.703493396875 0.47251069843750004 0.7173015453125 0.47279975937499996 0.7421519640625001 0.47405893906249996 0.7392544765625 0.4763631859375 0.6990468953125 0.4851536546875 0.674940871875 0.49027216406249996 0.649486378125 0.5000731796875 0.6473458203125 0.5034525015625 0.644876934375 0.5034287109375 0.6410533093749999 0.4946317140625 0.63169793125 0.4904357453125 0.6217572765625 0.48999679062499996 0.616031240625 0.49287589218749994 0.60879379375 0.49096006875000003 0.5925856984375 0.4879858046875 0.584528653125 0.4827926609375 0.581781575 0.476956240625 0.589087959375
0 0.3929359265625 0.6603597609375 0.392595709375 0.6488951562499999 0.38963512968749997 0.6322333921875 0.3902171390625 0.623137403125 0.393895940625 0.620183515625 0.3946480609375 0.6168198265625 0.39505311875000004 0.6062938953125 0.3915411625 0.5982493828125001 0.391762428125 0.5905958703125 0.3947096375 0.578098590625 0.392290015625 0.57815499375 0.38406460781249996 0.585039046875 0.376193103125 0.5947829812500001 0.37373600625000003 0.59962048125 0.3713571234375 0.6116264890625 0.3695397234375 0.6274435875 0.3687908703125 0.647537978125 0.366857784375 0.6609676624999999 0.368726028125 0.6695285109375 0.37164586875 0.67424066875 0.3752122484375 0.68563006875 0.3746608703125 0.6942473203125 0.37199619375 0.6981336140625001 0.3719280859375 0.703393446875 0.372404515625 0.704338384375 0.37585194375 0.6966096671875001 0.382181740625 0.698374203125 0.384342621875 0.7107524109375001 0.3863708671875 0.71261721875 0.385751384375 0.7264943046875 0.387150040625 0.72980785625 0.3883785875 0.72738910625 0.38871554062499997 0.7221230078125 0.3884365890625 0.7097009328125 0.3869154015625 0.708302325 0.3863607625 0.7001888765625 0.38737846249999996 0.6800882203125 0.39031198749999996 0.676195659375 0.3946135375 0.6760953875 0.40082080312499996 0.67977486875 0.40532309375000003 0.6849281609375 0.4061772140625 0.6925566062499999 0.4080047203125 0.6891678515625 0.40807966875 0.6796056593750001 0.4056668890625 0.675359703125 0.396172196875 0.672712896875 0.3929359265625 0.6603597609375
0 0.28139575 0.5869543125 0.27933003125 0.5898706 0.27162179062499997 0.609649196875 0.2687052125 0.6216677374999999 0.2667822328125 0.647525765625 0.2683747890625 0.6603952421875 0.2746635328125 0.6879739359375 0.2862816328125 0.7077800421875 0.29969660625 0.724676128125 0.3020549625 0.725577196875 0.3032528796875 0.723637184375 0.3018372734375 0.7121976515624999 0.298954909375 0.7027043953125001 0.298791640625 0.692669734375 0.2950414703125 0.6841527546874999 0.2936496546875 0.67653684375 0.2944698796875 0.6679133234375 0.2961816984375 0.662137153125 0.29421829375 0.638281809375 0.2912746625 0.6297460265625 0.29048180625 0.621160109375 0.2919860421875 0.614432734375 0.2909481296875 0.6096767062499999 0.292452365625 0.6029493312499999 0.2968832859375 0.5966317546875 0.29500819843750004 0.5923732640625 0.28683395156249997 0.5858715 0.28139575 0.5869543125
0 0.1859925984375 0.5843980109375 0.1819224203125 0.5892731140625 0.1799111234375 0.5955342875 0.17802561562500002 0.6166112171875 0.17866500000000002 0.6653545796875 0.182775915625 0.6724290828124999 0.18624355625 0.68955705 0.1885132828125 0.7086250296875 0.186287559375 0.7182373578125001 0.18625008437499999 0.723018453125 0.18976204218749998 0.731062965625 0.1912594359375 0.7286379484375 0.191402490625 0.7138159265625 0.1932573640625 0.6932177296875001 0.1969566921875 0.6773567625 0.202234890625 0.682969990625 0.2075981421875 0.6914493703125 0.20795204374999998 0.6943092546875 0.20902743125 0.6942841859375 0.20909553593750002 0.689024353125 0.20698223750000003 0.68429339375 0.20741108593750002 0.677591084375 0.2015169796875 0.6648218828125 0.20196635624999998 0.6452124953125 0.1987062984375 0.629035734375 0.213224340625 0.5909335515625 0.2024704671875 0.5911842328125 0.198206390625 0.586503409375 0.1859925984375 0.5843980109375