0 1 0.9622065718749999 0.9831255671875001 0.9588470499999999 0.9585930734374999 0.9482762796875001 0.9059439156250001 0.96316739375 0.9245007562499999 0.970693315625 0.9346538750000001 0.97303345 0.9440769171875001 0.9783966703125 0.9506223421875 0.9806815640625001 0.97767438125 0.9848178140625 0.991145953125 0.9840126687499999 0.994842509375 0.9900973437499999 0.9991335265625001 0.9877895765625 1 0.9755568640625001 1 0.9622065718749999
0 1 0.86590613125 0.99240660625 0.8642391437500001 0.99103793125 0.8617098609375 0.9888790640625 0.8630523390624999 0.9817037531249999 0.862376075 0.9691626375 0.8573292203125 0.95896944375 0.8555548703125 0.9564011078125001 0.8553941734375 0.9468064359374999 0.8597379765625 0.9400606328125001 0.860281996875 0.9339046390625001 0.8597831671874999 0.9171860593750001 0.8554410296875 0.9160665484375 0.8566780515625 0.9253693640625 0.8637386203125 0.9437458640624999 0.8738105640624999 0.94997068125 0.8806217203125 0.9549871281250001 0.8826404625000001 0.9877055374999999 0.88690393125 0.993512175 0.8850509093750001 1 0.8855221421874999 1 0.86590613125
0 1 0.7641784281249999 0.994074115625 0.7605736921874999 0.987797896875 0.7617722109375 0.9880671 0.765255625 0.9847486484375001 0.7684009078125 0.9542779671874999 0.768824396875 0.944883675 0.7703392828125 0.9232375125000001 0.770007840625 0.9215482296875 0.7720048187499999 0.9227566015625 0.776797234375 0.9265333124999999 0.78175034375 0.94196336875 0.782431634375 0.9517958796875 0.7892980296875 0.952394403125 0.7954161828124999 0.97944644375 0.799552434375 0.9908593375000001 0.79867530625 1 0.7997417703125 1 0.7641784281249999
0 1 0.6700823421875 0.9964891265625001 0.668207153125 0.9918621125 0.6679744765625 0.9875731296874999 0.6775375421875001 0.9690049625 0.677455515625 0.951235696875 0.680662725 0.9424512546875 0.680851875 0.9317283625 0.679271696875 0.9331571515625001 0.68095230625 0.9587490390625 0.6911347296875 0.9620762015625001 0.6951504484375 0.9632845734375 0.6999428640625001 0.966772040625 0.7016954531249999 0.99378400625 0.7063974859375 1 0.7068489734375001 1 0.6700823421875
0 1 0.5883224328125001 0.9970832984375001 0.5869788328125 0.9794055125 0.5816105859375 0.9722101625 0.581217215625 0.9673026171875 0.5849450187499999 0.9491238828125 0.5866490546875001 0.9378512546875 0.585545940625 0.9161449781250001 0.5860631734374999 0.9175336921874999 0.5883095640625 0.9216710828125001 0.58817063125 0.9313145421875 0.59042205 0.9397984171875 0.5944762703124999 0.960064578125 0.5997223218750001 0.970446825 0.6061116531249999 0.972345196875 0.6084467625000001 0.968966634375 0.6124407187500001 0.9718843250000001 0.6149532640625 0.9774104328125001 0.6170607234375 0.9836265375 0.6167108765625 1 0.6183798984375 1 0.5883224328125001
0 1 0.496364240625 0.99083409375 0.49310409374999997 0.9862271171874999 0.49258852812500004 0.9730447906249999 0.4965941984375 0.9538868125000001 0.49755501874999997 0.9213687796875 0.49046263437500004 0.9192299500000001 0.49152222187500005 0.9237167 0.49373513593749996 0.9355408046875 0.49579338437500003 0.9594617031249999 0.506257696875 0.965257015625 0.51184856875 0.9727416078125 0.5154424640624999 0.9755190359375 0.5199352484374999 0.97996570625 0.52271394375 0.9927072000000001 0.524931884375 1 0.525264203125 1 0.496364240625
0 1 0.4101491890625 0.986491971875 0.40872546875 0.9871906859375 0.41342916562500004 0.9846023109375001 0.4135513609375 0.9801556390625 0.4107726625 0.9673540328125 0.409403396875 0.964485128125 0.41348607031249995 0.972479378125 0.41716868281249997 0.9712596796874999 0.4198201609375 0.9655732703125001 0.4199758328125 0.961275578125 0.42237789843750007 0.9479041968749999 0.4217685875 0.9306646296875 0.42478162656249996 0.9331528125 0.4260738875 0.9448950265624999 0.4278315015625 0.96091489375 0.427469940625 0.9771438546875 0.4314404703125 0.9827901859375 0.43185057968749996 0.993902509375 0.4352168265625 1 0.4359769625 1 0.4101491890625
0 1 0.322678484375 0.9570763359375001 0.32141413750000003 0.9459326484374999 0.3257746765625 0.936148925 0.32550350156249996 0.926614365625 0.328998628125 0.93267016875 0.3309119125 0.9600027390625 0.331087684375 0.9739526062499999 0.3380980375 0.9815260609375001 0.34772136875 0.9898897078125 0.3534729375 0.9960256640624999 0.3542546578125 1 0.353591396875 1 0.322678484375
0 1 0.21941650156249998 0.9505291781249999 0.2171778765625 0.9488799703125 0.218609071875 0.9364677953125 0.2190258703125 0.9336189265625 0.22282565468749999 0.94424163125 0.22582028906249998 0.95808259375 0.2270840984375 0.9736616281250001 0.23294614687499998 0.974600796875 0.23425515 0.9801870156250001 0.23551393437499998 0.9875313421874999 0.24108806875000002 1 0.24407966874999998 1 0.21941650156249998
0 0.8754401828124999 0.19923851875 0.8214676546874999 0.1818247796875 0.802381115625 0.17449303124999999 0.7927176203124999 0.17252450625 0.7802766937500001 0.1660631953125 0.7571529546875 0.157455925 0.7531959031250001 0.15504883593750002 0.7475896453125 0.1540729421875 0.7464300625 0.155875746875 0.7601394734375 0.166280796875 0.763065878125 0.17595434375000002 0.773977821875 0.18214950000000002 0.7756958546875 0.18703063281250001 0.7897546203125 0.1997875296875 0.79821845625 0.2041246453125 0.8138175296875 0.2097038046875 0.8515323484374999 0.21626890625 0.879594996875 0.21342158906250003 0.882764471875 0.2050955453125 0.8754401828124999 0.19923851875
0 0.8565104531250001 0.32080479687499996 0.879195975 0.32103078281249997 0.8824342734374999 0.3190170671875 0.8854033687499999 0.3135199359375 0.8775493828125001 0.30785708437500003 0.8518372671875 0.2993720078125 0.8481006328125 0.293853115625 0.8307922421875 0.29055382500000004 0.8162726031249999 0.2843034265625 0.7965962515625 0.278014528125 0.789400903125 0.2776211546875 0.787751696875 0.27905235 0.7976843984374999 0.284504290625 0.7975842078125 0.285918746875 0.7939564765625 0.286146396875 0.7831333953125 0.28598067656250004 0.7310679515625 0.278063046875 0.7307874187500001 0.282023525 0.7346643187499999 0.2855621796875 0.7439383828125 0.28574463906249997 0.76675284375 0.2914342796875 0.7756862625000001 0.29642589375 0.7803420265625001 0.3035366796875 0.7872568453125 0.30789052968749997 0.8090519859375 0.313402734375 0.8235315484375001 0.32021891406249997 0.828138525 0.32073448125000004 0.8385922109375 0.318831246875 0.8502342328125 0.322003315625 0.8565104531250001 0.32080479687499996
0 0.8410298609375 0.3791088671875 0.8380320187500001 0.3777278890625 0.8300264374999999 0.3814891671875 0.8287065515625001 0.3855551015625 0.8260981375 0.3859601890625 0.807191940625 0.37608241875 0.7819093328125 0.36881762500000004 0.7549261171875 0.370993703125 0.7427831484375 0.3748939171875 0.7455806140625 0.3791038125 0.7500673609375 0.38131672499999997 0.7528848640625 0.3852437265625 0.766405221875 0.3910338 0.77479761875 0.4036634765625 0.7786945546874999 0.4069192421875 0.7832814921875 0.4077176984375 0.8047185640625001 0.4037170546875 0.8322602281249999 0.4082249125 0.8443918703125 0.4117685921875 0.8626707953125001 0.40865009687500004 0.8635211 0.40392966250000006 0.8410298609375 0.3791088671875
0 0.725768346875 0.46214162343750004 0.737470484375 0.4644650203125 0.7382807125 0.4603103671875 0.73471309375 0.45968934375000003 0.725768346875 0.46214162343750004
0 0.8508954718749999 0.480199846875 0.8441409578125001 0.4735828640625 0.8345175359375 0.47104855625 0.82571305625 0.47152059687500003 0.8154998250000001 0.47002913749999997 0.8069959109375 0.46625780624999996 0.80211973125 0.46225882656249995 0.7806051218750001 0.4527861421875 0.7754884875 0.4521818578125 0.7672624906250001 0.4590549421875 0.724809140625 0.46111551406249995 0.7055021875 0.45689557187499996 0.7028737359375 0.45758355 0.7048322234375 0.459069984375 0.72619785625 0.46336190625 0.733212865625 0.46630130156250005 0.7329724109375 0.4696959984375 0.72622660625 0.4702400171875 0.712935378125 0.4684991421875 0.7138745453124999 0.4698081421875 0.7173820484375 0.471277840625 0.7265959984375 0.4723089734375 0.7612415359375 0.4857856625 0.7734934046874999 0.48763199375 0.8069819703125001 0.48830659374999996 0.8378507953125001 0.49683017031250004 0.8485449390625 0.4915322390625 0.8525734296874999 0.4856467609375 0.8508954718749999 0.480199846875
0 0.75185420625 0.5600421296875 0.7512243187500001 0.561650759375 0.7556709921875 0.564429459375 0.762786190625 0.5659543953124999 0.7635563421875 0.5623655265624999 0.7637967984375 0.5589708296875 0.7592298984375 0.5578894796875 0.75185420625 0.5600421296875
0 0.8536859609375 0.5792001046874999 0.85794358125 0.5773638234375 0.8671374937499999 0.5786778499999999 0.869256284375 0.5779011546875 0.8601024453124999 0.5760213453125 0.806201359375 0.5503150390625 0.8037732875 0.548174103125 0.7986165765625 0.5481356015625 0.8019237015625 0.5524342125 0.7966467640625 0.554093059375 0.7736031750000001 0.5443542234375001 0.76479869375 0.5448262609375 0.760031415625 0.5465738265625 0.7465999203125 0.5468131890625 0.728332321875 0.5424877921875 0.703570703125 0.5278678234374999 0.70227085 0.5316508671875 0.719138409375 0.5411737671875 0.7209967078124999 0.5440746609375 0.7284011484375 0.5488001203125 0.7315880453125 0.554796078125 0.7206848109374999 0.5557619218750001 0.7196254171875001 0.55615026875 0.721603940625 0.5573538140625 0.7447276828125 0.5659610859375 0.7496038640625 0.569960065625 0.7620247484375 0.57670426875 0.7707090015625 0.5779295734375001 0.792864825 0.5783497359374999 0.814659965625 0.5838619390625001 0.832678396875 0.584421034375 0.8433124265625 0.5799717765625 0.8536859609375 0.5792001046874999
0 0.8468242781249999 0.6687879453125001 0.8488141312499999 0.662547596875 0.8474254171875 0.66030120625 0.834454796875 0.6540340703124999 0.8358147609375 0.6494023515625 0.8291691468750001 0.648531915625 0.8222229625 0.651904846875 0.818105609375 0.651760890625 0.8161471203125 0.650274453125 0.8167081828124999 0.6423534953125001 0.819617165625 0.6377050390625 0.815660115625 0.63529795 0.808622453125 0.6472463421875 0.805364115625 0.6495429500000001 0.77663411875 0.639959784375 0.7547989015625001 0.6350133640625 0.717373325 0.631648784375 0.6930098484375 0.6259758828125 0.6897915875 0.6277067093750001 0.6970958375 0.633846625 0.7051502046875 0.6366805640625001 0.7102668390625 0.637284846875 0.71777146875 0.6405958515625 0.7270542453125 0.6479393124999999 0.7381064562499999 0.652154228125 0.7555037109375 0.6614829546875 0.77222229375 0.66582509375 0.8115262062499999 0.6718076734375 0.8221288703124999 0.6750852 0.82434785 0.672894046875 0.8435058296875001 0.6719332296875 0.8468242781249999 0.6687879453125001
0 0.8319970953125001 0.7615712859375 0.83898335625 0.75763256875 0.8374657015625001 0.7499225234375 0.803999790625 0.7343601390625001 0.7967042515625 0.7353812234375 0.7900586374999999 0.7345107875 0.7646470890625 0.721782340625 0.7515362015625 0.7174954421875 0.740152059375 0.7252506796875 0.711960471875 0.7226343421875 0.7074223203125001 0.7284311031249999 0.7037545125 0.7292245359375 0.6965792015625001 0.7285482734375 0.6984976125 0.7306004921875 0.7148067234375 0.7334394546875 0.73685103125 0.7427179640625 0.7392590640625001 0.745141790625 0.737449553125 0.7488361171875 0.7413264515625 0.752374771875 0.76839853125 0.75622813125 0.7802409328125 0.7565712875 0.7841278515625 0.7599684953125 0.783997603125 0.7618072890625001 0.7916625374999999 0.7628551609375 0.8072729359374999 0.7609904265625 0.8190151468750001 0.7627480421875 0.8319970953125001 0.7615712859375
0 0.825524846875 0.852945190625 0.8348991 0.85171319375 0.8355403140625001 0.8426606718749999 0.8326226218749999 0.8401481265624999 0.81112805 0.8303925515625 0.80756043125 0.829771528125 0.7991453828124999 0.832029634375 0.7869937015625 0.828768846875 0.7597438953125 0.8128566156250001 0.7461834625 0.807632328125 0.7399673546875001 0.807982175 0.7335709078125 0.810878040625 0.7220578265625 0.8131696234374999 0.714862475 0.8127762515624999 0.71446171875 0.818434078125 0.7103443625 0.818290121875 0.70871519375 0.8194384250000001 0.6931849484375 0.8201715937499999 0.6892679734375 0.8171987234375001 0.674957425 0.8152804124999999 0.6814026609375 0.8189797625 0.6801028109375 0.8227628062499999 0.674865946875 0.8238558703125 0.7038965140625 0.8291956624999999 0.7385019734375 0.8432381359375001 0.7690214421875 0.849409865625 0.777296225 0.8491319984375 0.77958403125 0.8532531734375001 0.7773850890625 0.8551614359374999 0.7910857874999999 0.8584054828125 0.796792234375 0.8579669203125 0.801330384375 0.8521701593750001 0.825524846875 0.852945190625
0 0.7767107640625001 0.9375213203125 0.7751704578124999 0.9446990609375 0.7797373578125 0.945780409375 0.7818561484375001 0.9450037140624999 0.7842554703125 0.9402665421874999 0.7805188375000001 0.9347476468749999 0.7767107640625001 0.9375213203125
0 0.7572774828125 0.9132328296875001 0.7506919843750001 0.91151371875 0.743866028125 0.913189303125 0.7551273296875001 0.9217363093750001 0.7623026390625001 0.922412571875 0.7644013937499999 0.9219187703125 0.76368264375 0.9174979640625001 0.7572774828125 0.9132328296875001
0 0.80819815 0.951880159375 0.8335722343749999 0.9505694953124999 0.8344025015625001 0.9461319515625 0.8321347343750001 0.9417278843749999 0.8042350046875001 0.9277071749999999 0.7988291265624999 0.92390236875 0.7622939296875 0.915251571875 0.7446361796875001 0.9096004328125 0.7388896593750001 0.910604778125 0.73294275625 0.9144380390625001 0.6992137375 0.9171581359375001 0.6917578953125 0.9204423515625001 0.6682935078125001 0.9166442343750001 0.6656850953125 0.91704931875 0.6681131671875 0.9191902546874999 0.6896190640625 0.9215019375000001 0.708966096875 0.9251560968750001 0.7204077390625 0.93115708125 0.75870104375 0.944123228125 0.7578908140625 0.9482778812499999 0.7379138968750001 0.9462323515625 0.72798990625 0.9479414140625 0.7256506984375 0.9518299125 0.7224925515625 0.9527120640625 0.7264095265625 0.9556849359375 0.791937825 0.955636415625 0.7934066921875 0.9567512421875 0.802131021875 0.95741076875 0.8049886 0.9607719859375001 0.80922618125 0.9592185984375 0.8063886421875001 0.9555744859375 0.80819815 0.951880159375
0 0.5582621484375 1 0.560897309375 0.9978959484375001 0.5600583296874999 0.9951724921875 0.5629272359375 0.9910898187500001 0.5722012999999999 0.9912722781250001 0.48208562187500004 0.9523889109375 0.47851800312500004 0.9517678890625 0.4675232921875 0.961309190625 0.4605971484375 0.9643992328125 0.4544010796875 0.9644661859375001 0.451383196875 0.9633680984374999 0.4481048203125 0.9659475984375 0.424629109375 0.9695933703125 0.40467222812500003 0.9672649515625 0.3978061984375 0.9695063171875 0.4379090109375 0.978778140625 0.46623824999999997 0.99401913125 0.4887434296875 0.996791140625 0.495228740625 0.9999247062500001 0.49513444062499995 1 0.5582621484375 1
0 0.54309494375 0.9068785765625 0.55025021875 0.9078377328125 0.5565264390625 0.9066392125 0.5688297109375 0.9004758671875001 0.5676213375 0.895683453125 0.556849659375 0.8875080578125001 0.548345746875 0.883736725 0.5362541796875 0.879627265625 0.526980115625 0.8794448046875001 0.5159479421875 0.8749469968750001 0.5121511953125 0.8702767765624999 0.5018491 0.86275588125 0.497751784375 0.86232903125 0.4955929171875 0.863671509375 0.49246352031249996 0.8714317703125 0.48355885 0.8733182671874999 0.45469729687499993 0.87287634375 0.44042682656250004 0.8703922499999999 0.42329877343750005 0.8645469390624999 0.41706262968749996 0.865179675 0.44061587968750004 0.8750072281250001 0.4574433625 0.8850959109375 0.46081060156250003 0.8885458484375001 0.46686640312499994 0.8904591328125001 0.478757590625 0.8973975078124999 0.46938333749999994 0.8986295046875 0.45971983906249997 0.8966609796875 0.444309821875 0.8956968015625 0.4462282328125 0.8977490187500001 0.45992893125 0.9009930671875 0.4793360765625 0.9037985531249999 0.48889938437499997 0.9071815375 0.49503533749999995 0.9079632546875 0.5095462656249999 0.9070526531249999 0.5158224875 0.9058541328124999 0.5217092734375 0.902869546875 0.5263362875 0.9031022234374999 0.5332711437500001 0.9071731828124999 0.5398252796875 0.916619078125 0.5428632 0.917434275 0.5431838078125 0.9129080125 0.5403863421875 0.9086981203125 0.54309494375 0.9068785765625
0 0.548630640625 0.7995907765625 0.5588438734375 0.8010822359375 0.566099334375 0.8006269328125001 0.569586803125 0.802379521875 0.571284796875 0.807543546875 0.5755136656250001 0.7988291546874999 0.5758743484375 0.7937371109375 0.5726874515625 0.7877411515625 0.5480460593750001 0.7714238359375 0.5289081171875 0.7721017640625 0.492123753125 0.759684659375 0.4613838671875 0.7566247359375 0.44064812187499997 0.7507241828125 0.43504186562499997 0.7497482890625 0.43137405781249993 0.7505417234375 0.430804284375 0.75130168125 0.43924808281249994 0.755921684375 0.45434620625 0.7685731265625 0.452656925 0.7705701046875 0.447949759375 0.7714689953125 0.44338285937500005 0.7703876468749999 0.4375962609375 0.771957775 0.42530431562500004 0.7706772265625 0.42216620312500003 0.7712764859375 0.42563363125000003 0.7733119640624999 0.4372556171875 0.776766928125 0.4324081859375 0.7796460546875 0.42311408437500003 0.7797464875 0.4239931375 0.7819041624999999 0.446028734375 0.7840216718749999 0.47249096249999994 0.78920076875 0.5325794078125 0.80767911875 0.535047553125 0.8092542734375 0.53967456875 0.8094869484375 0.5440524156250001 0.8059533203125 0.5442928703125001 0.802558621875 0.548630640625 0.7995907765625
0 0.5660061234375 0.7072510249999999 0.5707934390625 0.7052205703125 0.574421171875 0.7049929203125 0.5784583734375001 0.7062684421875 0.5834661078125001 0.7011261828124999 0.583806753125 0.6963170296875 0.5796005359375 0.6901436359375 0.5279672140625 0.6688413953125 0.5206429265625 0.6629843703125 0.5139772734375 0.662396825 0.5123280671875 0.6638280203125 0.5004255515625 0.6643335359375 0.49463895312500006 0.6659036656249999 0.48491534375 0.6647838140625 0.4815968921875 0.667929096875 0.47404652187499996 0.6689058234374999 0.45640314843749996 0.6666937390625 0.44633018281250003 0.6632220390625 0.43305899062500003 0.6611982734375 0.433428384375 0.6632672296875 0.43591656875 0.6645594921875 0.4416430546875 0.6638380374999999 0.449187759375 0.6665832578125 0.4495771921875 0.6683693234375 0.4546737890625 0.6692564984375 0.4666852078125 0.6744975281250001 0.468423275 0.67909576875 0.4644749375 0.6838496796875 0.48525947187499996 0.69634545 0.503836346875 0.7035884796875 0.5140095062500001 0.7056457234375 0.5393034390625 0.7054666234375 0.5544242140625 0.70323028125 0.5660061234375 0.7072510249999999
0 0.5734776546875 0.616337446875 0.5838311515625 0.615848665625 0.5908174109375001 0.61190995 0.5901387359375 0.6069233640625 0.5862217625 0.6039504921875001 0.56162915625 0.5942283953125 0.561082034375 0.5801005640625 0.559152296875 0.5854922375 0.553574790625 0.5913944546875001 0.5503765671874999 0.5928423890625 0.5436508015625 0.5931035171875 0.535207003125 0.5884835140625 0.5170395937500001 0.5827436578125 0.5131226203125 0.5797707859375001 0.503439084375 0.5780851515625 0.499831390625 0.5780299125 0.506666059375 0.5835153296875 0.485838834375 0.586190234375 0.46413255781249996 0.5867074671875 0.4432164703125 0.583352934375 0.43848926875 0.5845347171874999 0.45218996718750004 0.587778765625 0.47233590000000003 0.5947221640625 0.4808398125 0.5984934953125001 0.4901426265625 0.605554065625 0.4981168421875 0.60951956875 0.508310034375 0.611293921875 0.5345230984375 0.6127067125 0.549223078125 0.6164110890625001 0.5565186171875001 0.6153900046875 0.570789090625 0.617874096875 0.5734776546875 0.616337446875
0 0.596771290625 0.5132863249999999 0.5721185703125 0.5044129015625 0.5707298562500001 0.5021665093750001 0.563044884375 0.5014015296875 0.5585180609375 0.49975439687499995 0.544668384375 0.491329584375 0.529578971875 0.48583914375 0.52481169375 0.4875867078125 0.5219027125 0.4922351640625 0.492631690625 0.4902900671875 0.47702129375 0.49215479999999995 0.473682803125 0.4955829734375 0.47583034375000005 0.5016843875 0.46472672968750006 0.5054791453124999 0.4579608890625 0.5063060562499999 0.4640367296875 0.50793645 0.4676644625 0.5077087984374999 0.5070973140625 0.5191550328125001 0.535758484375 0.5224258703125 0.5431228499999999 0.5277171125 0.5637897703125 0.5273053375 0.5777596734375 0.5340328015625 0.5816478968750001 0.5301275624999999 0.5981774265625 0.5298547203124999 0.601945425 0.5276468296875 0.6033454625 0.522449328125 0.596771290625 0.5132863249999999
0 0.5806041921875 0.4428865453125 0.5971136796875001 0.44289659531250003 0.60989525 0.44454875156250007 0.618799921875 0.4426622546875 0.6236072734375 0.4403489078125 0.6249472015624999 0.4360000828125 0.61263783125 0.4203975296875 0.6076013484375 0.41866168125 0.5991862984375 0.42091978750000003 0.592500609375 0.4206151328125 0.5889931046875 0.41914543593750003 0.5842371515625 0.41344910781250005 0.5777919171875 0.40974975625 0.569187815625 0.4073928828125 0.565030384375 0.4078147078125 0.5553869265625 0.40556329062499996 0.534771409375 0.3979653890625 0.532142959375 0.39865336875 0.532211784375 0.40496569375 0.5284437890625 0.407173584375 0.5047790234375 0.4062043796875 0.4813947890625 0.401274696875 0.47825668125 0.4018739578125 0.49338616875 0.40679861562499997 0.5003210250000001 0.4108695765625 0.507965921875 0.412200340625 0.5182680171875 0.41972123593750005 0.5267318515625 0.424058346875 0.5473674078124999 0.43137335625000006 0.549105478125 0.43597159999999996 0.5397111859375 0.4374864859375 0.5359431875 0.4396943765625 0.5099104671875 0.4357355625 0.50414390625 0.4370227984375 0.510159634375 0.43950186718750006 0.5408193671875 0.4436933578125 0.562256440625 0.4396927125 0.5720000890625 0.4405296734375 0.5806041921875 0.4428865453125
0 0.624644896875 0.338292084375 0.6178102296875 0.33280666718749996 0.6184200796875 0.3314809296875 0.5919264859375 0.33402861562499997 0.557790609375 0.32064064531250003 0.5373641453125 0.3176577234375 0.523362878125 0.31865704375 0.5121102890625 0.317271040625 0.48876613124999996 0.311775575 0.48034237187500006 0.306872678125 0.46856008281249995 0.3056808484375 0.480860740625 0.314122396875 0.49855856718749997 0.319207753125 0.5009465625 0.321914471875 0.5134075234375 0.328092890625 0.5163652937500001 0.33003965156250004 0.5191026453124999 0.33509822031250003 0.5166231703124999 0.340966959375 0.529874325 0.3432736171875 0.54350358125 0.3548102328125 0.551437721875 0.3593415203125 0.5570840546875 0.35975163125 0.568388046875 0.3531279578125 0.577581959375 0.354441984375 0.58597696875 0.35246676875 0.5951708828125 0.35378079375000004 0.59967766875 0.35571081875 0.6079524515625 0.3554329515625 0.6204447765625 0.35388458749999996 0.6263516015625 0.350617109375 0.624644896875 0.338292084375
0 0.6437070484375 0.2585602515625 0.6357842375 0.246585071875 0.631237375 0.24522083125 0.6244915703125 0.24576484999999998 0.61529765625 0.244450825 0.6087722703125 0.24188303906250003 0.6008982453125 0.23650307812500002 0.5991201 0.2324706203125 0.5874092531249999 0.22298622343750002 0.580803715625 0.2215500046875 0.5862095921875 0.2253548109375 0.585989175 0.228466615625 0.5833406875 0.229437484375 0.56399365625 0.22578332343750002 0.555919253125 0.22323227656250003 0.534702596875 0.2241211171875 0.5158451875 0.2208385671875 0.5118881359375 0.218431478125 0.5086899109374999 0.21987941093750002 0.5031437703125 0.21805484531250002 0.496377928125 0.2188817546875 0.4962977765625 0.2200133203125 0.5008246 0.221660453125 0.5206412140625 0.22596911249999999 0.5276762609375 0.228625615625 0.52747588125 0.2314545296875 0.5145540468750001 0.2317826109375 0.525666371875 0.23514885625 0.5326413046875 0.23865403281250003 0.55514386875 0.25603093593750004 0.5678853625 0.258248875 0.5845551578125 0.25599579375000003 0.5886324328125 0.256705534375 0.5969560046875 0.2630228859375 0.5978150203125 0.265463453125 0.604480671875 0.2660509984375 0.6089186328125 0.2616686953125 0.631503965625 0.26330913906250003 0.6437070484375 0.2585602515625
0 0.6619328343750001 0.1615000640625 0.656887640625 0.1526032140625 0.6446470953125 0.1433129890625 0.6358626515625 0.1435021390625 0.630966434375 0.1397860484375 0.6245098718750001 0.143530590625 0.6209422546875001 0.14290956875 0.6184741093749999 0.141334415625 0.6098098937499999 0.139826215625 0.6003267375 0.1353116671875 0.5665602562500001 0.12399265468750001 0.5560664937500001 0.1264616703125 0.5472820515625 0.1266508203125 0.53450048125 0.1249986640625 0.5292235421875 0.1266575109375 0.5367281734375 0.12996851250000002 0.5552736875 0.14493832812500002 0.5617790375 0.1477890046875 0.578036746875 0.15863764375 0.57993511875 0.1609727515625 0.57855511875 0.1658873625 0.5810032265625 0.16774540625 0.58516065625 0.16732358125 0.5952649859375 0.163068496875 0.6032993140625 0.1661853265625 0.6069270484375 0.1659576765625 0.6124731890625 0.16778224218749999 0.6416840984375 0.170576015625 0.65134759375 0.17254454218749998 0.656034721875 0.1719285421875 0.6603524546874999 0.1692435875 0.6619328343750001 0.1615000640625
0 0.42206606406249997 0.1025631609375 0.4207374625 0.0994680953125 0.4142521515625 0.096334528125 0.41243393125 0.0928678515625 0.4054589984375 0.089362675 0.40327138281249997 0.08382704375 0.404370853125 0.0828729140625 0.399443271875 0.0868836078125 0.3773275234375 0.0858976640625 0.34883798125 0.072919803125 0.33110008125 0.06840023125 0.32694265 0.06882205625 0.3231546171875 0.0713128375 0.3159191890625 0.07148524843750001 0.309273575 0.07061481093750001 0.2987109859375 0.0667715015625 0.2931535171875 0.072390828125 0.3192036625 0.09067164375 0.32292693125 0.096379225 0.3249275328125 0.1045550828125 0.3294944328125 0.105636434375 0.33733970625 0.1041382828125 0.3538892734375 0.10358255000000001 0.359395340625 0.10597290156250001 0.376174034375 0.10946636406250002 0.4110112375 0.1129531375 0.4188164375 0.112020771875 0.4220747734375 0.1097241640625 0.42206606406249997 0.1025631609375
0 0.1903625578125 0.0522067421875 0.16514006406249998 0.044093275 0.1581450921875 0.0408709890625 0.150351221875 0.0343594625 0.12402925625000001 0.027200128125 0.12105144999999999 0.02553625625 0.10168438125000001 0.0221649875 0.0764305234375 0.021778303125000002 0.0647885015625 0.0186062328125 0.061670428124999996 0.018922603125 0.095084940625 0.0424946625 0.10128971875 0.049588709375 0.1241642921875 0.054429675 0.1467783734375 0.0629482296875 0.1744402640625 0.065758740625 0.1889511921875 0.064848134375 0.19186017187499999 0.060199678125 0.1903625578125 0.0522067421875
0 0.11264161875 0.1661165171875 0.12078746250000001 0.1603749984375 0.12959194375 0.15990295937500001 0.13415884218750002 0.1609843078125 0.136566875 0.1634081359375 0.14119388906250002 0.1636408109375 0.1582931921875 0.1626080125 0.17606245625 0.1594008015625 0.17885120937500001 0.1564496921875 0.17823265 0.15061443125 0.1709684734375 0.1439087328125 0.16032573125 0.1411969875 0.1566779625 0.1417075296875 0.1450359421875 0.138535459375 0.1382814265625 0.1319184765625 0.1274295953125 0.12487464687500001 0.12084409375 0.123155534375 0.11556715625 0.12481438125 0.049078265625 0.1238563015625 0.048698928125 0.1292117265625 0.05736314375 0.1307199265625 0.081855559375 0.14185647968749998 0.0916479953125 0.14928866093749998 0.0961234171875 0.1589454671875 0.10142910624999998 0.16416473125 0.11264161875 0.1661165171875
0 0.1489319984375 0.258347484375 0.169787971875 0.2625506875 0.180281734375 0.2600816703125 0.1847597703125 0.2551335828125 0.18398090625000002 0.251561453125 0.1738190765625 0.242060315625 0.1711218 0.23643596718749998 0.16351698125 0.23453942031250002 0.14992518125 0.23704191562500002 0.14016149687499999 0.23648784687500002 0.1261314796875 0.23060905625 0.11690881718749999 0.22241692343750002 0.11095320312500001 0.2190891796875 0.106366265625 0.218290721875 0.0925340140625 0.2241879140625 0.083769609375 0.22409417187499997 0.07170679218750001 0.2268628203125 0.06663023125 0.22569275156250002 0.041773984375 0.22697666875000003 0.0413357625 0.23316341718750003 0.04905001875 0.23351494218750002 0.0695853859375 0.24224440937499997 0.08730324843750001 0.24704687343749998 0.1133159328125 0.251288578125 0.1222894265625 0.2557144078125 0.1489319984375 0.258347484375
0 0.13258454687500001 0.3580256703125 0.14624516875 0.361835503125 0.1524612765625 0.36148565781249997 0.1652942453125 0.35512814062500003 0.1660844375 0.351256378125 0.1627372359375 0.34752355 0.14623907187500002 0.3400696078125 0.1365355 0.3386668640625 0.1162693390625 0.3334208125 0.10527724218750001 0.3283572203125 0.0866202109375 0.32224575624999996 0.048075125 0.3201182 0.043098756249999995 0.317533675 0.039001440625 0.317106825 0.0366822703125 0.3207124328125 0.03992928125 0.3258597171875 0.037790453125 0.32691930468749997 0.0346657015625 0.3273299703125 0.0341864625 0.3340957890625 0.044994514062500005 0.334473678125 0.05198948437499999 0.3376959640625 0.06622859375 0.347906840625 0.0752221265625 0.3520497796875 0.10098564375 0.35252518125 0.13258454687500001 0.3580256703125
0 0.1654789375 0.43992858906250004 0.180699903125 0.4362777890625 0.18201979375 0.4322118546875 0.17569478593750001 0.4268151578125 0.1581572640625 0.41946667031249996 0.140929021875 0.415035815625 0.1358324234375 0.41414863906250005 0.12596855 0.41500902812499996 0.11334728281249999 0.41109373906249996 0.0840963015625 0.40886575000000003 0.079609553125 0.4066528359375 0.076282390625 0.40263711718749995 0.0717154890625 0.40155576562500006 0.06598900468749999 0.4022772203125 0.0629911609375 0.40089624218750003 0.058793656250000007 0.40188385000000004 0.06739775625 0.4042407203125 0.07531185625 0.40905489843750004 0.0729526125 0.41322628906250003 0.0650472234375 0.41557311406249997 0.056812515625000004 0.41528519687500004 0.0367066578125 0.407776015625 0.035117565625 0.40835853593750004 0.0344075265625 0.411098734375 0.0386938953125 0.41614056093749996 0.03735396875 0.4204893875 0.056620846875 0.42527511249999994 0.07256927656249999 0.4332061203125 0.081832015625 0.44083247343750004 0.0909658140625 0.442995171875 0.100849728125 0.44185189375 0.10853470000000001 0.442616875 0.116889634375 0.44120744375000004 0.1235352484375 0.4420778796875 0.13613647499999998 0.446276059375 0.14290231874999998 0.44544914843749994 0.153536346875 0.440999890625 0.1654789375 0.43992858906250004
0 0.13829359531250002 0.5105141578125 0.132506996875 0.5120842875 0.130797678125 0.51436415625 0.1330854828125 0.51848533125 0.13706257187499998 0.5206095296875 0.139691021875 0.5199215515625 0.144638640625 0.515627965625 0.143269965625 0.5130986828124999 0.13829359531250002 0.5105141578125
0 0.0692795640625 0.6107614578125 0.0905763703125 0.60874105 0.09904020625 0.613078165625 0.1266620203125 0.6164544578125 0.14237260937500001 0.613175265625 0.1451012484375 0.611072834375 0.1448921578125 0.60674074375 0.135970065625 0.594305240625 0.11668314531249999 0.58980240625 0.10390157656250001 0.5881502484375 0.068316875 0.5733645578125001 0.035008653125 0.5701439374999999 0.0298221 0.5690395671874999 0.0310690078125 0.5928319703125 0.039180890625 0.5986490078125 0.050193025 0.6034297093750001 0.060575271875 0.6098190406249999 0.0692795640625 0.6107614578125
0 0.08490564843750001 0.521267359375 0.0948183125 0.527002190625 0.10747094374999999 0.5231906937499999 0.137500790625 0.5289908140625 0.1457956109375 0.5284300578125001 0.1511527015625 0.52563964375 0.15602017031249998 0.522477625 0.15786975625 0.518217515625 0.1551324046875 0.5131589484375 0.1430722 0.5013227015624999 0.135627684375 0.497163025 0.1299011984375 0.49788447812500003 0.1264337703125 0.49584900000000004 0.1189378515625 0.49969899843750004 0.1112328421875 0.49921690625000004 0.09951066875 0.497176403125 0.08898815624999999 0.49276731093750004 0.06619373437500001 0.48679477968749996 0.05750948125000001 0.48556947343749995 0.0513134125 0.48563642656250006 0.041859006250000004 0.48799998906250003 0.0256106703125 0.48868068906250006 0.0262227546875 0.5003599624999999 0.0430447265625 0.5076801890625 0.047270981249999997 0.5135706921875001 0.054165762500000006 0.518207434375 0.08490564843750001 0.521267359375
0 0.0760558515625 0.719046915625 0.084350671875 0.71848615625 0.088227571875 0.7220248109375 0.1018881921875 0.7258346437500001 0.10675566249999999 0.7226726234374999 0.12605390625 0.7197315640624999 0.12635447500000002 0.71548819375 0.12118905312499999 0.708288690625 0.1081382796875 0.7031531203125 0.08991075781249999 0.6982619375 0.0861941609375 0.6924601531250001 0.0729029328125 0.690719278125 0.0492695328125 0.6820232890625 0.0356723921875 0.6806697953125 0.037509353125 0.7157211078125 0.0468048671875 0.716818925 0.053270140625 0.720235384375 0.062403939062500004 0.722398084375 0.0760558515625 0.719046915625
0 0.0678115515625 0.8281542578125001 0.079814259375 0.826234284375 0.090497071875 0.8283802453125 0.098222121875 0.82857944375 0.11130425937499999 0.82598823125 0.11965048125 0.8174177968749999 0.11891169374999999 0.8132798828125001 0.091601775 0.7982163265625 0.074502471875 0.799249125 0.06997564843750001 0.7976019921875 0.06550893906250001 0.7951061859374999 0.0628116625 0.7894818359375 0.0542476375 0.78655918125 0.0408605046875 0.7796648765625 0.04305861875 0.8216073843749999 0.053881725000000005 0.8208610140625 0.0624657890625 0.8235007781249999 0.063814428125 0.8263129515625 0.0678115515625 0.8281542578125001
0 0.04772538125 0.9106545140625 0.0490586828125 0.9108037234375 0.05078804218750001 0.9082409640625 0.047399496875 0.9044362640625 0.04772538125 0.9106545140625
0 0.0789055734375 0.9337547624999999 0.0961451421875 0.9307417234375001 0.1010927609375 0.9264481375000001 0.0983954875 0.9208237890625 0.08868320156250001 0.9122600437499999 0.0812587234375 0.9078174765625 0.06111278906249999 0.9008740749999999 0.0471569234375 0.8998076906250001 0.048507198437499996 0.9255724734375 0.0526838 0.9251809671875 0.06618411874999999 0.93125393125 0.0735084078125 0.9371109546874999 0.0789055734375 0.9337547624999999
0 0.297979103125 0.9730348937500001 0.3013977421875 0.9684751515625001 0.3066546453125 0.9670991984375 0.3283208453125 0.96714775 0.33229793281250003 0.969271946875 0.332667328125 0.9713409046875 0.336604340625 0.9740308828125 0.337294340625 0.97157358125 0.333397403125 0.968317815625 0.331309978125 0.961367728125 0.3346284296875 0.958222446875 0.325365690625 0.9505960921875 0.2746515015625 0.9308857453125 0.2557139390625 0.928734759375 0.2486788921875 0.92607825625 0.2438715390625 0.9283916031249999 0.23818512812499998 0.928547275 0.223384959375 0.9262573578125 0.206357096875 0.9189975875 0.1972032609375 0.917117778125 0.20370860937500002 0.9199684546875 0.2050572484375 0.92278063125 0.2124817265625 0.9272232 0.21338081875 0.929097984375 0.2190471890625 0.9292252031249999 0.2260421609375 0.9324474890625 0.22050472812500002 0.9377839234374999 0.20899164374999998 0.94007550625 0.2043646328125 0.93984283125 0.19521079531250002 0.937963021875 0.171677584375 0.927852575 0.168089928125 0.92751444375 0.166460759375 0.9286627484375 0.188324725 0.94048728125 0.19915651875 0.947814003125 0.2123675953125 0.9506864437500001 0.2198521875 0.9542803375 0.21961173281250002 0.957675034375 0.2113770265625 0.9573871203125 0.1951968546875 0.960011809375 0.2021116734375 0.9643656593750001 0.20838789375000003 0.963167140625 0.219660521875 0.964270253125 0.22852511406249998 0.9629495390624999 0.23623012499999999 0.9634316296875 0.2699478171875 0.968155425 0.277002903125 0.9705290375000001 0.2804102171875 0.9734131906249999 0.2894351140625 0.9698293453125 0.294062128125 0.970062021875 0.297979103125 0.9730348937500001
0 0.3322500265625 0.8461204656250001 0.328762559375 0.8443678765625 0.3144720484375 0.8421666765625 0.296324678125 0.83614393125 0.291368346875 0.8332765156249999 0.26035925625 0.8267331765625 0.24692776093750002 0.826972540625 0.233115546875 0.8325868406250001 0.23085649218749998 0.8353437765624999 0.22177147968750002 0.8397762953125 0.2067508921875 0.8405981796875001 0.18338669531250001 0.83538560625 0.1802085125 0.8365506500000001 0.185714578125 0.8389409984375 0.198415996875 0.8417247218749999 0.211976428125 0.8469490093750001 0.23491111562500003 0.850941303125 0.24947082968749998 0.8566259171875 0.256586028125 0.8581508546875 0.25954379843750003 0.8600976171875001 0.261831603125 0.8642187937499999 0.2658086921875 0.866342990625 0.2793203390625 0.8649720609375 0.288983834375 0.8669405875 0.30441389218750003 0.8676218734375001 0.31067878437499996 0.8738672453125 0.3128664015625 0.8794028812500001 0.316866140625 0.8666392921874999 0.32275292968749997 0.86365470625 0.33461536875000003 0.8637149718750001 0.337054765625 0.8584120140625 0.340313103125 0.85611540625 0.3322500265625 0.8461204656250001
0 0.340909890625 0.7602821921875 0.3474753546875 0.7622841953124999 0.35727040468750004 0.7551114812499999 0.357530896875 0.7514338921875 0.350206609375 0.7455768671875 0.3447406171875 0.7426207359375 0.3345674609375 0.740563490625 0.319498084375 0.7347901593749999 0.31462190625 0.7307911781249999 0.3104644765625 0.7312130031249999 0.283023003125 0.7252906875 0.27368882499999997 0.7259569015625 0.2545421734375 0.7194738265625 0.24755591406250002 0.7234125437500001 0.2451565921875 0.7281497171875 0.24111939062499999 0.7268741953125 0.23313385000000003 0.7303525828125 0.213995909375 0.7310305125000001 0.20547195937499999 0.7275420734375 0.1983567625 0.7260171343749999 0.1934204671875 0.7228668265625 0.178130675 0.7202053 0.192060503125 0.7274985453125 0.203152790625 0.73114768125 0.2055608234375 0.733571509375 0.218001746875 0.74003281875 0.2335206671875 0.7467435421874999 0.24462166562499998 0.7575536796875 0.2611398671875 0.7647247296875 0.2687847625 0.7660554937499999 0.2939898328125 0.759846959375 0.30351306562499997 0.763795725 0.3086297 0.764400009375 0.3161456546875 0.7602671187500001 0.325849228125 0.7616698609375 0.340909890625 0.7602821921875
0 0.2329517734375 0.6309472375 0.234360525 0.6329107390625001 0.23857806875 0.631640240625 0.2388786390625 0.6273968703125 0.2348414359375 0.626121346875 0.2329517734375 0.6309472375
0 0.3635736390625 0.6588397031250001 0.3680116 0.6544574 0.3688418671875 0.6500198562499999 0.36471580000000003 0.642714896875 0.35979954531249997 0.639281696875 0.352744459375 0.6369080859375 0.338333721875 0.636404234375 0.33355773125 0.630990796875 0.331049509375 0.629981425 0.3238741984375 0.6293051625 0.32204465 0.633282378125 0.31784714531249997 0.6342699859375001 0.2834220265625 0.6176814937499999 0.27912433124999997 0.62008355625 0.2756255390625 0.6257748609375 0.258646465625 0.6251103125 0.23978905468749998 0.6218277609375 0.203712115625 0.62127535625 0.2039011703125 0.625890334375 0.2260970671875 0.6257447125 0.2398578796875 0.6281400890625 0.2574154390625 0.6352056828125 0.2687769296875 0.64233823125 0.2767912203125 0.645737953125 0.2766309171875 0.6480010828125 0.26941553125 0.647890603125 0.2511880078125 0.642999421875 0.23973503906250002 0.64444233125 0.2337881375 0.6482755890624999 0.2383750734375 0.6490740484375 0.241593334375 0.647343221875 0.24831910000000001 0.6470820953125 0.2564936953125 0.648218684375 0.2847340703125 0.657430240625 0.303101859375 0.6603411828125 0.3260879484375 0.6563237984375 0.3549094234375 0.6573315046875 0.3635736390625 0.6588397031250001
0 0.37746165625 0.5647473656249999 0.3659599 0.5595950546874999 0.3611438328125 0.5547474015625 0.328396671875 0.5436058203125 0.3204337828125 0.532196425 0.31584684531249996 0.531397965625 0.3137280546875 0.5321746609375 0.3103782390625 0.543046728125 0.3045716046875 0.5448997484375 0.28818234062500003 0.54319235 0.2664961015625 0.5434266890624999 0.24908751875 0.5415418578125 0.238075384375 0.53676115625 0.21986789999999998 0.531587084375 0.21520081093750001 0.531920190625 0.21514069687499998 0.532768865625 0.22370472343749997 0.5356915203125 0.23285856093750001 0.5375713296875 0.235696103125 0.541215440625 0.2570303703125 0.5532341453125 0.26235609531250004 0.5581705171875 0.2683918609375 0.56036669375 0.27503747500000003 0.56123713125 0.2844605171875 0.5666003546875 0.3043372453125 0.5700603390625 0.3301007625 0.5705357390625 0.34027391875 0.5725929828125 0.3533246921875 0.5777285546875001 0.36938463593750004 0.5768012109375 0.3788590796875 0.5741547578125 0.37746165625 0.5647473656249999
0 0.3516423859375 0.48493516718749996 0.39292482500000003 0.4921212921875 0.4040284359375 0.4883265328125 0.4041085890625 0.4871949671875 0.397313996875 0.48114376875 0.3892395921875 0.478592721875 0.38081583281250003 0.4736898265625 0.3736204828125 0.47329645468750003 0.34890765 0.4652717046875 0.33491770781249997 0.4588271328125 0.3272728125 0.45749636875000005 0.3036080484375 0.456527165625 0.294643265625 0.4592623359375 0.28178154375000003 0.4587417453125 0.273446646875 0.459868284375 0.263823225 0.457333978125 0.25053199843749996 0.455593103125 0.24688422812500002 0.45610364375 0.25035165625 0.45813912500000004 0.26058492499999997 0.45934769218750005 0.27730350625 0.46368983124999996 0.2817501796875 0.4664685265625 0.289864659375 0.4684537921875 0.30542365625 0.47459873437500005 0.317844540625 0.4813429375 0.3145060515625 0.484771109375 0.2884532921875 0.4810951859375 0.2909014015625 0.48295323124999995 0.32311015468750004 0.4871279828125 0.3288767140625 0.48584074375 0.3360319875 0.4867999015625 0.3516423859375 0.48493516718749996
0 0.40495715781249997 0.380523165625 0.38849907031250003 0.3725034390625 0.3707010546875 0.3688325421875 0.35230451875 0.359043490625 0.30247809375 0.34865181875 0.278862115625 0.35427783281249997 0.2764828328125 0.3587321140625 0.270676196875 0.360585134375 0.268437178125 0.363059178125 0.2524774234375 0.3625720625 0.25337651562499997 0.364446846875 0.2584731125 0.36533402187499997 0.2753920734375 0.3668472453125 0.278530184375 0.36624798593749996 0.284076325 0.3680725546875 0.29195034999999997 0.3734525140625 0.29112008437500003 0.377890059375 0.312205184375 0.3861424578125 0.3214391734375 0.3868907015625 0.33391146250000003 0.385625228125 0.34136730625 0.3823410140625 0.3511510296875 0.3826121890625 0.358011396875 0.38409276875 0.3727658296875 0.39067041874999997 0.386526640625 0.3930657921875 0.39115365468749996 0.39329846874999996 0.403826321875 0.3892040796875 0.40495715781249997 0.380523165625
0 0.412606415625 0.30166845625 0.4135569109375 0.295533565625 0.41212811875 0.29385295624999996 0.402745153125 0.2879239515625 0.3920423 0.28606088281250003 0.38202944687499996 0.28174050624999997 0.377743078125 0.2766986796875 0.37376599062500004 0.27457448281249996 0.3625134 0.2731884765625 0.3565177109375 0.27042651875 0.27971939687499997 0.25476703125 0.26811745 0.251029178125 0.258783271875 0.2516953921875 0.2701447640625 0.258827940625 0.281766746875 0.262282903125 0.29212895625 0.2689551234375 0.2922779328125 0.2741358859375 0.2870210328125 0.27551184375000004 0.285821371875 0.27788042812499997 0.2944054359375 0.28052019375000004 0.3200861859375 0.296732053125 0.32567240468750003 0.2979908375 0.34216185781249997 0.29828377968750003 0.35845093125 0.3014056328125 0.3661960171875 0.301321940625 0.372761478125 0.3033239421875 0.3886410828125 0.3049426234375 0.40777902343749994 0.3042646953125 0.412606415625 0.30166845625
0 0.42245722968750005 0.20630059531249997 0.405220278125 0.1947087375 0.39237859375 0.19390525625 0.3886018859375 0.18895214375 0.388452909375 0.1837713828125 0.35095850624999997 0.174094478125 0.341254934375 0.1726917328125 0.336748146875 0.170761709375 0.3264547640625 0.1704018140625 0.3241957078125 0.1731587484375 0.3143518703125 0.1737362453125 0.301020565625 0.172561153125 0.285911115625 0.167353603125 0.275448715625 0.1620958375 0.2715718171875 0.1585571828125 0.263946959375 0.156943528125 0.2706814375 0.1638434 0.28059410156250003 0.16957823125 0.297722153125 0.17542354375 0.304826025 0.184392375 0.3010981015625 0.18603448125 0.30976231875 0.18754268125 0.3177766078125 0.1909424015625 0.3251209359375 0.19651653593750001 0.329756659375 0.20391021406249998 0.3430165234375 0.21337787187499999 0.354349265625 0.21363231093750001 0.36042510625 0.21526270468750003 0.382151421875 0.21446258281250002 0.38724801875 0.21534975781250001 0.3922243875 0.21793428124999997 0.3949016265625 0.22384152343750002 0.3982488265625 0.22757434999999998 0.3997978453125 0.2275576125 0.4104231625 0.21594735312500002 0.41993768125 0.2127351171875 0.42245722968750005 0.20630059531249997