1 0.21650189375 0.23297949375 0.21264933749999998 0.2297534890625 0.1528400859375 0.245899328125 0.146555103125 0.24999842656250001 0.1443970703125 0.25362732499999996 0.1458134875 0.26677250468749997 0.1495807640625 0.26690711875 0.172866696875 0.26106836875 0.203116171875 0.2470781578125 0.21739179375 0.2379526375 0.21650189375 0.23297949375
1 0.2371365375 0.2933835828125 0.2282115015625 0.2931882015625 0.1805235515625 0.3012433421875 0.17311876875 0.30431415781250004 0.168624725 0.310577325 0.1699150796875 0.317788384375 0.1952107125 0.3179510625 0.21535229843749998 0.3154589015625 0.23500444062499998 0.310231509375 0.2402141171875 0.3053527859375 0.2371365375 0.2933835828125
1 0.2306662015625 0.27029865468750003 0.218923134375 0.2648141625 0.20237455624999998 0.2638522375 0.177256903125 0.2646841875 0.165409996875 0.26907867812499997 0.16288486875 0.2785005390625 0.1640491609375 0.27977748125 0.1722993484375 0.2814311515625 0.2049070578125 0.2806197734375 0.22155205156250002 0.276890865625 0.228419178125 0.2734302375 0.2306662015625 0.27029865468750003
1 0.22179298749999998 0.32791887656249996 0.195955990625 0.32996046093750003 0.1725810671875 0.33530189374999997 0.1658029296875 0.3392598375 0.167723640625 0.3447639515625 0.17645955625 0.35174692812499997 0.20162170468750001 0.35116363437500003 0.20839613125 0.349799765625 0.2281446875 0.3398815375 0.2297650671875 0.3358628265625 0.22179298749999998 0.32791887656249996
1 0.24035121718750002 0.3662597796875 0.23439626093750002 0.35912910625 0.22852286875 0.35768389843750004 0.21295689375000001 0.3595983578125 0.17948892968750002 0.3660615453125 0.17167998125 0.3694885203125 0.1719358171875 0.3787626859375 0.17574387656249998 0.38174003437500004 0.198080565625 0.381055778125 0.2143658859375 0.37793168593750004 0.23761103593750002 0.36925020625 0.24035121718750002 0.3662597796875
1 0.2175621015625 0.40102315781250003 0.222816275 0.396393090625 0.22259751093750002 0.392555728125 0.22044690312499998 0.390996478125 0.21179255156250001 0.389698965625 0.1689471765625 0.39866834687499997 0.1601519171875 0.4018130109375 0.15744880625 0.41024024375 0.1629995984375 0.417727075 0.182963203125 0.41424028437500005 0.203379184375 0.40805191562500004 0.2175621015625 0.40102315781250003
1 0.226590925 0.422717103125 0.21188148906249998 0.4215738296875 0.174738953125 0.425805640625 0.1601555796875 0.4305964859375 0.1639932859375 0.44419878593749995 0.168072028125 0.44607400156250004 0.1791958765625 0.44548321562500004 0.1997008484375 0.43979216406250005 0.2241140046875 0.42979355 0.22694317343749998 0.4273004375 0.226590925 0.422717103125
1 0.178639665625 0.458063775 0.166789046875 0.46505234062499995 0.16964786406250001 0.47318418281249996 0.173904584375 0.4760540265625 0.1821547703125 0.47770769687500003 0.22449585 0.47637938437500005 0.24394036406250003 0.45953240937500006 0.23798912031250002 0.44980766406250006 0.22798878125000002 0.44883265625 0.178639665625 0.458063775
1 0.24503046875 0.4813132859375 0.2282594140625 0.4791080734375 0.1887289453125 0.4909136453125 0.176340675 0.4975123984375 0.17942196562499999 0.506887525 0.199111178125 0.5070969390625 0.2355010140625 0.49604387812499995 0.2470401671875 0.4873147125 0.2472255703125 0.4831211953125 0.24503046875 0.4813132859375
1 0.1999380234375 0.5247917984375 0.192129075 0.528218771875 0.1843609109375 0.5344884796875 0.199552365625 0.5435551328125 0.20834020468749997 0.5455986187499999 0.2196865296875 0.54625111875 0.242887184375 0.5373209812499999 0.239820740625 0.5175695578124999 0.22829272343749998 0.5185165015625001 0.1999380234375 0.5247917984375
1 0.2102052828125 0.5586362953124999 0.18858051250000002 0.5632990671875 0.17704507187500002 0.569434159375 0.17596234375 0.57384268125 0.1927704671875 0.5814847000000001 0.23381376718750002 0.578133475 0.2425386 0.5615211234374999 0.233932453125 0.5578781953124999 0.22581575312500002 0.5569704953125 0.2102052828125 0.5586362953124999
1 0.2515637109375 0.5858091453125 0.19221054375 0.5966593312499999 0.1792883328125 0.6002741984375 0.177671665625 0.6016988328124999 0.1764035328125 0.6103008765625 0.18191353906250002 0.614944975 0.2460128734375 0.6096998625000001 0.2523386359375 0.6084434953125 0.2666624640625 0.5969725593749999 0.26595054375 0.59299404375 0.2515637109375 0.5858091453125
1 0.27009971718750003 0.60833694375 0.2634624859375 0.6078527109375 0.2321859140625 0.61871788125 0.1983471421875 0.63356810625 0.194746709375 0.64221034375 0.1982395921875 0.6460411625 0.2251073984375 0.6445305484375 0.2362349609375 0.6413456890625 0.26595420625 0.6217775171875 0.27049274687499997 0.615763009375 0.27009971718750003 0.60833694375
1 0.199199921875 0.66448199375 0.19601108125 0.6675799234375 0.206493440625 0.6764783078125001 0.2105276875 0.6781048671875001 0.24813002499999998 0.6659833296875 0.2742970453125 0.6527119765625 0.2703147171875 0.6461459281249999 0.2531839921875 0.64454553125 0.199199921875 0.66448199375
1 0.193537821875 0.70343984375 0.1970752 0.70751931875 0.20738329218749998 0.712829003125 0.27339224687499997 0.6894926765625 0.2744749765625 0.685084153125 0.257485159375 0.67904158125 0.203382453125 0.6878557734374999 0.195699565625 0.6972168703125 0.193537821875 0.70343984375
1 0.2860325921875 0.7261397125 0.289492115625 0.7219396515625001 0.28820175937500003 0.7147285937500001 0.234818396875 0.722333153125 0.21067963281250002 0.7286355640625 0.1975275234375 0.7361952921875 0.196040628125 0.7409599734375 0.1975608828125 0.7442261703125 0.20105747968749998 0.7454629171875 0.2180102234375 0.746068684375 0.23550433124999998 0.7444701890625 0.266239540625 0.73580928125 0.2860325921875 0.7261397125
1 0.29570656875 0.7671279656250001 0.2897145390625 0.7545604875 0.281868521875 0.7525506562500001 0.2559017515625 0.75125219375 0.23948665937500002 0.7510362390624999 0.23594185781250002 0.7521449109375 0.22426179531249998 0.765316253125 0.2215179046875 0.77090075625 0.2231308609375 0.7720701921875001 0.2570771328125 0.776124459375 0.2826916546875 0.7728395890625 0.29170939218749997 0.7709382125 0.29570656875 0.7671279656250001
1 0.3069563796875 0.8352263953125 0.3161150265625 0.828882840625 0.31791338593749996 0.8258587593750001 0.3171124765625 0.8213829296874999 0.28903959375 0.818773871875 0.261404234375 0.8238395359374999 0.23816279687500003 0.8299269421875 0.2336613296875 0.841378259375 0.2356710265625 0.847379684375 0.247959171875 0.8480658406250001 0.2638848203125 0.8455465656250001 0.28295110156250003 0.842274778125 0.3069563796875 0.8352263953125
1 0.31150610625 0.7900521171875 0.3111983515625 0.7857174421875001 0.3087807734375 0.7826662468750001 0.30492450625 0.7820343171874999 0.2459384359375 0.7870915390625 0.24319825625 0.7900819671875 0.24528209687500002 0.80695700625 0.258686328125 0.8112655203125 0.2881200453125 0.8031757734375 0.3018060953125 0.7985999328125 0.31150610625 0.7900521171875
1 0.3068488296875 0.847699453125 0.2954135140625 0.8465496359375001 0.2575071375 0.8517424234375 0.24188924374999998 0.8585963734375 0.23991290156249998 0.8606258265625 0.23932333125 0.8651755046874999 0.24500389218750002 0.8760023828125 0.29543573749999996 0.8623627390624999 0.309436965625 0.856933425 0.313122675 0.8513825765625 0.3068488296875 0.847699453125
1 0.3638583640625 0.970181875 0.3444435453125 0.9662762562499999 0.31299641562499997 0.97095865 0.30002971093749997 0.9743248578125 0.2937002359375 0.9781752984375001 0.29229119375 0.9912195171875 0.304575628125 0.9944997484375 0.350383653125 0.983783225 0.366672684375 0.978065059375 0.3682003625 0.9761431078125 0.3638583640625 0.970181875
1 0.272012509375 0.9328046859375 0.2528016046875 0.9431127265624999 0.25467410625000003 0.9509622546875001 0.25933499531250004 0.9534759421875 0.3057140359375 0.9511801125 0.31518043281249997 0.94917123125 0.335244165625 0.9383995328125 0.3345359578125 0.9318269406249999 0.3171938921875 0.9212010359375 0.272012509375 0.9328046859375
1 0.38653992656249997 0.9478915546875 0.38747432187499997 0.95311335625 0.3935182671875 0.9607413421875 0.4066555296875 0.9635579125 0.42491347656249995 0.960998440625 0.4791533828125 0.9503361453125001 0.4782226984375 0.9425202671875 0.4715483984375 0.9365992296875 0.4369384125 0.9262210296875001 0.38653992656249997 0.9478915546875
1 0.3794466609375 0.9213254234375 0.38639535468749997 0.9235502562500001 0.421387284375 0.91775919375 0.45719126093750007 0.9086617374999999 0.46221924531249997 0.9053824578125 0.4619559890625 0.9012964406249999 0.40509830156250004 0.8920998109375 0.390463009375 0.901830146875 0.3794466609375 0.9213254234375
1 0.412009975 0.8575102921875001 0.3758796859375 0.87524344375 0.3725017265625 0.885128965625 0.3732581421875 0.8893561390625001 0.3766657484375 0.8900955703125 0.39658114843750003 0.8889541968750001 0.420719909375 0.8826517875000001 0.4348138375 0.8751257125 0.4370237875 0.8665573234374999 0.412009975 0.8575102921875001
1 0.371048290625 0.8351694328124999 0.37490455625 0.8358013625 0.4217990234375 0.8180822421875 0.4258889015625 0.8121752359375 0.40576958750000003 0.7991029515625 0.35624991562499997 0.80215129375 0.344614346875 0.8155712921875 0.371048290625 0.8351694328124999
1 0.3725983390625 0.754927940625 0.37047737812500003 0.76399364375 0.3764656921875 0.7791551937500001 0.43228519375 0.7616314562500001 0.4362008046875 0.7521357453124999 0.4305536 0.7493397500000001 0.41364535 0.7489826390625 0.3810784234375 0.7526367484375001 0.3725983390625 0.754927940625
1 0.42182144531250004 0.7083851515624999 0.42379778437500004 0.7063557 0.4205792953125 0.698828675 0.4130002484375 0.6983107875 0.3864846890625 0.7044047359375 0.3500874296875 0.7206459421875 0.34636093749999997 0.723354059375 0.346976440625 0.732023409375 0.35261993281250004 0.7374134796875 0.37303591406250003 0.7312251125 0.400545209375 0.7202253296875 0.42182144531250004 0.7083851515624999
1 0.40324465624999994 0.6830146203125 0.3876453203125 0.6768982 0.38042594531249996 0.6757754968749999 0.31927812968749997 0.687055690625 0.314116659375 0.689588996875 0.308269203125 0.7013628187500001 0.3143168625 0.7063967296875 0.3278620015625 0.7062630671875 0.36029544375 0.701862984375 0.40323351875 0.6907968437500001 0.4052580671875 0.686421975 0.40324465624999994 0.6830146203125
1 0.327684121875 0.642513340625 0.31646014375 0.6503890343750001 0.3150622390625 0.65565103125 0.31711643437500003 0.661901115625 0.332671275 0.6677688796875 0.3716566671875 0.6607616421875 0.3919836578125 0.654075959375 0.40245121875 0.6419730953125 0.3765808625 0.635983796875 0.327684121875 0.642513340625
1 0.370040096875 0.5994311812500001 0.3209208796875 0.6047174390625 0.308762509375 0.6073713296875 0.3031004578125 0.6149516296875001 0.30457250468749997 0.6205632453125001 0.316048603125 0.6245557921875 0.35991364843749996 0.623899603125 0.389302871875 0.6155611999999999 0.39666315625 0.6122417265625 0.397697678125 0.6101786203125 0.370040096875 0.5994311812500001
1 0.38451968124999997 0.573141771875 0.3832663984375 0.5713675171875 0.3773485125 0.5696736515625 0.35649129375 0.570781371875 0.321766334375 0.5780643796875 0.3085734421875 0.5827813765625 0.31066841875 0.5918741921875 0.3263196734375 0.5930511203125 0.3506771984375 0.590586071875 0.3736924484375 0.5858494546874999 0.38200197812500003 0.5773754859375 0.38451968124999997 0.573141771875
1 0.370255246875 0.5431075203125 0.36330655312500004 0.5408826859375 0.343075975 0.542877534375 0.33531523750000003 0.543959090625 0.323423834375 0.548104928125 0.284464375 0.5683311921875001 0.2985805265625 0.5766182203125 0.3164825140625 0.5720694921875 0.358078315625 0.5587317828125 0.3693504984375 0.548510671875 0.370255246875 0.5431075203125
1 0.349342446875 0.520371259375 0.330598765625 0.5176014234374999 0.3242730015625 0.5188577921874999 0.283789575 0.5384119328125 0.2842753078125 0.5437412375 0.28879528906249996 0.5506971 0.3187629453125 0.5455912406250001 0.3345106125 0.5420773359375 0.3458643625 0.5375416890625 0.35404783125 0.5231336015625 0.349342446875 0.520371259375
1 0.3642744046875 0.49138027187500005 0.3626169546875 0.48996217656249996 0.3457532 0.489853725 0.2935823359375 0.496389809375 0.2859439453125 0.5059995609375 0.287271371875 0.518647428125 0.289332990625 0.5197093640625 0.2981208265625 0.5217528484375 0.3458607 0.508758215625 0.363773825 0.49642726562500006 0.3642744046875 0.49138027187500005
1 0.3415298859375 0.4636372125 0.338211271875 0.4633950953125 0.2894443015625 0.473264684375 0.2739598921875 0.4808646078125 0.2726472640625 0.4892179921875 0.2762291375 0.4935461265625 0.3017546671875 0.48976394375 0.32297527187499997 0.48545733125 0.3277325734375 0.48328018437500003 0.3412925640625 0.472770221875 0.3415298859375 0.4636372125
1 0.32412852812500004 0.4317613984375 0.294027384375 0.4361212859375 0.27903984375 0.4412682890625 0.26969950625 0.4492112890625 0.26964758906249997 0.4541507796875 0.2942238765625 0.45552309218750003 0.331722375 0.45328053593749995 0.3354006609375 0.4529178375 0.353273003125 0.43774415468749994 0.3435507703125 0.43047886875 0.32412852812500004 0.4317613984375
1 0.347770471875 0.3965343578125 0.3391717484375 0.3877032828125 0.3282740859375 0.386943278125 0.3246847890625 0.3878032921875 0.273348196875 0.40684608750000006 0.274460571875 0.41306251875 0.2885730109375 0.42394361875 0.3358642203125 0.41105649062499994 0.34358417812500003 0.40713220000000006 0.34776304687500004 0.401722509375 0.347770471875 0.3965343578125
1 0.3122112890625 0.359933109375 0.2868600265625 0.36730399375 0.28434232187499997 0.37153770937499997 0.28365633749999997 0.38077822031249997 0.2987625125 0.3867534875 0.3583900765625 0.37220709531249996 0.358935153125 0.367408759375 0.34724400312500003 0.3569847765625 0.341459603125 0.3560368828125 0.3122112890625 0.359933109375
1 0.2891441703125 0.3382316703125 0.2742901140625 0.34412464374999996 0.27718228906250003 0.3602873640625 0.3262125171875 0.35450379375 0.34932418125 0.3450763421875 0.3504958984375 0.341165134375 0.3465729171875 0.32447144375 0.312789775 0.33178810468750003 0.2891441703125 0.3382316703125
1 0.3498655953125 0.31149453125000004 0.34597968125 0.3002376484375 0.32013897343750003 0.30487330468749996 0.28657830781250004 0.31343325312500003 0.2774196625 0.31977680625 0.27629614999999996 0.3213425984375 0.28000779531250003 0.32901077968750003 0.28802808125 0.3346093125 0.3053887046875 0.332264846875 0.32162953125 0.3288920984375 0.349046125 0.319989071875 0.3498655953125 0.31149453125000004
1 0.3422458140625 0.276756365625 0.3404585890625 0.2719982234375 0.3309143359375 0.265727565625 0.294887884375 0.273581734375 0.2793626921875 0.2783389265625 0.2766632953125 0.2841720859375 0.28126112812500004 0.299407484375 0.2834117375 0.3009667359375 0.3345629265625 0.286117459375 0.3390532609375 0.28244836875 0.3422458140625 0.276756365625
1 0.3112177484375 0.239328753125 0.30283407812499996 0.23692911093750002 0.276370440625 0.238083565625 0.26407858281249996 0.2399914828125 0.2560471609375 0.24217517187499998 0.2492245265625 0.24588445781249998 0.25175703125000004 0.2626519953125 0.268973034375 0.26734378125 0.31214472031249996 0.24973870312500002 0.31695022968750003 0.24521613750000001 0.3112177484375 0.239328753125
1 0.266103178125 0.20423906718749998 0.2621542109375 0.2057038984375 0.25118978125 0.22025968125 0.256062009375 0.2317988765625 0.2678050765625 0.2372833671875 0.2759699859375 0.23584565 0.320187328125 0.20839524375 0.319434625 0.20157399687500002 0.3035164015625 0.1989051234375 0.266103178125 0.20423906718749998
1 0.3695215953125 0.20954042187500002 0.40626739218749996 0.20047661875 0.4142135359375 0.195201540625 0.434036284375 0.16477937812500001 0.4275881703125 0.15750755156250001 0.3700518734375 0.183740834375 0.3672968453125 0.1971075578125 0.3695215953125 0.20954042187500002
1 0.44854170312499997 0.21446409375000003 0.445271296875 0.2118765609375 0.43267168749999996 0.209449803125 0.4001455421875 0.21594664375 0.36725601406249997 0.22564237656250002 0.3567513828125 0.2323084359375 0.358482975 0.2446001421875 0.3635925265625 0.2470063265625 0.371801928125 0.2458172671875 0.41675712656249997 0.2355644046875 0.447996628125 0.21926242812500002 0.44854170312499997 0.21446409375000003
1 0.44011348906250003 0.24319334062500003 0.39480233125 0.2514569453125 0.38465737187500004 0.2575181890625 0.3819468390625 0.2711335703125 0.3909534390625 0.277014415625 0.4122074015625 0.2807386828125 0.45857164062500005 0.25744160312500003 0.459795278125 0.24859090312499998 0.45728870937500005 0.24504239375 0.44011348906250003 0.24319334062500003
1 0.45822305625000004 0.28164174375 0.4210842296875 0.2832794828125 0.3969454671875 0.2895818921875 0.38958518125 0.292901365625 0.38786096406250004 0.30679905937499996 0.39503584375 0.3076731046875 0.41252995156249994 0.30607460937500003 0.43312391406249995 0.300880871875 0.45493408750000003 0.2920245828125 0.45978780468749997 0.2851566 0.45822305625000004 0.28164174375
1 0.4390714453125 0.3131996921875 0.4085142171875 0.32285522968749997 0.39693428124999997 0.3287416640625 0.3937825109375 0.337276396875 0.3980837265625 0.3403949 0.42346835 0.34105489375000003 0.458426921875 0.32723295 0.460088084375 0.326056971875 0.45866424375000003 0.318099940625 0.4390714453125 0.3131996921875
1 0.47264315 0.35961261875 0.4728730484375 0.35566775625 0.449961634375 0.3505253921875 0.4385226078125 0.35196964999999997 0.4015024203125 0.36472965625 0.39808738906249996 0.3691783734375 0.40251095625 0.3808250703125 0.4045280796875 0.38163835 0.44589026875000004 0.374839575 0.45401068125000005 0.3731532015625 0.46895743906250004 0.365163465625 0.47264315 0.35961261875
1 0.3897296046875 0.41137530624999996 0.393037084375 0.419399646875 0.39604052031250003 0.42049523593749993 0.44728070000000003 0.4061432765625 0.46415559218749997 0.39846950468750003 0.4314663140625 0.3935954203125 0.404097928125 0.400153028125 0.3959293078125 0.4041848203125 0.3897296046875 0.41137530624999996
1 0.4759987359375 0.4280466359375 0.44343552031250005 0.4291066734375 0.414995540625 0.4322905796875 0.3991106765625 0.43765258593749995 0.395424965625 0.443203434375 0.402221615625 0.45765266718750003 0.43501473125 0.4526477703125 0.44268647968749997 0.4510689 0.47163446562500005 0.43764985 0.47648818281249994 0.4307818671875 0.4759987359375 0.4280466359375
1 0.4060148265625 0.47100631249999997 0.4028704796875 0.474352896875 0.4029038390625 0.4823837796875 0.4068008890625 0.48585843906250004 0.43542255937499996 0.48107508593750004 0.46754825 0.47234032968750006 0.4742856046875 0.4655396546875 0.445315396875 0.46314560312499997 0.420464715625 0.46546949531250004 0.4060148265625 0.47100631249999997
1 0.4501282328125 0.516189984375 0.451837603125 0.5126685875 0.45377316093750003 0.50779640625 0.4520749265625 0.5035355765625 0.4480406796875 0.5019090187499999 0.42552601093750003 0.5015986453125 0.4152067828125 0.504071184375 0.39599587812500003 0.5143792234375 0.3943198671875 0.5259315 0.40700846718749994 0.5288555703125 0.44514474374999996 0.519717921875 0.4501282328125 0.516189984375
1 0.41743148281250003 0.5478815953125 0.416482240625 0.5530360890625 0.43704650312500004 0.5685949453125 0.442834615625 0.5669487640625 0.484356275 0.5427374453125 0.48525731250000004 0.539928365625 0.465861053125 0.5230523765624999 0.46092576875 0.5242348953125 0.41743148281250003 0.5478815953125
1 0.5004857875 0.5858093734375001 0.5076384468749999 0.5708703171875 0.5070192296875 0.5647950421875 0.5026253109375001 0.5637733 0.4516669484375 0.56924090625 0.42429113906250004 0.5809866625 0.42101330625 0.5835872765625 0.417820753125 0.58927928125 0.4275874796875 0.596793225 0.45287940156250006 0.5995499796875 0.49707447031249996 0.58766401875 0.5004857875 0.5858093734375001
1 0.5284880937499999 0.6690833890625 0.5456892984375 0.6527739234375 0.5437723 0.6446757359374999 0.521717428125 0.6364756375 0.4658163609375 0.6483139109375 0.4720595140625 0.6604181484375 0.469448121875 0.6687807968749999 0.47591345625 0.6635907671875 0.46959740781250003 0.674206428125 0.46244988906250006 0.6618104140625001 0.47173419687499996 0.6813853234375 0.520004296875 0.6739686546875 0.5284880937499999 0.6690833890625
1 0.520671721875 0.6776985125 0.4599540078125 0.701841575 0.4593199421875 0.7061425984375 0.46544916562500005 0.7168619734375 0.5210684171875 0.7139080515625 0.5305348140625 0.7118991703125 0.5595903484375 0.6860070656249999 0.5311689296875 0.6762206015625 0.5287476390625 0.67576348125 0.520671721875 0.6776985125
1 0.550572465625 0.7820410859375 0.5477544328125 0.7767519765625 0.544662003125 0.775159071875 0.5232226375 0.7756283234375 0.48052188593749995 0.7775614531249999 0.4724459703125 0.7794964859375 0.4769473890625 0.7994227171875 0.48892035624999997 0.8009623484375 0.5048015078125 0.7981944171875 0.524587134375 0.7937129953125 0.5477877906249999 0.7847828578125 0.550572465625 0.7820410859375
1 0.47916486249999996 0.7229110859375 0.47606500937499996 0.7265063296875 0.489487753125 0.74922201875 0.49585429999999997 0.7508083828125 0.512184115625 0.7479329484374999 0.548707434375 0.7376258609375 0.555667265625 0.7320684703125 0.5576918125 0.727693603125 0.5512881953125001 0.7206704328125 0.47916486249999996 0.7229110859375
1 0.5395449796875 0.8093185843749999 0.4717191515625 0.817271815625 0.4578884796875 0.82888390625 0.4615111359375 0.8360547734375 0.4706104390625 0.8398388562499999 0.48751868906249995 0.8401959671875 0.5159586671875 0.837012059375 0.5281170390625001 0.8343581703125 0.569267890625 0.8185338859375 0.562690003125 0.8079220125000001 0.5395449796875 0.8093185843749999
1 0.5645883921875 0.86036811875 0.56316455 0.8524110890625 0.5586890671875 0.8457038828125001 0.5548328 0.8450719531249999 0.49755238593750006 0.8492018546875 0.48546815781249997 0.86272935625 0.4873851546875 0.8708275437499999 0.49414844531249996 0.877245896875 0.5220062765625 0.8734235187499999 0.547353828125 0.8686467062500001 0.56301621875 0.8620414125 0.5645883921875 0.86036811875
1 0.5930431703125 0.8781854625 0.591797309375 0.8712230609375 0.574633225 0.8615917828124999 0.5708659484374999 0.8614571703125 0.5225847124999999 0.8766560625 0.5079531312500001 0.8837923234374999 0.507797375 0.8986107984375 0.5151057406249999 0.9002308171875001 0.5311648734375 0.8984575124999999 0.5631088703125 0.8913222015625 0.5861278328124999 0.8839915093749999 0.5930431703125 0.8781854625
1 0.578793434375 0.931907559375 0.5901471828125 0.9273719140625 0.595356859375 0.9224931875 0.596309815625 0.91474461875 0.59416291875 0.9105912937499999 0.560494753125 0.9002467484375 0.5537166140625 0.90420469375 0.5313502296875 0.9256415406249999 0.5331745234375 0.9358364874999999 0.5389997046875 0.9396271140625 0.5463562796875 0.9389017140625 0.5609359421875 0.93670494375 0.578793434375 0.931907559375
1 0.642707415625 0.8994784171875001 0.6287061875 0.90490773125 0.6171225390624999 0.913388240625 0.6175192828125 0.9182202296875 0.6391774109374999 0.9215883406250001 0.6741174234375 0.9207367703125 0.682237834375 0.9190503937500001 0.7361217796874999 0.9063988390625 0.7502564921875 0.9017154984375001 0.7069958625 0.8874457124999999 0.642707415625 0.8994784171875001
1 0.6369675578125 0.8674016343750001 0.6375385703124999 0.8758223265625 0.6452325437499999 0.89005655625 0.69239398125 0.8738293796875001 0.7149717046874999 0.861418040625 0.7116197328125 0.85314504375 0.6667313 0.8480821171875 0.65901505625 0.8494123328125 0.6369675578125 0.8674016343750001
1 0.6897466 0.8119679515625 0.6302636609375 0.8194780921874999 0.6254173671875 0.8211579265625 0.6225844875 0.8262451125 0.6234521140625 0.8467827046874999 0.629952146875 0.8491150390625 0.6622483921875 0.8465630624999999 0.679160353125 0.8443260968749999 0.7154908953125 0.812023128125 0.7143710953125 0.81099484375 0.6897466 0.8119679515625
1 0.6033662078125 0.810363753125 0.5984939796875001 0.7988245578125001 0.5958502140624999 0.7971241499999999 0.592386978125 0.8039182859375 0.5926428140625 0.813192453125 0.5994135265625 0.8144226578125 0.6033662078125 0.810363753125
1 0.6034737578125 0.7978906953125 0.605872775 0.8139122609375 0.6405421046875001 0.8141628203125 0.6614030359374999 0.8104610250000001 0.6763905765625 0.8053140203125 0.705472046875 0.7926409421875 0.703911009375 0.7865320140625001 0.6243421125 0.7890007515625 0.6034737578125 0.7978906953125
1 0.644906475 0.7418045125 0.599061378125 0.7470842281250001 0.595108696875 0.751143134375 0.597726478125 0.7710020609375 0.6000105703124999 0.7733072828124999 0.6107710375 0.7759153875 0.6332449234374999 0.7733830312500001 0.68044714375 0.7599985859375 0.6876776546875 0.753339065625 0.698597590625 0.738534625 0.644906475 0.7418045125
1 0.6983418078125 0.6978829109375 0.684540834375 0.6887424078125 0.635862853125 0.6991093140625 0.6307310296875 0.712267575 0.6322883546875 0.720970578125 0.640494046875 0.7223755921875 0.6635945750000001 0.7207303640625 0.6852638390625 0.71631625 0.700881734375 0.7094623 0.7012080468749999 0.700826603125 0.6983418078125 0.6978829109375
1 0.6010526640625 0.671923384375 0.603373828125 0.6796654109375 0.607270878125 0.683140071875 0.6441278859375 0.6903866875 0.690862934375 0.6587025671875 0.6874590421875 0.6553690624999999 0.656653403125 0.6505622843750001 0.636244846875 0.651562503125 0.6010526640625 0.671923384375
1 0.6201857125 0.6533358078125 0.6403717953125 0.6510923015625 0.6518590296875 0.6473026281250001 0.670721396875 0.62981718125 0.6714444546875 0.6260134749999999 0.6683594484375 0.6192324218749999 0.633964515625 0.6152856578125 0.6256661218749999 0.6159774046875001 0.6216281640625 0.6169449203124999 0.6068593859375 0.625929284375 0.596032153125 0.6386369671875001 0.59522010625 0.64194335625 0.601264053125 0.64957134375 0.6117093421875001 0.6530329234375001 0.6201857125 0.6533358078125
1 0.6119467625 0.5811448171875 0.599740184375 0.5861441234375 0.5585299906250001 0.6120960453125 0.5634467140625 0.6238838984374999 0.573046596875 0.622620990625 0.624998696875 0.6122475453125 0.641962578125 0.605071090625 0.65560784375 0.59765251875 0.6617778999999999 0.579837075 0.6119467625 0.5811448171875
1 0.6217728828125 0.5471535734375 0.58809358125 0.5445912515625 0.5840556218749999 0.5455587656249999 0.5552374109375 0.5623178625 0.5491266984375 0.5700056640625 0.5526566500000001 0.579273290625 0.5724274296874999 0.5851681671875 0.602576778125 0.5784628625 0.6214391453125 0.5609774171875 0.624765184375 0.556031384375 0.6217728828125 0.5471535734375
1 0.5574585484375 0.514589703125 0.5425451484375 0.5306103171875 0.5449553015624999 0.5388496609375 0.5497941703125 0.542357975 0.5671918671875 0.5454503140625 0.575757228125 0.5462505140625 0.5835661765625 0.5428235375 0.61706755 0.5130136828125 0.5738402796875001 0.5067747765624999 0.5574585484375 0.514589703125
1 0.580255034375 0.5060157234375 0.608568953125 0.4968976953125 0.61077148125 0.4935174546875 0.6069226375000001 0.4876973765625 0.58127475625 0.48295136562499996 0.5684897453125 0.4847181296875 0.5218659578125 0.5013351187499999 0.5188068890624999 0.50777309375 0.5226557328125 0.513593171875 0.5271386421875001 0.515112228125 0.5369165046875 0.5148439484375 0.5614557234374999 0.5107794546875 0.580255034375 0.5060157234375
1 0.624346365625 0.44125365 0.619681765625 0.4413340375 0.558218771875 0.45346770468750003 0.5368090546875 0.4645619109375 0.5336202125 0.4676598390625 0.538855825 0.47600014375 0.5464793671875 0.47676668749999995 0.559620340625 0.4769891828125 0.600619146875 0.4733892984375 0.6042529359375 0.47277794218749997 0.6264487671875 0.4451583171875 0.624346365625 0.44125365
1 0.581638240625 0.41699737968750006 0.5314214453125 0.43706845625 0.52710538125 0.444326253125 0.5294710390625 0.4523169375 0.5347140765625 0.45546909375 0.5510883859375 0.452842315625 0.5861767312499999 0.44236041875 0.588890975 0.42615096250000006 0.5859876640625 0.41777046406249996 0.581638240625 0.41699737968750006
1 0.550154090625 0.3848654171875 0.5254628265625 0.4011543125 0.5228116375 0.404642053125 0.5238313109375 0.4129552453125 0.5296527828125 0.4193399453125 0.5872187249999999 0.4037316171875 0.5961734546875 0.38317440468749997 0.5925915828125 0.3788462703125 0.5703030984375 0.37718510781250003 0.550154090625 0.3848654171875
1 0.5876897078125001 0.3566821203125 0.5548558109374999 0.3588442859375 0.5233456265624999 0.37624839374999997 0.51907776875 0.38116077187499997 0.522388959375 0.3865910359375 0.5312657859375001 0.389131834375 0.5677446125000001 0.3785760890625 0.58893185625 0.3662385984375 0.5937410796875 0.359121959375 0.5876897078125001 0.3566821203125
1 0.576717903125 0.34504850625 0.595895446875 0.3267095875 0.5955432 0.3221262546875 0.56513059375 0.324745540625 0.5531502015624999 0.328394059375 0.542107915625 0.3346703078125 0.535237078125 0.3407250125 0.5318183375000001 0.3477678015625 0.531944396875 0.3537019234375 0.5352148046874999 0.35628945624999997 0.539519734375 0.356813884375 0.5654086484375 0.349832809375 0.576717903125 0.34504850625
1 0.56167849375 0.323757453125 0.5742002484375 0.317904671875 0.579995784375 0.31107034218749996 0.5790131828125 0.30819395781250003 0.55932768125 0.3053904703125 0.5510737828125001 0.306330871875 0.525322065625 0.31146384375 0.5150918296875 0.31443370000000004 0.5060703796875 0.3189291515625 0.50516191875 0.326926378125 0.5067711640625 0.330689890625 0.5245767375 0.330831996875 0.5451669859375 0.32823233125 0.56167849375 0.323757453125
1 0.572928503125 0.266345690625 0.5723649171875 0.25273685156250003 0.568464153125 0.2518562640625 0.5402021546875 0.25603480156249997 0.52472145625 0.26104065 0.5063188875 0.2706363703125 0.5015133781250001 0.2751589359375 0.510924146875 0.280683621875 0.5219070859375 0.2845350140625 0.5261675203125 0.2848107828125 0.5402577375 0.2798787828125 0.572928503125 0.266345690625
1 0.5095707828125 0.2548167265625 0.5149547296875 0.25352670625 0.553335753125 0.2300678953125 0.5452005421874999 0.2107530203125 0.5092111609375001 0.22404399531250002 0.49785370156250003 0.2311737171875 0.4930296296875 0.2486666515625 0.5095707828125 0.2548167265625
1 0.5174168515625001 0.22544900937499998 0.5184847328125 0.2314167828125 0.5290635046875 0.2356243359375 0.552931584375 0.23042405625 0.5670255156249999 0.2228979828125 0.5658204375 0.21877830937499998 0.5452005421874999 0.2107530203125 0.5257671640625 0.21981777187499998 0.5174168515625001 0.22544900937499998
1 0.4969267796875 0.18938621718749998 0.5012539296875 0.205723746875 0.52260430625 0.20475718281250002 0.5477738765625 0.19898574062500002 0.5721833703125 0.160203653125 0.5685087953125 0.157972278125 0.5371877296875 0.16858878906250002 0.5145692203125 0.178157396875 0.4969267796875 0.18938621718749998
1 0.48288853125 0.158001178125 0.479896228125 0.14912336406249999 0.47486453281249996 0.15499671718750002 0.47772334843750003 0.1631285609375 0.48189108125 0.165501090625 0.4836857296875 0.1650710828125 0.48288853125 0.158001178125
1 0.5250405421875 0.132082909375 0.49771293906249997 0.14148325 0.4921473015625 0.14437271406250002 0.4911127796875 0.1464358203125 0.49073083593750005 0.1626050828125 0.532363709375 0.15470417812499998 0.5664212421875 0.1436913125 0.570058746875 0.14048588281250002 0.5674743234374999 0.1286578359375 0.5250405421875 0.132082909375
1 0.6720385734375001 0.0854514046875 0.6452449078125 0.09783562968750001 0.6336575484375 0.108910215625 0.6486673140625 0.11957631093750001 0.6640033890625 0.121606715625 0.7097002031249999 0.094579775 0.7110573265625 0.08647504843750001 0.7066819671875 0.072482934375 0.7030036796875 0.072845634375 0.6720385734375001 0.0854514046875
1 0.71037119375 0.18984820468750002 0.7160740265625 0.1851106375 0.7234417359374999 0.1766030140625 0.7159591015625 0.17139429374999998 0.7003523421875 0.17046602187499998 0.6664876359374999 0.17209721875 0.6475029203125 0.18105446875 0.63761750625 0.1937958046875 0.639478871875 0.2094275578125 0.64095834375 0.2098510234375 0.7035040640625 0.193308834375 0.71037119375 0.18984820468750002
1 0.7146538484375 0.205937078125 0.6823056843749999 0.21342854843749998 0.64708014375 0.22575854843749998 0.641047284375 0.2417258875 0.649727571875 0.25624242812500003 0.6832511671875 0.24224567656249998 0.7131039 0.22342347343750002 0.7175497359375 0.21950572343750002 0.719451934375 0.2066026625 0.7146538484375 0.205937078125
1 0.6810449281250001 0.248219990625 0.6765583078125 0.24929500624999998 0.6498017140625 0.2671160390625 0.6469169140625 0.27714271875 0.6537654828125 0.28665246093749996 0.70904361875 0.271332984375 0.7283435125 0.261522259375 0.73395735625 0.2562873765625 0.7319439453125 0.25288002187499997 0.6810449281250001 0.248219990625
1 0.68357738125 0.296365075 0.672483178125 0.3075808140625 0.6752530046875 0.315215340625 0.680002884375 0.31822633906250003 0.6972670937500001 0.32057270781249997 0.70260654375 0.31903402812500004 0.744050346875 0.2865431703125 0.7236937109375 0.2826038984375 0.6997366390625 0.2873068640625 0.68357738125 0.296365075
1 0.734895365625 0.3216702 0.734001753125 0.3192911296875 0.7279503828125 0.3168512921875 0.721313153125 0.3163670578125 0.7016165171875001 0.32134579531249996 0.680117809375 0.3319426828125 0.6640475390625 0.341498209375 0.6572656890624999 0.348050228125 0.6660868859375 0.3581245921875 0.6746559609375 0.356330715625 0.7209200734375 0.34031854375 0.734895365625 0.3216702
1 0.732677940625 0.3668042859375 0.6798025828125 0.3641737046875 0.6762132859375 0.36503371875 0.65233406875 0.378016221875 0.6497644453125 0.3871894265625 0.65401003125 0.39784149375 0.657328646875 0.398083609375 0.6944192671875 0.3987912890625 0.6984127296875 0.3975751171875 0.7367492578125 0.3738676484375 0.732677940625 0.3668042859375
1 0.7476320249999999 0.416381496875 0.7603466078125 0.40114704999999995 0.7595012015625 0.3964225625 0.7537687203125001 0.3905351765625 0.750583590625 0.39103903125 0.71746045 0.4072736984375 0.7056098343749999 0.414262265625 0.6940261859375 0.422742771875 0.6934366140625 0.4272924515625 0.7058471078124999 0.4365068015625 0.7168411828125001 0.43257597187499996 0.7476320249999999 0.416381496875
1 0.7653448453125 0.44999791250000004 0.770736215625 0.4435197421875 0.7522150109375 0.44199319375 0.7320734234375 0.4444853578125 0.683977590625 0.45549073125 0.6689418421875 0.4629831515625 0.6657492890625 0.4686751546875 0.6725570734375 0.475342165625 0.6904553499999999 0.4733875125 0.7048570328125 0.47019611406250006 0.754617740625 0.4554206859375 0.7653448453125 0.44999791250000004
1 0.7429154062500001 0.484156475 0.7069371609374999 0.4896652265625 0.6751266484375 0.49754650937499995 0.6751080890625001 0.5105168812499999 0.6840294109375 0.5133063359375 0.6943894234375 0.5136765265625 0.755096 0.4973156859375 0.7598088078125 0.49488988125000005 0.760672771875 0.486643996875 0.7429154062500001 0.484156475
1 0.8290628765625 0.0530139375 0.7806889390625 0.0703095875 0.7720197375 0.079388375 0.7724498390625001 0.0922512421875 0.7762616109375 0.092634515625 0.788505259375 0.0930720140625 0.8210351171875001 0.0839810984375 0.827946740625 0.080769128125 0.8532275734375 0.059930554687500005 0.8290628765625 0.0530139375
1 0.8656825125 0.100771109375 0.869724184375 0.09720952031249999 0.856371871875 0.0879615171875 0.8444434 0.0866705453125 0.826500628125 0.088376540625 0.813533921875 0.09174275 0.79688521875 0.0980657328125 0.7949533734374999 0.10034384062499999 0.7909450625 0.1119363109375 0.79744138125 0.11686272187499999 0.802599140625 0.11692348749999999 0.84360165625 0.11072953125 0.8656825125 0.100771109375
1 0.8655675390625 0.118432315625 0.86275321875 0.11054913125000002 0.80366701875 0.1228912609375 0.8002557031249999 0.12474590625 0.794360040625 0.13886514218749998 0.794801278125 0.1439457875 0.8096738468750001 0.156459990625 0.8138007937499999 0.1559897890625 0.8360596296875 0.1470259984375 0.85873005625 0.1325178984375 0.8655675390625 0.118432315625
1 0.8343354109375 0.160923690625 0.822310525 0.164323553125 0.8083982890625 0.17025018125 0.79210183125 0.1811564953125 0.80387455 0.1972659421875 0.840928096875 0.192536815625 0.8760350015625 0.1690845453125 0.8847116249999999 0.15481761249999998 0.8789272265625 0.15386971875 0.8343354109375 0.160923690625
1 0.8495305296875 0.1987738171875 0.8342685953125001 0.207617028125 0.81904744375 0.21930296562499998 0.8166632249999999 0.2242826515625 0.83530306875 0.23693146875 0.875411971875 0.22835844062500002 0.8974223984374999 0.20493233437499997 0.8723715125 0.190448496875 0.8611549609375 0.193136040625 0.8495305296875 0.1987738171875
1 0.8928763843749999 0.247512540625 0.89001014375 0.24456884687499997 0.8486220203125001 0.2381485921875 0.8125881453125 0.251190909375 0.8062141734375 0.25479269375 0.798446009375 0.26106240000000003 0.799235784375 0.27332045312500003 0.8009822249999999 0.2752358640625 0.831646953125 0.28448481875 0.8359518828124999 0.2850092453125 0.8953718171875 0.258843271875 0.8928763843749999 0.247512540625
1 0.9101256984375 0.291612753125 0.8978561140625001 0.277956225 0.8883934281249999 0.27737103125 0.8802730140625 0.27905740625000003 0.816644565625 0.30000811875 0.8155024953125001 0.3145442828125 0.8463859875 0.327630596875 0.8518144265625001 0.32658923125 0.893510353125 0.30596661406250003 0.9094063546875001 0.292822384375 0.9101256984375 0.291612753125
1 0.9215721 0.31635789375 0.8821973859375 0.3133449921875 0.8745701312499999 0.3151725234375 0.8400157265624999 0.32863830781250003 0.8380801703125 0.333510490625 0.8411132546875001 0.34523103437499997 0.85567806875 0.3534105625 0.8655931296875 0.3512941796875 0.899921346875 0.33917918281250004 0.9215646765625 0.32154604375 0.9215721 0.31635789375
1 0.8739693734375 0.358881971875 0.8512581640624999 0.3705473390625 0.847572453125 0.3760981875 0.84845493125 0.3862594828125 0.8701167703125 0.387033515625 0.897299753125 0.384669428125 0.9123466375 0.3693947859375 0.9103369375 0.36339335781250004 0.8784559953125 0.3578069546875 0.8739693734375 0.358881971875
1 0.92697816875 0.3936360734375 0.924742284375 0.38898543281250003 0.8738172796875 0.40248391874999995 0.845588640625 0.41469333593749996 0.8429374515625 0.41818107812500005 0.8445800546875001 0.429975471875 0.8779961000000001 0.428451775 0.88660966875 0.4269065546875 0.9059948406249999 0.420187221875 0.9129546718749999 0.4146298328125 0.92697816875 0.3936360734375
1 0.8559078187500001 0.44359834375 0.8564788296874999 0.45201903750000005 0.861896134375 0.4587598953125 0.9101254531249999 0.44850049375 0.929180646875 0.42163337968750003 0.928961884375 0.4177960203125 0.897603746875 0.42297572656250004 0.882794184375 0.4291173578125 0.8559078187500001 0.44359834375
1 0.9471455921875 0.467118034375 0.9015748875 0.4687015453125 0.8732201875 0.47497684375000004 0.8693120015625 0.47928440468750005 0.8675544234375 0.4851512171875 0.8712252875000001 0.4899766671875 0.8971475609375 0.49102647343749994 0.9080044421875 0.48894374531249996 0.9278382734375 0.4821169078125 0.9517619859374999 0.46938306250000006 0.9471455921875 0.467118034375
1 0.945621578125 0.4978234578125 0.903896003125 0.5078211234375 0.884017675 0.514399303125 0.8887044984375001 0.5301320171875 0.89565319375 0.5323568515625 0.920196121875 0.5256982828125001 0.950760775 0.5108545953125 0.9554327984375 0.505586059375 0.9513169859374999 0.49827403906249995 0.945621578125 0.4978234578125
1 0.9544204531249999 0.5548398156250001 0.940389578125 0.5496441765625 0.869767940625 0.5681213984375 0.8650922015625 0.575984009375 0.8653109656250001 0.5798213703124999 0.8681734953125 0.5853591375 0.8734165296875 0.5885112921875 0.891407509375 0.5844598796875 0.9286501734374999 0.5729431593750001 0.9567935359374999 0.557642353125 0.9544204531249999 0.5548398156250001
1 0.88999836875 0.6602591953125 0.8984191109375 0.66809564375 0.904474190625 0.6679414078125 0.9494775984375 0.655343128125 0.9658111796875 0.640725496875 0.96633770625 0.6306787765624999 0.9651214765624999 0.6303306578125001 0.927396790625 0.633924 0.89287945625 0.6528265906249999 0.88999836875 0.6602591953125
1 0.961528515625 0.6024071984375 0.9166363750000001 0.5999383468749999 0.890517559375 0.6108642828125 0.8750776437500001 0.6187128625 0.8738614312499999 0.6223754140625 0.877168909375 0.6303997531250001 0.8880628609375 0.6337538312500001 0.9279047968749999 0.623688859375 0.9593630609374999 0.6112242453125 0.9664600875 0.6038187515625 0.961528515625 0.6024071984375
1 0.8808952546875 0.7218242796875 0.881699878125 0.7237060359374999 0.8982892390625 0.72751069375 0.9620637890625 0.7122299796875 0.9626094609375 0.7018179234375 0.9617916281250001 0.700625859375 0.9229953484375001 0.7008455046875001 0.8911848359375 0.7087267859375 0.8808952546875 0.7218242796875
1 0.9238740140624999 0.7763559671875 0.94486843125 0.77340014375 0.9590305421875 0.770107759375 0.960615109375 0.7398724140625 0.9582393515625001 0.7383002296875001 0.9132618828125001 0.7641175359375 0.9156720359375001 0.772356878125 0.9238740140624999 0.7763559671875
1 0.95380759375 0.86976755625 0.9550858484375 0.8453770046875 0.9489804328125 0.8460613359375 0.9314826125 0.8502539046875001 0.9359395359375 0.8699314812500001 0.95380759375 0.86976755625
1 0.8877621375 0.8752513921875 0.886738753125 0.8695322750000001 0.8600674875 0.8590671484374999 0.8178376203125 0.8767058796875 0.8058905890625001 0.8883852781250001 0.8111224890625 0.89931965625 0.8294212203125 0.8996029171875 0.8618583750000001 0.8926087624999999 0.88169591875 0.8831878515625 0.8861862515625001 0.879518759375 0.8877621375 0.8752513921875
1 0.7854116515625 0.8445402640624999 0.79104771875 0.8551184828125 0.812216403125 0.8557513625000001 0.868755246875 0.8370179921875 0.87212578125 0.8323206171875001 0.8697564109375 0.82692400625 0.8285462656249999 0.82149838125 0.7859567265625 0.8397419265625 0.7854116515625 0.8445402640624999
1 0.8355060953125 0.8159409906249999 0.8504120703125 0.8051085265625 0.8506382578125 0.8037577375 0.83579905 0.799274415625 0.819476659375 0.7969617015625 0.7598973046874999 0.8091626765625 0.760371903125 0.822274203125 0.766690240625 0.826205984375 0.779111871875 0.8276381109375001 0.791715190625 0.8274707937500001 0.7984896171875 0.8261069234375 0.8160764281249999 0.8224116703125001 0.8355060953125 0.8159409906249999
1 0.7729641859374999 0.7671340125 0.7657818796875 0.7714481140625 0.7572424515625 0.78386694375 0.758803490625 0.7899758734375 0.7689818093749999 0.791945509375 0.801723003125 0.7918801046875 0.817199990625 0.7894683296875 0.8338004874999999 0.7854907640625 0.8363663984375 0.7789116328125 0.796880471875 0.7595883140625 0.7729641859374999 0.7671340125
1 0.8373008921875 0.7213783406250001 0.8061059343749999 0.7065514234375 0.79946870625 0.706067190625 0.755674090625 0.7201910671875 0.7514099453124999 0.7225093703125001 0.74618913125 0.73517031875 0.75030865625 0.739888265625 0.7602200031249999 0.7403659578124999 0.784262353125 0.7387543828124999 0.8171481703125 0.731652725 0.8268407546875001 0.72829305625 0.8373008921875 0.7213783406250001
1 0.8313645468749999 0.66989975 0.800380928125 0.6640983421875 0.7608133875 0.670467109375 0.7511652953125 0.674075434375 0.7373309109374999 0.6882816 0.754999290625 0.690271809375 0.779579290625 0.6890500453125 0.7927239765625 0.6866784671875 0.8281274968749999 0.6753430953125 0.8311346468749999 0.6738446109375 0.8313645468749999 0.66989975
1 0.7525706734375001 0.632247740625 0.7428780890625 0.6356074078125 0.740356671875 0.6424351953125 0.74428708125 0.6539407374999999 0.7689560703125 0.6532162890625 0.7868135640625 0.648418903125 0.8128990203124999 0.6294620859375 0.794381525 0.625341465625 0.784963334375 0.625004928125 0.7525706734375001 0.632247740625
1 0.7454589953124999 0.5245193359375 0.71778285625 0.52674226875 0.7079530734375 0.5319500390624999 0.706914840625 0.5366072203125001 0.710537496875 0.543778084375 0.71421206875 0.5460094609375 0.7500568296875 0.5397547359375 0.7689451328125 0.5354883187499999 0.776042159375 0.528082828125 0.7548326921874999 0.524607215625 0.7454589953124999 0.5245193359375
1 0.8238227640625 0.5493084765625 0.82311084375 0.545329959375 0.7786191578125 0.5450990234375 0.7361668156250001 0.5614944671875 0.7167334359375 0.5705592203125 0.7169447765625 0.5795847281250001 0.72079733125 0.582810734375 0.730215521875 0.5831472703125 0.7388735859375 0.581850709375 0.7734650624999999 0.5738217296875 0.8068514609375 0.5616730796875 0.8238227640625 0.5493084765625
1 0.76272681875 0.5870267265625 0.7179496015625 0.5982742187500001 0.7126954296875 0.602904284375 0.7106263859374999 0.607030496875 0.7114235843750001 0.6141004015625 0.7309756000000001 0.6161579171875 0.746137409375 0.6145996171875 0.7538536546875 0.6132694015625 0.7902101312500001 0.5941854625 0.7873958078125 0.586302278125 0.76272681875 0.5870267265625