1 0.23813272031250002 0.20425374999999998 0.23403859218749998 0.2010529359375 0.1736302515625 0.2189630640625 0.16739662500000002 0.2232973765625 0.16536192656249998 0.22705309843750002 0.16743619062499998 0.24043698593750001 0.1712959984375 0.2404843515625 0.194836465625 0.23396797500000002 0.2251118171875 0.21896468281249998 0.23927959531249998 0.20930874375 0.23813272031250002 0.20425374999999998
1 0.2621132203125 0.26541711874999996 0.2529748484375 0.265431003125 0.20457995156250003 0.27479296249999996 0.197152 0.278104434375 0.192853225 0.2846048796875 0.19451619375 0.29193461875 0.2203978640625 0.291496075 0.2408813359375 0.28847083281249997 0.2607340296875 0.2826653421875 0.2658306703125 0.27756094062500003 0.2621132203125 0.26541711874999996
1 0.25439654843750004 0.2420081734375 0.24212405625 0.23669063437500001 0.22515138124999998 0.23610429375000003 0.19949908593750001 0.2375538359375 0.1875904390625 0.2423226 0.1854558859375 0.252000175 0.18670755781249998 0.2532757671875 0.1952250390625 0.2547665359375 0.22853960624999997 0.2531589734375 0.2453877 0.2489549125 0.2522471609375 0.245258396875 0.25439654843750004 0.2420081734375
1 0.24806213437500002 0.3010352234375 0.22173160468750003 0.3037366703125 0.1980764484375 0.309747546875 0.19133167499999998 0.3139495625 0.1935581890625 0.31952189531249997 0.2028260859375 0.32644086250000004 0.2285357234375 0.3252440734375 0.2354001296875 0.32369000625 0.25512824218749997 0.3130941140625 0.2565944515625 0.3089533484375 0.24806213437500002 0.3010352234375
1 0.26886894843750003 0.339727553125 0.2624385640625 0.3325913609375 0.256362134375 0.33125656718749996 0.2405313890625 0.333582765625 0.20660582343749997 0.34097988749999997 0.1987814140625 0.3446645625 0.1994843734375 0.3541249140625 0.20352115781250002 0.357072978125 0.22633594218750003 0.355840665625 0.2428449203125 0.3522625578125 0.2662084125 0.34284548125000003 0.26886894843750003 0.339727553125
1 0.24721293281249998 0.37575643125 0.2523669171875 0.3709047796875 0.2519605671875 0.3669930828125 0.24968659999999998 0.365452903125 0.24077265625000002 0.364335334375 0.19737455312500002 0.37451474687499997 0.18852784375 0.37793483125 0.18616391875 0.3866014109375 0.1921978421875 0.394110809375 0.212451940625 0.3900745671875 0.233040209375 0.38326991875 0.24721293281249998 0.37575643125
1 0.2574803984375 0.39768440156249996 0.2423802859375 0.396868990625 0.204589965625 0.40207629999999994 0.1899011515625 0.4073150390625 0.1944738109375 0.4211076546875 0.1987350234375 0.42292426718750004 0.21008507031249998 0.4220553609375 0.23078802812500002 0.41575621093750004 0.25528355937499997 0.404966775 0.25805878125000004 0.402354346875 0.2574803984375 0.39768440156249996
1 0.2101147453125 0.4349100671875 0.1983257296875 0.44232678593749997 0.201636828125 0.4505589078125 0.2061274171875 0.45338651875 0.2146448984375 0.454877290625 0.25789075625 0.452509434375 0.2769781984375 0.43484839218750004 0.27042818125 0.42506424843749996 0.26015282812499996 0.42430804218749996 0.2101147453125 0.4349100671875
1 0.2791295875 0.45705483750000003 0.261870196875 0.45520474687499995 0.22199772499999998 0.46819993125000003 0.20964021875 0.47523160156250005 0.21323803749999998 0.484727471875 0.2333873390625 0.48447063437500004 0.27008318125 0.4723186328125 0.2814707890625 0.46313267031249994 0.2814608984375 0.45884776718750003 0.2791295875 0.45705483750000003
1 0.23507503437500002 0.50251263125 0.22725062343750002 0.50619730625 0.2196031890625 0.5127826828125001 0.2355733484375 0.5216742390625 0.24465932031249998 0.5235500546875 0.2562960875 0.523944896875 0.2796022359375 0.514275071875 0.2755258875 0.494187396875 0.263779378125 0.4954295078125 0.23507503437500002 0.50251263125
1 0.247187390625 0.536813490625 0.22529010624999998 0.5420897984375 0.2137828625 0.5486278109375 0.21288514687500001 0.5531536234375001 0.23044114843750002 0.5605523640625 0.27226330625 0.55615066875 0.280397159375 0.5389853312499999 0.271420928125 0.5354725640625 0.263075478125 0.534740040625 0.247187390625 0.536813490625
1 0.29078425937499996 0.56356125 0.2305904546875 0.576055021875 0.217544825 0.5800536968750001 0.2159589828125 0.5815465140625 0.21507115625 0.590357228125 0.22092810312500002 0.594965925 0.286243275 0.5880800093749999 0.292653878125 0.5866463984375 0.306759365625 0.5745952609375 0.30584186406249997 0.5705512640625 0.29078425937499996 0.56356125
1 0.31081593125 0.5861131281249999 0.3040039234375 0.5857774921875001 0.2725293015625 0.59761549375 0.23862351875 0.6135824234375 0.2353519859375 0.6224899078125 0.239106996875 0.626316678125 0.26651716406250003 0.6241325703125 0.2777475796875 0.6206157109375 0.30721517187499997 0.5999314703125 0.311571290625 0.5936837765625 0.31081593125 0.5861131281249999
1 0.240966721875 0.6451169218749999 0.237852384375 0.648355303125 0.24899778593750002 0.6571876546875 0.2532016546875 0.6587515171875 0.2910868796875 0.645479903125 0.31722064687499996 0.6313079484374999 0.31283485624999996 0.6247009359375 0.295236346875 0.6234767984375 0.240966721875 0.6451169218749999
1 0.2370288515625 0.685017884375 0.2408412046875 0.689097403125 0.2516375984375 0.6942708046875 0.31804524375 0.6688729171875 0.31894296093749996 0.6643471046875 0.3012772171875 0.6585853171875 0.24635703125 0.6688753875 0.2389439171875 0.6786142140625 0.2370288515625 0.685017884375
1 0.332718284375 0.7059777046875 0.336057053125 0.7016078703125 0.3343940875 0.6942781328125001 0.2801521328125 0.7033162953125001 0.2557614 0.7103263281250001 0.24266831562500002 0.71835715625 0.2413741390625 0.723256171875 0.243084559375 0.7265537578125 0.2467199375 0.7277325734375 0.2640890703125 0.7279457109374999 0.2819070640625 0.72589594375 0.312932828125 0.716320846875 0.332718284375 0.7059777046875
1 0.34456370468749997 0.747584621875 0.3378367109375 0.7348997765624999 0.329715690625 0.7330358 0.3030934984375 0.7323310484375 0.28629285625 0.7325029562500001 0.282719765625 0.7337193421875 0.27139939062499996 0.7474429578125 0.268858490625 0.753208834375 0.2705639640625 0.75436396875 0.305479209375 0.75769094375 0.3315230171875 0.7537257484375 0.34065644375000004 0.7515694109375 0.34456370468749997 0.747584621875
1 0.359310928125 0.8168261812500001 0.3683771171875 0.810132190625 0.37007270000000003 0.8070024234375 0.369040515625 0.8024529296875 0.3402017 0.8004607484375 0.3121755890625 0.8062919656249999 0.28869246249999997 0.8130610890625001 0.28463295624999996 0.8248574359375 0.2869741546875 0.8309352671875001 0.2995758734375 0.83134195 0.315745734375 0.828389796875 0.3350922265625 0.8245944625 0.359310928125 0.8168261812500001
1 0.3618152078125 0.7706064765625 0.36129416875000003 0.7661892781249999 0.358676140625 0.7631325999999999 0.354701646875 0.7625797359375001 0.2946076921875 0.7691516546875 0.2919471578125 0.77226958125 0.2948815765625 0.789444715625 0.30879725625 0.7935221875 0.33851895 0.784561203125 0.3523001578125 0.779563371875 0.3618152078125 0.7706064765625
1 0.3597944046875 0.829560434375 0.3480429515625 0.8286600937499999 0.30951705625 0.8348665593750001 0.2938682328125 0.8422359109374999 0.291943275 0.8443546796874999 0.29155670625 0.8490127859375001 0.29788229374999997 0.859928384375 0.34881809218750004 0.8448005468750001 0.3628810734375 0.8389240125 0.366386928125 0.8331699765625 0.3597944046875 0.829560434375
1 0.4239351578125 0.95321991875 0.40389065156250004 0.9496973546874999 0.37194738906249997 0.9552284562500001 0.358844415625 0.9589743796875 0.3525534453125 0.96305594375 0.3517328546875 0.9764043093750001 0.36445420781250004 0.9794589421875 0.4107995671875 0.9674253500000001 0.4271889125 0.9611992921875 0.42866006562500003 0.959200978125 0.4239351578125 0.95321991875
1 0.3282111046875 0.9172629390625 0.3090514828125 0.9282438781250001 0.31134028593749996 0.936211409375 0.316227334375 0.9386658140625 0.36355742812499997 0.9352138703125 0.3731446578125 0.9329370796875001 0.3931545453125 0.9214624859375 0.3921174125 0.914770540625 0.37387328750000004 0.904338803125 0.3282111046875 0.9172629390625
1 0.44607465 0.9299252953125 0.4472788671875 0.9352330375 0.4538239375 0.9428747312500001 0.4673955546875 0.94543570625 0.485949125 0.94238678125 0.540921709375 0.9302070078125 0.53959785625 0.9222513156250001 0.532489240625 0.916367028125 0.49659420781249997 0.9066008546875001 0.44607465 0.9299252953125
1 0.43755516562499996 0.9029778578125001 0.44476857968749994 0.905082740625 0.48028492968750003 0.8983352531250001 0.5164745703125 0.8881934078124999 0.5214614703125 0.8847259609375 0.5209977734375 0.8805615109374999 0.4624026453125 0.8725331531249999 0.4478957515625 0.882815046875 0.43755516562499996 0.9029778578125001
1 0.46782650937500003 0.8370612281250001 0.43171399531250004 0.8560256296875 0.42872918125000004 0.8661968640625 0.4297040234375 0.8704936078125 0.4332247140625 0.871166925 0.4535411015625 0.869525884375 0.477931834375 0.86251585 0.491989871875 0.8544968640624999 0.49384264843750003 0.8456979921875 0.46782650937500003 0.8370612281250001
1 0.4248653671875 0.8152361671874999 0.4288398625 0.8157890296874999 0.47596330781249996 0.796581675 0.47986562031249996 0.790454434375 0.45866434843750004 0.777591975 0.40815762656250004 0.7818870984374999 0.396894596875 0.7958634640625 0.4248653671875 0.8152361671874999
1 0.42263284375000004 0.7332938312499999 0.42089475312499997 0.7425982046875 0.4277413796875 0.7579310015625 0.4840031953125 0.7387097609375 0.48755650156249997 0.7289235703125 0.4816471578125 0.726204575 0.4643353671875 0.7262441875000001 0.43119777812500004 0.73075245 0.42263284375000004 0.7332938312499999
1 0.470766690625 0.6846094984375 0.4726916484375 0.682490728125 0.46904143437499995 0.6748845578125 0.461264475 0.6745370796875 0.4344326890625 0.681391134375 0.3979761140625 0.6988390390625 0.3942932828125 0.7016923765625 0.39533535937500003 0.710526771875 0.4013643390625 0.7158937187500001 0.4219526078125 0.709089071875 0.449567421875 0.69720370625 0.470766690625 0.6846094984375
1 0.4505580421875 0.65915691875 0.4343110546875 0.65328651875 0.42687320937499995 0.6523130859374999 0.3648641921875 0.665288675 0.3597052609375 0.6679978765625 0.35428434062499997 0.6801555859375 0.3607097765625 0.685149328125 0.37455821875 0.6846891484375 0.407523778125 0.6794226375 0.450916940625 0.6671007734375001 0.452779609375 0.662586803125 0.4505580421875 0.65915691875
1 0.37134296718750004 0.619621834375 0.36023713125 0.62792909375 0.359057640625 0.6333336093749999 0.3614561859375 0.6396641921875 0.377645828125 0.6452818421875001 0.4171890734375 0.6371975171875001 0.43766265468750004 0.6298873703125001 0.44779365000000004 0.61728336875 0.421046878125 0.6117882140625001 0.37134296718750004 0.619621834375
1 0.4126173515625 0.5746340187500001 0.3626267234375 0.5812038890625 0.35031666875 0.5842034078125 0.34488585625 0.5920762140625 0.34665856562499997 0.5977690015625 0.358586996875 0.6015700421875 0.4034236421875 0.599851821875 0.4330879921875 0.5906380875 0.44045860000000003 0.5870738656250001 0.4414186046875 0.5849432546875 0.4126173515625 0.5746340187500001
1 0.4261770734375 0.5474534234374999 0.42481071875 0.5456723359375 0.4186769453125 0.544084790625 0.3973956046875 0.545713990625 0.362223315625 0.553977975 0.34895325312500003 0.5591081015625 0.3515287734375 0.5683393859375 0.3675938390625 0.5691666359374999 0.392390925 0.5660683015625 0.415706965625 0.5606833796874999 0.42380325937499996 0.5518350984375 0.4261770734375 0.5474534234374999
1 0.410157459375 0.5171373515625 0.40294404687499996 0.5150324671875001 0.382345884375 0.5175522124999999 0.374459184375 0.5188416874999999 0.36249319375 0.5233577015625 0.32360545625000003 0.54493453125 0.338438634375 0.5530559984375001 0.356533453125 0.5479850749999999 0.3984455703125 0.5333766234375 0.409489115625 0.5226741625 0.410157459375 0.5171373515625
1 0.387684734375 0.49442949843750006 0.3683807515625 0.492050225 0.36197015 0.4934838359375 0.321491628125 0.5144110296875 0.32224204218749997 0.519839225 0.327196325 0.5268312859375001 0.35760614375 0.520903296875 0.37354663125 0.5169401437500001 0.38494413125000004 0.512039084375 0.39262912656250004 0.497136653125 0.387684734375 0.49442949843750006
1 0.4015786265625 0.464480496875 0.399815809375 0.4630726125 0.3825613625 0.463364975 0.329508790625 0.47128352656250005 0.322153021875 0.48127510156250003 0.324112596875 0.49415349218750004 0.3262718765625 0.495188171875 0.3353578484375 0.4970639890625 0.383570825 0.4826588765625 0.4013067453125 0.469644103125 0.4015786265625 0.464480496875
1 0.37699407812499997 0.4367058078125 0.373588075 0.4365379890625 0.3241758265625 0.4477778109375 0.308699034375 0.455905409375 0.30775386562499996 0.46446337499999996 0.31162356406249997 0.46879564062499995 0.3375526859375 0.46432494531249996 0.35905350937499997 0.459421840625 0.3638159796875 0.4570858453125 0.3771858921875 0.44603386250000004 0.37699407812499997 0.4367058078125
1 0.3576782 0.4045849671875 0.32709635000000004 0.4097547078125 0.3120110734375 0.415366653125 0.302835140625 0.42369759218749997 0.3030170625 0.42874074531249995 0.32822049999999997 0.42955411093749996 0.366469565625 0.4263688 0.3702146875 0.4259106640625 0.38777363125000003 0.40999518906250004 0.377483440625 0.40281163124999997 0.3576782 0.4045849671875
1 0.380184478125 0.36806243125 0.3709689828125 0.35925376249999996 0.3597860203125 0.3587384671875 0.3561555890625 0.35970210156250004 0.3045514453125 0.3803667484375 0.30598503906249996 0.3866854890625 0.3209378484375 0.39745490625 0.36869701875 0.38317025 0.37640674375 0.3789800765625 0.3804237453125 0.37335833281249997 0.380184478125 0.36806243125
1 0.34207082187500004 0.3315521640625 0.31649070625000003 0.3396818078125 0.3141168890625 0.3440634828125 0.3138548984375 0.35351199218749996 0.3295907390625 0.3592501015625 0.3898893390625 0.342976925 0.390218565625 0.3380660671875 0.37776415 0.327705378125 0.37180240625 0.32687608125 0.34207082187500004 0.3315521640625
1 0.31744376406249997 0.3099520796875 0.30253051875 0.3163222734375 0.306257859375 0.3327509984375 0.3561338015625 0.32567562968749997 0.3793252640625 0.3155003046875 0.3803376671875 0.3114799921875 0.3755306859375 0.294533925 0.3413233484375 0.3028097515625 0.31744376406249997 0.3099520796875
1 0.37828118125 0.281209240625 0.3737708125 0.26981182656249997 0.3475599171875 0.275161225 0.3136392953125 0.28470080000000003 0.30457310625 0.2913947875 0.3034984140625 0.2930198984375 0.30765977499999997 0.3007583671875 0.316129803125 0.306281290625 0.333775765625 0.30347327343749997 0.35022739999999997 0.299642415625 0.377847159375 0.2898995015625 0.37828118125 0.281209240625
1 0.36883430625 0.2459329046875 0.366779825 0.241118821875 0.356719009375 0.2349462625 0.32024265 0.24382435781249998 0.30458888281249996 0.2490512578125 0.3021053234375 0.25506988750000004 0.3075331953125 0.270511296875 0.3098071609375 0.2720514765625 0.3614211921875 0.25567173125 0.36583960000000004 0.2518192375 0.36883430625 0.2459329046875
1 0.33531603125 0.20847084374999997 0.3266265203125 0.206221825 0.2996128125 0.208032728125 0.287130728125 0.21027399687499998 0.2790196 0.212694925 0.272217484375 0.216644190625 0.27560570625 0.23369887031249997 0.29343853593749997 0.23807645625 0.3367595171875 0.2190744875 0.34145970000000003 0.21434329062500002 0.33531603125 0.20847084374999997
1 0.287500459375 0.17373186875 0.2835309078125 0.1753214546875 0.27300840000000004 0.190441115625 0.2785410671875 0.202103121875 0.290813559375 0.207420659375 0.2990967203125 0.20575798125000003 0.3430188078125 0.17668155000000002 0.3419243328125 0.16973685624999998 0.3255152046875 0.1673931078125 0.287500459375 0.17373186875
1 0.39353542343750003 0.1766713265625 0.43069001562500003 0.16654132187499998 0.438566825 0.1609669453125 0.4573952171875 0.129440196875 0.45045368750000003 0.12217170937499999 0.39285024062499996 0.1503241171875 0.3906682375 0.1640338453125 0.39353542343750003 0.1766713265625
1 0.47459632812499997 0.17980842187499999 0.4711280359375 0.1772454015625 0.45812490937500006 0.175069471875 0.4251642984375 0.182478434375 0.3919842015625 0.1931613015625 0.381556596875 0.2002166546875 0.38391263593749997 0.21272184218749998 0.3892534875 0.2150557953125 0.3975939953125 0.213645865625 0.4430890890625 0.20210593124999998 0.474267103125 0.184719278125 0.47459632812499997 0.17980842187499999
1 0.46734241093750006 0.2093348078125 0.42138856406249997 0.21885274531249999 0.411300078125 0.22528214531250002 0.40917541875 0.2392446234375 0.41866774375000004 0.24503213906250002 0.4405848078125 0.248325634375 0.48690049531249996 0.2234373359375 0.4877309796875 0.2143738703125 0.4849982625 0.21081169531250002 0.46734241093750006 0.2093348078125
1 0.4876954203125 0.2481475953125 0.44978547031250005 0.2507069515625 0.4253947359375 0.257716984375 0.41802412968749997 0.26128120625 0.4169217640625 0.2755082765625 0.4243022625 0.2762289578125 0.44212025625000007 0.2741791890625 0.46293790156250003 0.26838553906249996 0.4848252921875 0.2588243296875 0.489463184375 0.25169792968750004 0.4876954203125 0.2481475953125
1 0.4696075484375 0.2808176359375 0.43881116093749994 0.29140373125 0.427246575 0.2976889921875 0.424428846875 0.3064760265625 0.4289767765625 0.3095563859375 0.45497313281249996 0.30962334375 0.49007324375000005 0.2946792546875 0.491716428125 0.29343918750000003 0.48988143125 0.28535119999999997 0.4696075484375 0.2808176359375
1 0.5061551484375 0.32739052343749997 0.5062026000000001 0.323358371875 0.48252271718750006 0.3186569921875 0.47089089531250006 0.3204046 0.4336315078125 0.334314009375 0.43035008281250003 0.33893659375 0.43542894531250004 0.350719053125 0.43753087968750004 0.351500984375 0.4795151765625 0.34357263437499996 0.48774099375 0.34165720781250003 0.50264929375 0.3331445625 0.5061551484375 0.32739052343749997
1 0.42380901875 0.382208234375 0.427573921875 0.390319903125 0.4306981515625 0.391366425 0.482426871875 0.37549218125 0.4993224203125 0.36725596718750003 0.46565390000000006 0.36306212968749996 0.4379718515625 0.3704098421875 0.42980832187500007 0.374720471875 0.42380901875 0.382208234375
1 0.5128436421875 0.397163309375 0.47958641875 0.39902362343750003 0.4506477515625 0.402953296875 0.4346548671875 0.40880615000000003 0.4311490125 0.41456018749999995 0.438788559375 0.42914657656250005 0.4720932359375 0.423254109375 0.4798652484375 0.42145913593750006 0.5088365296874999 0.407069953125 0.513474421875 0.39994355625 0.5128436421875 0.397163309375
1 0.44330387499999996 0.4426864421875 0.4402468796875 0.44617757343750003 0.440663121875 0.4543741734375 0.44481459375 0.45782773906249996 0.47386300312499996 0.4522611125 0.5063075218749999 0.4425774015625 0.512875315625 0.4354746859375 0.48312889375 0.43372341406250003 0.4578206609375 0.4366894515625 0.44330387499999996 0.4426864421875
1 0.49057568749999997 0.4877526296875 0.49215658281249997 0.4841173625 0.493904565625 0.47909789218750004 0.4919647703125 0.4747893078125 0.48776089999999994 0.4732254453125 0.46471674375000005 0.47344676249999995 0.4542792484375 0.47621721250000004 0.43511962656250003 0.4871981484375 0.4339549734375 0.4990300171875 0.447072784375 0.5017114453125 0.48564613124999995 0.49147282812500004 0.49057568749999997 0.4877526296875
1 0.4586393734375 0.5208828515625 0.45791368749999994 0.5261669109375 0.479688396875 0.5415568671875 0.48553050625000005 0.5397382109375 0.5268494031250001 0.5140324578125 0.527637378125 0.5111435984375 0.50699470625 0.49438128125 0.5020028625 0.495706278125 0.4586393734375 0.5208828515625
1 0.5453970859374999 0.5576119625 0.55200244375 0.5421921921874999 0.551079996875 0.5360057453125 0.5465370125 0.5350678375 0.49467382187500003 0.541866778125 0.4672310390625 0.5545103921875 0.46400201093750004 0.557243275 0.46100730624999997 0.56312960625 0.47135483906250003 0.570565915625 0.4973561421875 0.5727753234375 0.5419960296874999 0.559586596875 0.5453970859374999 0.5576119625
1 0.57800186875 0.641943365625 0.5948202890625 0.6248845968750001 0.59247414375 0.6166643140625 0.5695248890625 0.608821321875 0.5129091203125 0.6222411625000001 0.5198709390625 0.6344471609375 0.5175977515625 0.6430456203125 0.523963946875 0.6375934484375 0.5180086125 0.6485801828125 0.5101078703125 0.636097975 0.5205358328125 0.6558568625000001 0.5695565671875 0.647132696875 0.57800186875 0.641943365625
1 0.5704167234375 0.6509239421874999 0.5094596703125001 0.6770188296875 0.5090157578125 0.6814241890625 0.51579515 0.69221933125 0.5725453875000001 0.6878747984375 0.5821326171875 0.6855980078125 0.610620421875 0.658474571875 0.581083590625 0.6491644921875 0.5785851953125001 0.6487557640625 0.5704167234375 0.6509239421874999
1 0.6059658156250001 0.75671538125 0.6028316921875 0.7513839578125 0.599592775 0.7498319359375001 0.5776855984375 0.7508233421875 0.534100625 0.753817153125 0.5259321515625001 0.75598533125 0.5314846 0.7762171421875 0.54380454375 0.777502528125 0.5599170625000001 0.7742976234375 0.5799417859375 0.7692503828125 0.6032479359375 0.759580559375 0.6059658156250001 0.75671538125
1 0.5301122312500001 0.6980660515625 0.52711258125 0.7018099328125 0.5419230328125 0.724675809375 0.5485106125 0.7261428984375 0.5650769343750001 0.722817540625 0.60194480625 0.7114237890624999 0.6087993203125001 0.7055848203124999 0.6106619906249999 0.70107085 0.6037778015625 0.694055109375 0.5301122312500001 0.6980660515625
1 0.5959841265625 0.7848220453125 0.5269861234375 0.7945612953125 0.5133917828125 0.8067447328125 0.5174384578125 0.8139776984375 0.5269258375 0.8176227624999999 0.544237628125 0.8175831499999999 0.57317629375 0.8136534765625001 0.585486346875 0.810653959375 0.6268250265625 0.7935180125 0.61959183125 0.7828433218749999 0.5959841265625 0.7848220453125
1 0.6240290828124999 0.836331515625 0.6221940828125 0.828243528125 0.6172971453125 0.82150421875 0.613322646875 0.8209513562499999 0.554929225 0.8265359562500001 0.5432123875 0.8406327765625001 0.5455585375 0.8488530593749999 0.552781840625 0.855242846875 0.58109466875 0.8506753765624999 0.6067944171875 0.8451936828125 0.622500584375 0.83807708125 0.6240290828124999 0.836331515625
1 0.6539821531250001 0.8538381984375001 0.6523765296875 0.8467612062500001 0.6343617781249999 0.8373404687500001 0.630501971875 0.83729310625 0.5818401375 0.8539611234375 0.5672136109375 0.861595065625 0.567759378125 0.8767245203125 0.5753119078125 0.87820345 0.5916538 0.8760095453125001 0.623988578125 0.8679627890624999 0.647184984375 0.859929915625 0.6539821531250001 0.8538381984375001
1 0.6419628265624999 0.909014796875 0.6533603265625 0.9041137375 0.6584569671875 0.8990093359375001 0.6590630203125001 0.891077325 0.656669421875 0.8868891953125001 0.621739340625 0.877134865625 0.6149945671875 0.88133688125 0.5931368484374999 0.9037528015625 0.595487940625 0.9141155375000001 0.601626659375 0.91784553125 0.6091169015625 0.9169292609375 0.6239253484375 0.9143384703124999 0.6419628265624999 0.909014796875
1 0.70579495 0.8743856265625001 0.69173196875 0.8802621625 0.680287015625 0.8891953734375001 0.68092274375 0.8941180718749999 0.70323626875 0.8970383656250001 0.73893454375 0.89533403125 0.7471603609375 0.893418603125 0.8016741953125001 0.8792168328125 0.8159092078124999 0.8740985468750001 0.7709806 0.86056685625 0.70579495 0.8743856265625001
1 0.6983976125 0.8417809234375 0.6993823453125 0.8503625703125 0.7079295 0.86470805 0.7553970078125001 0.84701719375 0.7779003437500001 0.8338088750000001 0.7740780984375 0.8254444546874999 0.7279225484375 0.821349434375 0.7200931921875 0.822891659375 0.6983976125 0.8417809234375
1 0.7497456484375 0.7839363546875 0.6892601796875 0.7930239265625 0.684383021875 0.7948544234375 0.6817274328125 0.800114803125 0.683592103125 0.8210574984375001 0.6903517140625001 0.8232828359375001 0.7232648734375 0.8199060265625 0.74045703125 0.8172184640625 0.7760811203125 0.7833773578125001 0.774886796875 0.7823545171874999 0.7497456484375 0.7839363546875
1 0.6613141359375 0.784363484375 0.6557814703125 0.7727014750000001 0.6529963578125 0.7710290015625 0.649777221875 0.7780467859375 0.6504801828125 0.7875071359375 0.6574642203125001 0.788601021875 0.6613141359375 0.784363484375
1 0.660830659375 0.771629228125 0.664046853125 0.787925659375 0.699520696875 0.7873527765625 0.7206824046875 0.783075625 0.73576768125 0.77746368125 0.7649109921874999 0.76383275 0.763023596875 0.7576344625 0.6817530984375 0.7620561765625 0.660830659375 0.771629228125
1 0.7005419296875 0.7133898171874999 0.653899959375 0.7198747578125 0.6500500421875001 0.7241122984375 0.6536725875 0.7443204265625 0.6561185828125 0.74661885625 0.6672491468749999 0.7490238515625001 0.6901163296874999 0.7459018375 0.7377608125 0.7311116828124999 0.7448397578125 0.724141259375 0.7553049203125 0.70876885 0.7005419296875 0.7133898171874999
1 0.7531090203125 0.6672803453125 0.738557615625 0.658280175 0.68926005625 0.67002549375 0.6846370015625001 0.683579246875 0.6866440296875 0.6924254828125 0.69510416875 0.693663503125 0.7186545296875 0.6914320328125 0.74060915625 0.6864084734375 0.7562579781250001 0.6790391234375 0.7561808515624999 0.6702165671875 0.7531090203125 0.6672803453125
1 0.6523605046875 0.6431078718750001 0.6551031125 0.65095495 0.659254584375 0.6544085125 0.6972990046875001 0.6609244609375 0.7435949109375 0.6274663546875 0.7399545859375001 0.6241450875 0.7082159703124999 0.6199749328124999 0.6873884343750001 0.6214836796875 0.6523605046875 0.6431078718750001
1 0.6710465421875 0.6236775828125001 0.6915873593749999 0.6209050890625 0.7031568921875 0.6167622765624999 0.721618496875 0.5984634421874999 0.7221770984375 0.5945635859375 0.7186989140625 0.5877156625 0.683329865625 0.584509140625 0.6748746734375 0.5854135703125001 0.6707904375 0.5864976578125 0.6561115125 0.596021303125 0.6456414015624999 0.6092512609375 0.6449681140625 0.6126456203124999 0.6515131843749999 0.6202873140625 0.6623619749999999 0.6235710140624999 0.6710465421875 0.6236775828125001
1 0.6591842828125001 0.55018664375 0.64693651875 0.5555813625 0.606019028125 0.5830563625 0.6116090375 0.5949711203125 0.6213682984375 0.5934525765625 0.6740145171874999 0.5816223265625 0.691024753125 0.5738916109375001 0.704628984375 0.5659930796875 0.7100924109375 0.547660765625 0.6591842828125001 0.55018664375
1 0.667617690625 0.5152557421874999 0.6330465078125 0.5134452640625 0.6289622703125 0.514529353125 0.6002826531250001 0.5323247328125 0.5943980359375 0.54031799375 0.598449659375 0.5496934125 0.6189529140625 0.5552379734375 0.6494724749999999 0.547673034375 0.66793408125 0.5293741984375 0.67110081875 0.5242461140625 0.667617690625 0.5152557421874999
1 0.6002835937500001 0.4835538515625 0.5857915375 0.5002630984375 0.58864883125 0.5086156749999999 0.5937652531250001 0.5120810812500001 0.611707825 0.5148217140625 0.6205070796875 0.51543378125 0.6283314890625 0.5117491078125 0.6611803578125001 0.480520428125 0.6166679921875 0.4751853421875 0.6002835937500001 0.4835538515625
1 0.6231932812500001 0.4742572296875 0.6517206484375 0.46427340624999996 0.6538126937500001 0.4607704328125 0.6495989328125 0.45492166875000006 0.6231388796874999 0.4506902640625 0.6101456468750001 0.4527992375 0.56324663125 0.47087513750000004 0.56042395625 0.47751971875 0.5646377171875 0.48336848281250006 0.569295390625 0.48481189062499996 0.5792840265625 0.484304346875 0.604190853125 0.4795690625 0.6231932812500001 0.4742572296875
1 0.6652111328125 0.407098490625 0.6604437171875001 0.40729203593749996 0.5981529234375 0.421146328125 0.5767816234375001 0.4329822859375 0.5736672859375 0.43622066718749997 0.579419434375 0.44460876875000005 0.5872537375 0.44520899687500004 0.600705721875 0.4451220203125 0.642470534375 0.4404675765625 0.646158309375 0.43975669218749996 0.6675473875 0.41103387031249994 0.6652111328125 0.407098490625
1 0.6203724859374999 0.38336004375 0.5699626703125 0.40504752968749996 0.56589326875 0.4125589734375 0.5686932203125 0.4206588015625 0.5742061046875 0.42375100468750004 0.5908297703125001 0.42067839687499997 0.62622154375 0.4091405078125 0.6282265703125 0.39253007812499996 0.624858128125 0.384045203125 0.6203724859374999 0.38336004375
1 0.5866396734375 0.35131433749999996 0.5621589796875 0.3685311296875 0.55961313125 0.37215455468749997 0.5610516703124999 0.3806157484375 0.567310021875 0.3869936921875 0.6254493437499999 0.3696858375 0.6336306515625 0.348488346875 0.629760953125 0.3441560796875 0.6068838796875 0.34299319375000004 0.5866396734375 0.35131433749999996
1 0.6236924109374999 0.321649521875 0.5902107578125 0.3246412875 0.558808315625 0.34315939375000004 0.554676628125 0.3482756359375 0.558321896875 0.3537393546875 0.5675225562499999 0.3561206703125 0.6043330859375 0.3444741671875 0.6254176671875 0.3313744625 0.6299982140625 0.3239953140625 0.6236924109374999 0.321649521875
1 0.611916228125 0.310036925 0.6306596078125 0.290859384375 0.630081225 0.2861894390625 0.59909796875 0.28958993125 0.5870172921875 0.29360044687500003 0.5760211953125001 0.300270753125 0.5692813703125 0.3066152203125 0.566119578125 0.31388575625000004 0.566530875 0.3199399046875 0.5699991671875 0.3225029234375 0.5744274671875 0.32293533281250003 0.6005760718750001 0.3151907328125 0.611916228125 0.310036925
1 0.5955199359375001 0.2886638625 0.608049471875 0.282390440625 0.613652315625 0.275275884375 0.6125103890625 0.27236334218749997 0.592241453125 0.26997223125 0.5838436031249999 0.27112940937499996 0.5577473953125 0.2769843078125 0.547424590625 0.2802602578125 0.538410796875 0.2850645453125 0.5378620875 0.29324930625 0.5396871953125 0.297052390625 0.5579065953125 0.29677186875 0.5788438703125001 0.29362617343749997 0.5955199359375001 0.2886638625
1 0.6042954 0.229792790625 0.6030714015624999 0.2159152421875 0.5990395609375 0.21510963125 0.570330271875 0.2200503015625 0.5547338468749999 0.2255299515625 0.5363671453125 0.23576448125 0.5316669640625 0.2404956765625 0.5415557484375 0.2459099890625 0.55297303125 0.249578734375 0.5573439875 0.24975839375 0.5715216562500001 0.24438735625 0.6042954 0.229792790625
1 0.5389406625000001 0.2195390953125 0.5443863125 0.21809364375 0.5825285796874999 0.1932310703125 0.57328835625 0.17371014375 0.53710860625 0.188136890625 0.525830740625 0.195685903125 0.521728725 0.213656853125 0.5389406625000001 0.2195390953125
1 0.54556874375 0.1893749140625 0.54694499375 0.1954409046875 0.5579658171874999 0.199482853125 0.5821321187499999 0.1936042734375 0.5961901562499999 0.1855852875 0.5947615078124999 0.1814089984375 0.57328835625 0.17371014375 0.5538420140625 0.1834273328125 0.54556874375 0.1893749140625
1 0.522894315625 0.1530541 0.5280977578125 0.1696269625 0.5498902453125 0.16813005781249998 0.575360615625 0.161637365625 0.598482840625 0.12146772187499999 0.5946180890625 0.1192779078125 0.563086121875 0.13086315937499998 0.5404058078125 0.141170778125 0.522894315625 0.1530541
1 0.5070417875000001 0.121353828125 0.50355865625 0.112363453125 0.498691390625 0.11847885312499999 0.5020024890625 0.1267109796875 0.5063783890625 0.1290330890625 0.5081936078125 0.12855127187499998 0.5070417875000001 0.121353828125
1 0.5489242296875 0.0938906671875 0.5214191578125 0.10413908125 0.515863765625 0.1072214859375 0.514903759375 0.109352096875 0.515282440625 0.1258657546875 0.5574911671875 0.1168059515625 0.5918033 0.1047507234375 0.5953714437500001 0.1013918890625 0.5921651406249999 0.089380359375 0.5489242296875 0.0938906671875
1 0.6970640640625 0.042778846875 0.670247115625 0.056060256249999996 0.658921796875 0.0676414203125 0.6747822125 0.0781699296875 0.69056550625 0.07987588125 0.7360210375 0.0511963375 0.737023553125 0.0428911234375 0.7318824 0.0287134609375 0.7281372796875 0.029171596875 0.6970640640625 0.042778846875
1 0.741240378125 0.1484241046875 0.7468481671875 0.1434519984375 0.7539795093749999 0.1345918765625 0.7460779718749999 0.1294539953125 0.7300702515624999 0.1288794953125 0.6955089578125 0.13135392031249998 0.6765164234375 0.1409506546875 0.6670112640625 0.1541924515625 0.6696589656249999 0.17010383906249998 0.671192409375 0.170500725 0.73438091875 0.1521206203125 0.741240378125 0.1484241046875
1 0.7463864765625 0.1647442171875 0.7136552375 0.173164178125 0.678211065625 0.18659177031250002 0.6728000359374999 0.20303438125 0.6823694859375 0.217644453125 0.715993496875 0.20255622812500002 0.74563311875 0.1826302359375 0.749994184375 0.1785249921875 0.751325921875 0.165308921875 0.7463864765625 0.1647442171875
1 0.7140210859375 0.20870715 0.7094830453125 0.2099116921875 0.68296270625 0.228741753125 0.6804890390625 0.239045284375 0.6879466625 0.2485885203125 0.7437596203125 0.2316301859375 0.7630339296875001 0.22115475 0.7685270328125 0.21567714375000002 0.7663054640625 0.2122472640625 0.7140210859375 0.20870715
1 0.7189022484375001 0.2577899890625 0.7080880781250001 0.269503446875 0.7112844890625001 0.2772300734375 0.7162862249999999 0.2801899765625 0.7340567640625 0.28217236093750003 0.7394450703125 0.28047415937500003 0.7802903796875 0.24631905468749998 0.7592809203125 0.24278464843749997 0.7349999296874999 0.24815773124999999 0.7189022484375001 0.2577899890625
1 0.7725974953125 0.28239325000000004 0.7715702546875 0.27998620937499996 0.76526445 0.2776404171875 0.7584524421875 0.27730478125 0.73854240625 0.282857521875 0.7170564203125 0.29418797812499997 0.7010734265624999 0.304325734375 0.6944482875 0.311175703125 0.703950503125 0.3212481203125 0.712630125 0.3192122375 0.7591900234375 0.30176229062500004 0.7725974953125 0.28239325000000004
1 0.7724769218749999 0.3285161828125 0.7182675875 0.327094840625 0.7146371546875 0.3280584734375 0.690829746875 0.34188090625 0.6886378546875 0.3513057328125 0.6934873421875001 0.362077196875 0.6968933453124999 0.3622450140625 0.7348655843749999 0.3620808578125 0.7388924765625 0.36074401875 0.776977403125 0.3356286953125 0.7724769218749999 0.3285161828125
1 0.790131834375 0.378763953125 0.8024122171875 0.362909728125 0.8013226859374999 0.358107484375 0.795179021875 0.35223503749999996 0.79194505 0.35282546875 0.7588371328125 0.3701884390625 0.74704811875 0.37760515625 0.7356031656249999 0.3865383671875 0.7352165953124999 0.391196475 0.7483492453125 0.4003052578125 0.759407628125 0.3960301515625 0.790131834375 0.378763953125
1 0.8098491203125 0.412654040625 0.8150555015625001 0.40591268593749996 0.7960382375 0.4047971640625 0.7755547640625 0.40782240937500003 0.7268830390625001 0.420205521875 0.711860053125 0.4282126671875 0.7088653453125 0.43409899999999996 0.71614599375 0.4407415375 0.734360446875 0.4383185640625 0.748939521875 0.43471677499999994 0.799134796875 0.41844564531249995 0.8098491203125 0.412654040625
1 0.7885322203125 0.4480569640625 0.7519935734375001 0.45453985937499997 0.7198308265625 0.46334486718749995 0.7204289921875 0.47658462031250004 0.729686996875 0.47921868593749994 0.740301465625 0.4793489375 0.8016174171875001 0.46119790156249996 0.8063225453125 0.4586091546875 0.8068139109375 0.4501716453125 0.7885322203125 0.4480569640625
1 0.8561347609375 0.00591573125 0.807477871875 0.0247262015625 0.7990424625 0.0342004375 0.80009443125 0.0473197359375 0.8040115828125 0.047619850000000005 0.8165559578125 0.04777378125 0.8493969359375001 0.037716867187499996 0.856313740625 0.034273101562500005 0.8811810031249999 0.012398203125 0.8561347609375 0.00591573125
1 0.8958639343750001 0.05378789375 0.8998285375 0.05005585312500001 0.8857309375 0.040935229687500005 0.8734683375 0.03990259375 0.855196540625 0.042072815624999996 0.8420935640625 0.045818740625 0.825365103125 0.052670753125000004 0.8234974875000001 0.05504227187500001 0.8199491265625 0.06697091250000001 0.82682836875 0.07184420312499999 0.8321069328125 0.0717829515625 0.8737521109375 0.06448055781249999 0.8958639343750001 0.05378789375
1 0.896586678125 0.0718180484375 0.893332921875 0.06383867343750001 0.8334831812499999 0.0778489421875 0.8300821234375 0.0798235765625 0.8247234921875 0.0943764859375 0.8254165609375 0.099551934375 0.84122458125 0.1119701453125 0.8454235062500001 0.11139155468749999 0.867764703125 0.10170988750000001 0.89026309375 0.08635911874999999 0.896586678125 0.0718180484375
1 0.8666623390625 0.11593695781249999 0.8545243156250001 0.11969472343750001 0.8405760203125 0.126076759375 0.8244259421875 0.13759871875000002 0.8372343109375 0.153760809375 0.8749099421875 0.148048003125 0.90970355 0.123270359375 0.9178996937499999 0.108500225 0.9119379515625001 0.10767092812500001 0.8666623390625 0.11593695781249999
1 0.8840058046875001 0.154208721875 0.8688157328124999 0.16360007031249998 0.8538026375 0.1758921203125 0.85160085 0.18103204374999998 0.871268678125 0.1934976171875 0.9118866156250001 0.1837881796875 0.9332855859375 0.1593502640625 0.9069728375 0.1451648515625 0.8956277359374999 0.148176209375 0.8840058046875001 0.154208721875
1 0.930661671875 0.20292201875 0.927589840625 0.19998579375 0.8849500359375 0.1944216390625 0.8487129437500001 0.20859564062499997 0.8423646328125001 0.2124244515625 0.834717196875 0.2190098265625 0.836108284375 0.23150317187499997 0.8379857890625001 0.23341655625 0.8697916390625 0.2421243640625 0.8742199375 0.24255677343749998 0.9337532890625001 0.214428046875 0.930661671875 0.20292201875
1 0.9504036843750001 0.2475243640625 0.9372038015624999 0.233877928125 0.9274969390625 0.2335067703125 0.9192711203125 0.23542219687500002 0.8551848937500001 0.2583281125 0.8547083640625001 0.27319297656249997 0.8869205687499999 0.285812484375 0.8924235609375 0.28461978125 0.934091465625 0.262572978125 0.9497254515625 0.2487762703125 0.9504036843750001 0.2475243640625
1 0.963289178125 0.2725090109375 0.922870940625 0.27037473749999996 0.915156271875 0.2724224609375 0.8804526218750001 0.2869933453125 0.8787046421875001 0.2920128140625 0.882364746875 0.3039038890625 0.8976517296875001 0.3119049015625 0.9076927609375 0.30950765625 0.9422293249999999 0.29632097343749997 0.9635284437499999 0.2778049109375 0.963289178125 0.2725090109375
1 0.9166215421875 0.31705257656249997 0.8939461718749999 0.3295026484375 0.8904403171874999 0.335256684375 0.8918264593749999 0.345607578125 0.914020353125 0.3458799203125 0.9417122921875001 0.342817109375 0.9563763812499999 0.3268661125 0.9540351812500001 0.320788278125 0.9211595812500001 0.3158480328125 0.9166215421875 0.31705257656249997
1 0.9724958499999999 0.351260328125 0.9699875609375 0.34656669687499997 0.918540615625 0.3615622375 0.890247565625 0.3746995140625 0.88770171875 0.3783229390625 0.8899430687500001 0.3903226265625 0.9240505546875 0.38796865625 0.932787521875 0.386185521875 0.9522961515624999 0.37886353437500003 0.9591506656250001 0.3730245671875 0.9724958499999999 0.351260328125
1 0.9021779999999999 0.403957221875 0.9031627343749999 0.4125388671875 0.909024625 0.41929001718750003 0.9578683828125 0.40766515156249994 0.97608083125 0.3797855140625 0.9756744796874999 0.3758738140625 0.94384590625 0.381910415625 0.9289900031249999 0.388533359375 0.9021779999999999 0.403957221875
1 0.9175866156250001 0.44006285156249997 0.9160680109375001 0.44609332031250004 0.9200523953124999 0.4509310859375 0.9466172437499999 0.4513830890625 0.95762323125 0.4489976828125 0.9775856640624999 0.44155524062499996 0.9972931375 0.43034941875 0.99731785 0.42610169999999997 0.996620709375 0.425783903125 0.9500835343749999 0.42848943906250003 0.9213791890625 0.4355725625 0.9175866156250001 0.44006285156249997
1 0.9398418609375 0.491501278125 0.9470552734375 0.4936061609375 0.9718424656250001 0.48622292343750007 0.9970442796875 0.4731243390625 0.9971369453125 0.45719643125 0.9965228625 0.4571624234375 0.9543190812500001 0.46836467812500004 0.934299303125 0.47555436875 0.9398418609375 0.491501278125
1 0.918277809375 0.5427800640625 0.9214692734375 0.5483642375 0.92698215625 0.5514564375 0.9451916640625001 0.5468910140625 0.9827377703125 0.5342453546875 0.996735971875 0.5261180875 0.996822375 0.5112666906250001 0.9936369578124999 0.5101826875000001 0.9222799734375 0.53073096875 0.91787145625 0.538868365625 0.918277809375 0.5427800640625
1 0.956343075 0.6320933671875 0.9625292468750001 0.631791209375 0.9961812328124999 0.621469484375 0.9963346703125 0.5950959015625 0.9843572921874999 0.5965205828125 0.9499502546875 0.6166401171875 0.947356953125 0.624295696875 0.956343075 0.6320933671875
1 0.9290485328125 0.58601209375 0.9328134359375 0.5941237625 0.9441160312499999 0.597287009375 0.984389909375 0.586061075 0.9964170859375001 0.5809298765625 0.996522175 0.5628666140624999 0.9717337875000001 0.5620874265625 0.94553773125 0.5738641796875 0.9301182812500001 0.5822445296875001 0.9290485328125 0.58601209375
1 0.9418876390625 0.6892564421875 0.959037290625 0.692743484375 0.9958233796875 0.6829792625 0.9959305359374999 0.6645607359375 0.9830394515625 0.6649348890625 0.9508767031250001 0.673739896875 0.9409750875 0.6873548984375 0.9418876390625 0.6892564421875
1 0.9552992421875001 0.843799171875 0.9539803375 0.8379859296875001 0.9262013796874999 0.8279412828125 0.88384535 0.8469550921875 0.8721809140625 0.8591622093750001 0.878052696875 0.8701982625 0.8967832421875 0.8700500375000001 0.92962916875 0.8621355749999999 0.9494719703125 0.85204518125 0.9538903765625 0.8481926874999999 0.9552992421875001 0.843799171875
1 0.8491475875000001 0.8148975453125 0.8554158296875001 0.82556039375 0.8770985765624999 0.8257004406249999 0.9340386234375 0.80522729375 0.9372627046875 0.8003519609374999 0.9345823890625 0.79490008125 0.8921719578125 0.7903469265624999 0.8494768125000001 0.8099866875 0.8491475875000001 0.8148975453125
1 0.899026471875 0.7845079593750001 0.9137577953125 0.7730946109375 0.91392488125 0.771710409375 0.898533103125 0.7674888 0.881727515625 0.76551825625 0.8213666265624999 0.77939623125 0.8224759390624999 0.7927682796875 0.8291258062500001 0.7966305703125001 0.8418995546874999 0.7977955 0.8547830453125 0.7973234812500001 0.8616474500000001 0.7957694171874999 0.8794604984375001 0.7915771968749999 0.899026471875 0.7845079593750001
1 0.83273245 0.7361837953125 0.8255912171875 0.740759015625 0.817447471875 0.75363945 0.8193348687500001 0.7598377375 0.8298395968750001 0.7616049390625 0.8633261953125 0.760755625 0.879042253125 0.757923928125 0.895833003125 0.7534671171875 0.89814453125 0.746690240625 0.856836465625 0.7279100140625 0.83273245 0.7361837953125
1 0.8963628703125 0.6879416671875 0.8637492609375 0.6735529125 0.8569372546875 0.6732172765625 0.8128134609375 0.6886807484374999 0.8085621390625001 0.691149040625 0.8038243968750001 0.70419729375 0.8082625875 0.7089146046875 0.8184232546875 0.7091653109375 0.8429385671875 0.7069456796875 0.8762382953125 0.6989107640625 0.8859926093749999 0.6952497703125 0.8963628703125 0.6879416671875
1 0.8878413828125 0.6355375609375 0.8558733921874999 0.63035640625 0.8157043125 0.6378029375 0.806007340625 0.6417166812499999 0.7925326328125 0.65654806875 0.8106996328125 0.6581572484375 0.8357834359374999 0.6563226625 0.8491157859375 0.6535877359375 0.8847893328125 0.6411711421875 0.8877939296875 0.6395697140625 0.8878413828125 0.6355375609375
1 0.8054546234375 0.5989881078125 0.795700309375 0.6026491 0.7934461265625 0.609678728125 0.798013840625 0.62132889375 0.82321233125 0.61999980625 0.8412498062499999 0.6146761328125 0.8670296234375 0.594702778125 0.8478927265625 0.59093930625 0.8382432062499999 0.5908208953125 0.8054546234375 0.5989881078125
1 0.7930544859374999 0.4891959484375 0.7648513984374999 0.492126465625 0.7550446843749999 0.4976771609375 0.7542043125 0.502455721875 0.7582509875000001 0.5096886890625 0.762115740625 0.5118785046875 0.7984823578125 0.5046373578125001 0.8175994703124999 0.4998310265625 0.824506384375 0.4921023578125 0.8026466624999999 0.48906160937500004 0.7930544859374999 0.4891959484375
1 0.8743892734375001 0.5126261046875 0.873471775 0.508582109375 0.8279519531249999 0.5094097859375 0.7853092046875 0.5271598484375 0.7658628640625 0.5368770359374999 0.7665084796875 0.5460846359375 0.7706026078125 0.54928545 0.7802521265625 0.5494038609375 0.7890464359375 0.547873478125 0.8240466953125001 0.53885124375 0.85761830625 0.5256527203125 0.8743892734375001 0.5126261046875
1 0.813691271875 0.5525867 0.76842555 0.56513763125 0.763271565625 0.569989284375 0.761351553125 0.574250503125 0.7625033718750001 0.5814479484375 0.7826002765625 0.5830808109375 0.7980345609375 0.581127815625 0.8058639171875001 0.579585590625 0.8421435171875 0.5592369875000001 0.8388897640625 0.5512576124999999 0.813691271875 0.5525867