1 0.2591251203125 0.1553615296875 0.255489509375 0.15070778437500001 0.189436625 0.14841693125 0.1821468765625 0.15071388125000001 0.1793214546875 0.153849046875 0.17892250468749998 0.16819240156249998 0.18291592343750002 0.1695531421875 0.20856780000000003 0.170917659375 0.242820346875 0.1659242125 0.25935131093749997 0.160902490625 0.2591251203125 0.1553615296875
1 0.2723390953125 0.22584054999999997 0.2628603765625 0.222747315625 0.2108934625 0.21583099374999998 0.202560121875 0.2166795671875 0.1968640390625 0.2218417015625 0.197192015625 0.2298760921875 0.2241136734375 0.2382299453125 0.2459304609375 0.24211239375 0.26762284375 0.24294731406249997 0.27388030625000004 0.2394790359375 0.2723390953125 0.22584054999999997
1 0.26879707812500003 0.199363153125 0.25708415156250003 0.1897715421875 0.23959597187499998 0.18340273125 0.2127195515625 0.1761570703125 0.19946229531249998 0.17696700625 0.1954051125 0.18610251875 0.19646001562499998 0.18782794375 0.20500823437500001 0.19224328125 0.23986018750000002 0.201933375 0.2581318375 0.20337845937500001 0.26594903593749997 0.201944221875 0.26879707812500003 0.199363153125
1 0.250982878125 0.2573570984375 0.22316465000000002 0.25115649218749997 0.19749015781249998 0.24923787812499998 0.1896955796875 0.2512262125 0.19094274218750001 0.257661453125 0.199234940625 0.2678632265625 0.22612267031250002 0.2753859375 0.23353682187499997 0.2761365140625 0.256012678125 0.272047709375 0.2583219578125 0.2683268796875 0.250982878125 0.2573570984375
1 0.26518701875 0.3038592234375 0.2598785765625 0.2944009546875 0.2538318984375 0.2909746046875 0.23697295624999998 0.2879619375 0.200384415625 0.28396357499999997 0.1915688609375 0.285057628125 0.1904954375 0.2949366484375 0.1941197390625 0.2993133484375 0.218012403125 0.3058155 0.2358131515625 0.3077831140625 0.26183414374999997 0.30613167343750003 0.26518701875 0.3038592234375
1 0.23586658124999998 0.3332083875 0.24213535312499998 0.33001715468750004 0.242459234375 0.32589300468750004 0.240394665625 0.323550346875 0.23136423125 0.3193804890625 0.18442302187499998 0.314996234375 0.1745978046875 0.31547305625 0.170495384375 0.3235003765625 0.1753216125 0.33320412187500004 0.1970931625 0.3359783796875 0.2197386609375 0.33604529375 0.23586658124999998 0.3332083875
1 0.2423358046875 0.35904404843750004 0.2268330296875 0.3530785609375 0.1866541125 0.34553464375 0.170424409375 0.3458781203125 0.172538309375 0.3614875125 0.176610896875 0.3647875890625 0.18854591874999999 0.367761615625 0.2112140375 0.3683826265625 0.2386703609375 0.3657177 0.2420458546875 0.36399934375 0.2423358046875 0.35904404843750004
1 0.18612763906250002 0.38087050625 0.17248995312499998 0.38441935312500003 0.17435504531249998 0.3939336890625 0.17847286874999999 0.3983419546875 0.18702108906249998 0.40275729218749995 0.23231618593749997 0.41504966093749995 0.25547373281249997 0.4035437 0.25054571718749996 0.3913465234375 0.240034715625 0.387081959375 0.18612763906250002 0.38087050625
1 0.2534739046875 0.42690336249999994 0.2359291796875 0.4191493140625 0.19210743749999998 0.41883314218749995 0.177953609375 0.42179632343750006 0.1798752484375 0.43269589843749995 0.2008180859375 0.43928569062499995 0.2411851671875 0.43938087968749995 0.25474368593749996 0.4338927 0.25554977968750003 0.42952306875 0.2534739046875 0.42690336249999994
1 0.199130828125 0.458244153125 0.1903152765625 0.4593382078125 0.1811306046875 0.46344821875 0.19599693125 0.47793905625 0.20506129374999998 0.4829400578125 0.21705286250000003 0.4872993265625 0.2430625453125 0.4853708375 0.2426626171875 0.46351561874999997 0.23024538125 0.4607870703125 0.199130828125 0.458244153125
1 0.20515586562500002 0.49731498125 0.181444153125 0.4952455953125 0.16826606093750002 0.49799486562500006 0.166472921875 0.502301359375 0.1832681015625 0.515810278125 0.227474365625 0.525546078125 0.239179103125 0.510820609375 0.23054040625 0.5041888890624999 0.222026115625 0.5006046953125 0.20515586562500002 0.49731498125
1 0.24526789999999998 0.539395184375 0.18046939374999998 0.531658078125 0.166179853125 0.531296684375 0.1642509984375 0.532278603125 0.16165176718750002 0.540954725 0.1668471140625 0.5476425125 0.2358878484375 0.5628354140625 0.2428084765625 0.5635544234375 0.25973117968750004 0.5560708359375 0.259550228125 0.55163806875 0.24526789999999998 0.539395184375
1 0.26174329531249996 0.5691867937499999 0.2547435 0.5665284500000001 0.21985040625000002 0.56788870625 0.1816496796875 0.5726296015625 0.1765602125 0.5805937875 0.1797249203125 0.5857700593749999 0.20856412343750003 0.5928649484374999 0.22087957187499999 0.5931000671875 0.255376834375 0.5820431359375 0.261084225 0.5771580468749999 0.26174329531249996 0.5691867937499999
1 0.1780715921875 0.60555966875 0.1742251953125 0.6078005515625 0.1840997453125 0.6205904640625 0.18816102343750002 0.6236134921875001 0.2299747453125 0.62297224375 0.2597742765625 0.617417634375 0.256485165625 0.60919383125 0.23846953593750003 0.6019623078125 0.1780715921875 0.60555966875
1 0.16638635625 0.6448792671875 0.169562371875 0.6503325890625 0.1797721125 0.6592753984375 0.253472553125 0.65597629375 0.2552656921875 0.651669803125 0.238044846875 0.6397916015625 0.17913468593749998 0.631602175 0.16959220625 0.6390051921875 0.16638635625 0.6448792671875
1 0.261618703125 0.6987750187499999 0.26591338593749997 0.6954575140625 0.26558540937499997 0.6874231234375 0.20761705468749997 0.6781886421875 0.1809894453125 0.6770380359375 0.1658825015625 0.6807692234375 0.1636071484375 0.685321196875 0.16475252812500002 0.6892630046875 0.1682976625 0.6917003671875 0.186268053125 0.6978236984375 0.20513501406249998 0.7017937843750001 0.2391315375 0.702586775 0.261618703125 0.6987750187499999
1 0.2659750078125 0.745199865625 0.2614161109375 0.7299867296875 0.2533501046875 0.7253259140625 0.22587837500000002 0.7155552515625 0.208424125 0.710017584375 0.2044872546875 0.710042084375 0.1901339515625 0.7201769453125 0.18640064843749998 0.72518830625 0.187949075 0.7269453 0.22352073906249997 0.7422079203124999 0.25128241875 0.7470232890624999 0.261164184375 0.7479317078125 0.2659750078125 0.745199865625
1 0.26807545781250003 0.8207708140625 0.27875200625 0.81703255625 0.2811065234375 0.8144199203125 0.280902953125 0.80943305625 0.25137796875 0.7975967859375 0.22120522187499997 0.794008815625 0.19556465625 0.7929213453124999 0.1891077171875 0.8035613015624999 0.1903775015625 0.8105506374999999 0.203367425 0.8152500921874999 0.220697271875 0.81774023125 0.2414817765625 0.8204513515625 0.26807545781250003 0.8207708140625
1 0.27947795625 0.7745250171875 0.2797792171875 0.769846771875 0.27764679375 0.7658418265625 0.273630753125 0.763926990625 0.21006400468750003 0.750189534375 0.20671113124999999 0.7524619875 0.20648182343750002 0.7709610609374999 0.22013491406250002 0.7798478 0.25266217812499997 0.7808231359375 0.2679048390625 0.780416521875 0.27947795625 0.7745250171875
1 0.26615069999999996 0.8339112734375 0.254136509375 0.82899790625 0.213004478125 0.8222219984375 0.19537337187499998 0.8244101031250001 0.19297361562499998 0.8259145484375001 0.191685309375 0.8305296578125001 0.1961650375 0.8438034578125 0.25186525312499997 0.8457084203124999 0.26756750625 0.8445022312500001 0.2722991640625 0.8398310531250001 0.26615069999999996 0.8339112734375
1 0.3091024015625 0.981729078125 0.288988275 0.971323753125 0.2548108 0.96609799375 0.24050995 0.9654595546875001 0.23320889218750002 0.9674794578125001 0.22981487656250002 0.9808022578125 0.2424243734375 0.9882406218750001 0.29277500624999997 0.9917376625 0.31095618125 0.9909663671875 0.31286241718749996 0.9894303531249999 0.3091024015625 0.981729078125
1 0.21669137656249998 0.9125396218749999 0.1947316625 0.9172140921875 0.195587090625 0.9261111937500001 0.2001871265625 0.93027398125 0.249923928125 0.94285046875 0.260299215625 0.94379045625 0.2832346671875 0.9389020765625 0.28343414375 0.9317304 0.26650325 0.9148969046875 0.21669137656249998 0.9125396218749999
1 0.3364980796875 0.9655203718750001 0.336735578125 0.9713383765625 0.34206664062500003 0.9813507421875001 0.3556518734375 0.9885751953125 0.3754719515625 0.9917772734374999 0.4347964703125 0.9980589328124999 0.4349393984375 0.9895020156250001 0.42868914843750006 0.981088803125 0.3933282703125 0.958931553125 0.3364980796875 0.9655203718750001
1 0.3327977296875 0.9351643046874999 0.33987669062500003 0.9397619828125 0.3779910390625 0.944963240625 0.41745024218750004 0.9469346312500001 0.4232820390625 0.945097071875 0.423594609375 0.9406958734374999 0.3643636859375 0.9125905624999999 0.34736181875 0.9181348125 0.3327977296875 0.9351643046874999
1 0.37674601406249997 0.8782893968750001 0.3356859375 0.8853343140625001 0.3306530171875 0.8946837390625 0.3308452796875 0.8993935515624999 0.33436779687499996 0.9012768203125001 0.355747609375 0.906512940625 0.38237522031250004 0.9076635484375 0.39848051875 0.9042725421875 0.40207810625 0.8959366046874999 0.37674601406249997 0.8782893968750001
1 0.3363553375 0.8414415343750001 0.3403713765625 0.8433563718749999 0.3928955765625 0.8398080109375 0.3981094453125 0.834891353125 0.3785752234375 0.8145754406249999 0.325383765625 0.801777975 0.311041771875 0.8121898828124999 0.3363553375 0.8414415343750001
1 0.3496517828125 0.7571841046875 0.3460768140625 0.7660741390625 0.35025528281249996 0.7840261859375001 0.4122582 0.7835710578125 0.41780725937499996 0.7748073 0.4121975578125 0.7700272796875 0.3942384765625 0.7641809953124999 0.35901740625 0.7575068593750001 0.3496517828125 0.7571841046875
1 0.408839609375 0.7239426171875001 0.4112393671875 0.722438171875 0.408903371875 0.7134463640625001 0.4009052203125 0.7104478359375 0.37177606875 0.7083082421875 0.33064813125 0.713690871875 0.3262855921875 0.715346090625 0.3256830703125 0.7247025828125 0.33091234531249997 0.7322215140624999 0.35355784687499997 0.7322884296875001 0.38445751875 0.7295674328125 0.408839609375 0.7239426171875001
1 0.3927333328125 0.6911350484375001 0.37700436718749997 0.6796286015625 0.36947711875 0.6761075453125 0.302704521875 0.6682441640625 0.29683879687500003 0.66925058125 0.2889012890625 0.6797958328125 0.294612778125 0.6870692843749999 0.30906065312500003 0.6913093499999999 0.34424779375000003 0.697152340625 0.39159204999999997 0.6993517796875001 0.39438354531250003 0.695385471875 0.3927333328125 0.6911350484375001
1 0.318123059375 0.623913203125 0.3050241359375 0.6286018109375 0.3027714015625 0.633707878125 0.30405249375 0.6409742625 0.319770153125 0.6522036625000001 0.3623148953125 0.657411990625 0.3849377765625 0.6569248078125 0.3978444390625 0.6475263859375 0.3711561859375 0.632832 0.318123059375 0.623913203125
1 0.3694936890625 0.5921059546875 0.3164040140625 0.5818019171875 0.3030675890625 0.5806725187499999 0.29593617656250004 0.5868481421875 0.29668981875 0.5932518124999999 0.3083348875 0.6011811359375 0.35515579062499997 0.614676403125 0.387671746875 0.6153746890625 0.3959937765625 0.6142490656249999 0.39739517812499997 0.6124044375000001 0.3694936890625 0.5921059546875
1 0.38873288437500003 0.569020046875 0.3876553625 0.5667405265625 0.3815973765625 0.5630371281250001 0.359219209375 0.5574608234375 0.32117271718749996 0.5539218515625 0.30643489062499996 0.5546370828125 0.307346865625 0.564919425 0.323847996875 0.5712250984375 0.35015172968749997 0.57649985625 0.37535531875 0.578940996875 0.385436559375 0.5726777390625 0.38873288437500003 0.569020046875
1 0.377897025 0.5326810625 0.3708180640625 0.5280833828125 0.3489786578125 0.5236468390625 0.3405548421875 0.5222790296875 0.3272862765625 0.5228119171875 0.28285070156250003 0.531575190625 0.29668474375 0.5448947000000001 0.3164143453125 0.54588039375 0.3626584625 0.545246215625 0.3761491265625 0.5380957453125 0.377897025 0.5326810625
1 0.3589200890625 0.5019004640625 0.339356034375 0.49291194843749997 0.33243540625 0.492192940625 0.286474028125 0.499753315625 0.28621800468749997 0.505539753125 0.2900232578125 0.51434921875 0.3226862359375 0.5186491281250001 0.33997084375000003 0.5200310765625 0.35272326875000004 0.5189125234375 0.3635314375 0.5063403015625 0.3589200890625 0.5019004640625
1 0.3790332359375 0.476107215625 0.3774735 0.474073175 0.35952573125 0.46850394062499995 0.3030040140625 0.45853302031250004 0.29347284375 0.4662130875 0.29305127343750004 0.480002346875 0.295093221875 0.48179090625 0.3041575828125 0.48679190937500005 0.3568966640625 0.4885074578125 0.3777675484375 0.4812764203125 0.3790332359375 0.476107215625
1 0.358831753125 0.43944547656250005 0.35533185624999997 0.438116303125 0.3019522296875 0.43276756250000004 0.284355053125 0.43578681250000006 0.28174451093749997 0.44418588750000004 0.2849318390625 0.44991625781250005 0.3126708984375 0.45417752968749997 0.335900396875 0.45649239531249997 0.341283909375 0.4557314578125 0.3572534953125 0.4490158796875 0.358831753125 0.43944547656250005
1 0.3449216625 0.400146596875 0.31222475625 0.39501554687499996 0.2955128375 0.3956045015625 0.2844106234375 0.40097347968749997 0.2836384578125 0.40617425156250003 0.309618309375 0.41557316093749996 0.34988770156250004 0.4253334609375 0.3538585015625 0.4261401046875 0.3750985046875 0.41589310937499996 0.36579664218749997 0.4050741015625 0.3449216625 0.400146596875
1 0.3752178359375 0.370583521875 0.3673399953125 0.35847398125 0.355841946875 0.3541462828125 0.35189376562499997 0.353893734375 0.2944456484375 0.35740345625000003 0.2947283859375 0.364329653125 0.308182 0.3803880734375 0.3604275578125 0.38207205312500003 0.3692204921875 0.3804239046875 0.37445698125 0.37606134375 0.3752178359375 0.370583521875
1 0.34265156874999997 0.32041993281250003 0.31457731875 0.3200057640625 0.3112809921875 0.3236634546875 0.3092092109375 0.33320228749999997 0.324433346875 0.34440011875 0.390060565625 0.348321690625 0.3913375640625 0.343429534375 0.3803968 0.3286371484375 0.3743727390625 0.32576489531249997 0.34265156874999997 0.32041993281250003
1 0.3212296375 0.29003558749999997 0.30455164843750004 0.2914556875 0.30528676718750003 0.309463803125 0.358353821875 0.3192137421875 0.38434088593750004 0.3167311578125 0.3861566453125 0.3129787625 0.3844005515625 0.294076365625 0.34735241562499997 0.29087757812500004 0.3212296375 0.29003558749999997
1 0.38979127812500003 0.2814339359375 0.387285640625 0.2682864078125 0.35908698437500003 0.26482471093750004 0.322095396875 0.263011165625 0.311418846875 0.266749421875 0.3099948265625 0.26803995625 0.3128356546875 0.27734038125 0.320566471875 0.2858483015625 0.339399503125 0.2889872421875 0.35718894218749997 0.2906778046875 0.38768556875 0.2901416265625 0.38979127812500003 0.2814339359375
1 0.3867160703125 0.24227547187499998 0.385502834375 0.2366713765625 0.376246209375 0.226960559375 0.336730459375 0.22360393125 0.3195024015625 0.22360722187499998 0.31578040937499996 0.22889563281249997 0.31846699843750004 0.246475925 0.32053156718750003 0.24881858281250002 0.3771735890625 0.24967848906249998 0.38248924375 0.247255265625 0.3867160703125 0.24227547187499998
1 0.359096340625 0.19270461562500002 0.350514190625 0.18745813281249998 0.3221572015625 0.18011776562499998 0.30878685 0.1781572234375 0.29991475 0.17786603750000002 0.2921088609375 0.179577321875 0.292373075 0.198107965625 0.31003089687499996 0.2086324953125 0.35857298437499996 0.204000440625 0.3643482328125 0.200777640625 0.359096340625 0.19270461562500002
1 0.31613216718750003 0.14104693906250002 0.31171308125 0.1413169171875 0.2979211578125 0.1531456328125 0.30143645937499997 0.16691039375 0.3131493890625 0.1765020046875 0.32205541718749997 0.1776243359375 0.373140190625 0.16293091875000001 0.37332835625 0.15548219375 0.3567593671875 0.1475142328125 0.31613216718750003 0.14104693906250002
1 0.4255255578125 0.180098015625 0.465983115625 0.182409590625 0.47521302343749994 0.17940776875 0.5007436125 0.153684728125 0.49493033906250006 0.14391784531250001 0.42983466562499995 0.15301752500000002 0.4249600828125 0.16624561875 0.4255255578125 0.180098015625
1 0.508984334375 0.2108583765625 0.505876175 0.2070673421875 0.49280708281249996 0.200428553125 0.4572168953125 0.19677037656250002 0.4207753765625 0.1963736375 0.40861826093750003 0.2000171890625 0.40867890312500005 0.21356097031250001 0.413772465625 0.2177553265625 0.42268980312500004 0.219154703125 0.4720646984375 0.22286565625 0.5077073375000001 0.2157505328125 0.508984334375 0.2108583765625
1 0.495837053125 0.238478825 0.44637168125000004 0.23255148750000001 0.43468546874999997 0.2356725140625 0.4298221921875 0.24917765625000002 0.43856267656250003 0.2583028078125 0.46066219999999997 0.269111453125 0.5134311109375 0.25949960625 0.5160190359375 0.2505464359375 0.5138639921875 0.24598739687500001 0.495837053125 0.238478825
1 0.5095476703124999 0.2849493796875 0.46974918125 0.274666553125 0.4431215703125 0.2735159453125 0.434799540625 0.274641565625 0.43094592968749995 0.2887639421875 0.43846186718749997 0.2920079484375 0.457328828125 0.295978034375 0.480019565625 0.2971531421875 0.5045373703125 0.2948528984375 0.5107043578125 0.28916823593749996 0.5095476703124999 0.2849493796875
1 0.48456715156249996 0.312089228125 0.450615865625 0.312404428125 0.43742646562500004 0.314876653125 0.432830521875 0.3228724046875 0.43695965625 0.3275577203125 0.46390393437500005 0.3364656703125 0.5031482546875 0.3331731484375 0.50508841875 0.3324682796875 0.504726515625 0.3236027453125 0.48456715156249996 0.312089228125
1 0.513592378125 0.371973996875 0.51440978125 0.3678814140625 0.4907505203125 0.3550387265625 0.4783559046875 0.3528642734375 0.4370696328125 0.3543682328125 0.43278626249999996 0.35796278593749997 0.435808040625 0.3716959765625 0.43783867968749995 0.3732074921875 0.4828849671875 0.37940480781249997 0.49177968437499997 0.38025009062500004 0.5088607203125 0.3766451734375 0.513592378125 0.371973996875
1 0.4177594625 0.399831884375 0.420118075 0.4093777890625 0.42315837968750003 0.41150653437500007 0.479823021875 0.41292053749999996 0.4989120765625 0.41027304062500003 0.4647983640625 0.39455103125 0.4346934734375 0.392625346875 0.4254070171875 0.3942419265625 0.4177594625 0.399831884375
1 0.5072350859375 0.4453459921875 0.47239444375 0.43593294687500006 0.4416376984375 0.4300970234375 0.4239387359375 0.43062284218749997 0.4192070796875 0.43529401874999996 0.42434997343749997 0.45275510781249995 0.46000801718749995 0.458075571875 0.4684092125 0.4588892875 0.5011925015625 0.45407818281249995 0.5073594890625001 0.44839351875 0.5072350859375 0.4453459921875
1 0.426452565625 0.4680874484375 0.422617478125 0.47060538125000007 0.421487503125 0.47909916093750005 0.425134425 0.48402995625 0.4563168359375 0.488235159375 0.49180523750000005 0.4893999046875 0.499968934375 0.4843956109375 0.46945690156250003 0.47249620312499996 0.442648340625 0.4669128296875 0.426452565625 0.4680874484375
1 0.46688536249999996 0.5300835359375 0.46921726250000007 0.5269168015625 0.47198613749999996 0.5223964 0.47079552031249994 0.5173463984375 0.46673424218750004 0.5143233703125001 0.442796340625 0.5067130265625 0.4314453171875 0.5059869484374999 0.4094856 0.510661415625 0.406023728125 0.5223219296875 0.4191154390625 0.529514815625 0.46106487500000004 0.53219814375 0.46688536249999996 0.5300835359375
1 0.427456971875 0.552983321875 0.42569775937500004 0.5581209578124999 0.445345078125 0.58120735 0.4517495625 0.5813406921875 0.49949277187499996 0.569196778125 0.5008602437499999 0.566521003125 0.4826482578125 0.5424211265625 0.47721950937499996 0.542073871875 0.427456971875 0.552983321875
1 0.5104232015625 0.6199106859375 0.520210396875 0.6064441828125 0.5204324921875 0.5998266015625 0.515900309375 0.5973261015625 0.460825234375 0.58661874375 0.42995948906250003 0.59017088125 0.4260904734375 0.59185766875 0.42186365156249994 0.5968374625 0.431176821875 0.60793351875 0.4577180515625 0.61902628125 0.506520259375 0.62076633125 0.5104232015625 0.6199106859375
1 0.5281662390624999 0.7169302390625 0.548856171875 0.705266434375 0.5479894359374999 0.6960922843749999 0.5256863390625 0.680296775 0.46442165781250005 0.6747199859374999 0.4693152859375 0.68952503125 0.4653199375 0.6975137953125 0.4729601234375 0.6941228374999999 0.464691546875 0.7032931578125 0.45887692031249994 0.6878873890625 0.4659258234375 0.711567359375 0.5184201890625 0.71934639375 0.5281662390624999 0.7169302390625
1 0.5185898328125 0.7235021125000001 0.45040861874999993 0.7293648578124999 0.4491090015625 0.7337029171875 0.45408225468749996 0.7470082875 0.5137573671875 0.7618784328125 0.5241326546875 0.7628184203124999 0.5588407 0.744866859375 0.52998609375 0.72533638125 0.5274732421875 0.7240703468749999 0.5185898328125 0.7235021125000001
1 0.5352974671874999 0.8433903687500001 0.5330632578125 0.8368919937499999 0.5300003359375001 0.8342091500000001 0.507094715625 0.8277701343749999 0.4613287171875 0.8160002921875 0.45244530781250003 0.8154320578125 0.4543484234375 0.8379360765625 0.46687875312499993 0.8434351046874999 0.4841972890625 0.8456481968749999 0.5059236 0.8473142625 0.5319332828125 0.8453857734374999 0.5352974671874999 0.8433903687500001
1 0.46781451093750004 0.7578343624999999 0.463990734375 0.76062934375 0.47499214062500006 0.7889655062500001 0.48154365 0.7927004734375 0.4993557078125 0.794945134375 0.5397567171875 0.7958714687499999 0.5479769640625001 0.7922524156249999 0.5507684562499999 0.788286109375 0.544966490625 0.778796271875 0.46781451093750004 0.7578343624999999
1 0.5195920968750001 0.8686365921875 0.44618882187500003 0.8550989093749999 0.4297709515625 0.8628911109375 0.4325891609375 0.871637440625 0.44173268906249996 0.8785777781249999 0.4596917703125 0.8844240593749999 0.49044851562499997 0.8902599828125 0.503784940625 0.8913893828124999 0.5499159609375 0.8879847249999999 0.5444491874999999 0.8746477875 0.5195920968750001 0.8686365921875
1 0.5388599625 0.9306604671875001 0.5384980578125 0.921794934375 0.5347041140625 0.913262515625 0.5306880734375 0.9113476796875 0.46907279687500003 0.897182403125 0.4542372828125 0.90756274375 0.45510401875 0.9167368937499999 0.4613768859375 0.9257042 0.49160618125 0.9306774125 0.5193000046875 0.9338304921875 0.53694241875 0.9319194328125 0.5388599625 0.9306604671875001
1 0.5665845953125 0.9586847234375 0.5662679296875 0.95092738125 0.5493822734375 0.9352020781249999 0.5453888546875 0.9338413375 0.49175320468750006 0.934279034375 0.47513176250000005 0.9370843734375001 0.47281526874999996 0.9526866953124999 0.48036513437500006 0.956761846875 0.49772890781249995 0.9600831296875001 0.53279164375 0.96287859375 0.5583756609375 0.9625808265625 0.5665845953125 0.9586847234375
1 0.5643126374999999 1 0.56475850625 0.9983586453125 0.5630743671875 0.993277078125 0.52871184375 0.9714600125 0.5209172625 0.9734483453125 0.49398117812500003 0.988857478125 0.4944360328125 1 0.5643126374999999 1
1 0.61493851875 0.9615013953125 0.6143246859375 0.970580840625 0.6204546265625 0.988105065625 0.6730466828125 0.9862189921875 0.6988980328125 0.9804118328125 0.6965281078125 0.97058888125 0.6494470875 0.9507215109375 0.64103458125 0.9496307500000001 0.61493851875 0.9615013953125
1 0.6792044984375 0.920018675 0.6147524921875 0.9087115156250001 0.6093463609375 0.9089183578125001 0.605590440625 0.9133756234374999 0.603534065625 0.9353500453124999 0.610119503125 0.93991615625 0.6448922875 0.947666915625 0.663231796875 0.9507742875 0.7066196796875001 0.9284040984375 0.7055760890625 0.926955721875 0.6792044984375 0.920018675
1 0.5874236921875 0.8903839359375001 0.5839083890625 0.8766191781250001 0.581338990625 0.8739679031250001 0.57666388125 0.88002431875 0.5755904546874999 0.8899033375000001 0.5826241796875 0.8933928265625 0.5874236921875 0.8903839359375001
1 0.5893484484375 0.8772434796875 0.5895787359375 0.894942978125 0.626472634375 0.9064216328124999 0.6492312296875 0.909259028125 0.665943146875 0.9086700703125 0.6987603625000001 0.9046901109375 0.6979841015625 0.8977323437500001 0.6128678984375 0.8746030515625 0.5893484484375 0.8772434796875
1 0.6416228609375 0.8314014890625 0.592021775 0.8221495796875 0.5872222609375 0.8251584671875 0.5871286687499999 0.8469821171874999 0.5892271625000001 0.85015591875 0.6003108546875 0.8563913859375001 0.624617875 0.860985771875 0.6768408124999999 0.8621156593749999 0.6855093421875 0.85741998125 0.6992899546875 0.8453142171874999 0.6416228609375 0.8314014890625
1 0.7049172031250001 0.8022912203124999 0.6915427546874999 0.7881721374999999 0.6381857484375 0.78337749375 0.630809621875 0.7956166 0.6312054546875 0.805313278125 0.6397423671875 0.8094515671875 0.6645881453125 0.8151857140625 0.6883111671875 0.8175321500000001 0.7059422734374999 0.8153440421875 0.7075431515624999 0.8063277359375001 0.7049172031250001 0.8022912203124999
1 0.6050508875 0.7434015375 0.6063998390625 0.7523302078125 0.6100467593750001 0.757261003125 0.6482556796875001 0.7768371859375 0.702636778125 0.758486078125 0.6994946890625 0.7538639015624999 0.6673776859375 0.7388222609375 0.645493040625 0.7332775234375 0.6050508875 0.7434015375
1 0.62812926875 0.729956240625 0.649957365625 0.7341157359375 0.66274371875 0.7338283265625 0.6853738140625001 0.7214596546875 0.68669605 0.7176756906249999 0.6843939828125001 0.709515025 0.6483287953125 0.6942208359375 0.6393888375000001 0.6922673609375 0.6349471328125 0.69198324375 0.6179113359375 0.6966963515625 0.60453376875 0.7066173 0.6031889140625 0.70984716875 0.6085199765625 0.71985953125 0.6191440734375 0.7268945765625 0.62812926875 0.729956240625
1 0.6298299765625 0.6510362187500001 0.6161018140625 0.6523686828125 0.568437771875 0.6664519328125 0.571964384375 0.6804937421874999 0.5823736 0.6822648734375 0.6392191953124999 0.6881116406250001 0.6583308703124999 0.6860182421875 0.6739426453124999 0.68259566875 0.683100603125 0.6657730203125001 0.6298299765625 0.6510362187500001
1 0.6452299906250001 0.6183097015625 0.6097261828125 0.60470936875 0.605284478125 0.6044252515624999 0.572154690625 0.612806409375 0.56452975625 0.6189504625 0.5669449171875 0.62988160625 0.5871495171875 0.6425033140624999 0.6202381625 0.6451725046875 0.6428682578125 0.6328038328125001 0.6471290093750001 0.62865518125 0.6452299906250001 0.6183097015625
1 0.581447384375 0.5631097640625 0.5632363765624999 0.5752084578125001 0.56460794375 0.5846912265624999 0.5692532203125 0.5899622046874999 0.5873367078125 0.598856015625 0.5963445203125 0.602471778125 0.6051600734375 0.6013777234375 0.645172465625 0.5807258875 0.60003160625 0.5601536515625 0.581447384375 0.5631097640625
1 0.606974853125 0.5614267546875 0.6384585265625 0.5609537125 0.6412952578125 0.5580955953125 0.6380400749999999 0.5507029375 0.61140836875 0.537393790625 0.5975331828125 0.53512463125 0.54545726875 0.5375963703125 0.5412643734375 0.54340730625 0.54451955625 0.5507999640625 0.54907435625 0.5538545609375001 0.5595288109375 0.556733884375 0.5862582093750001 0.560377921875 0.606974853125 0.5614267546875
1 0.663340378125 0.5072803953125 0.658359909375 0.50585651875 0.5911277187499999 0.49879271562499994 0.5667117 0.5035863875000001 0.5628653031249999 0.505827271875 0.5672319375 0.51633059375 0.575241396875 0.5196061703125 0.58920705625 0.5240917125 0.6334020125000001 0.5335504656250001 0.6373615046875 0.5340800625 0.6650132078125 0.5120849171875 0.663340378125 0.5072803953125
1 0.6213673453124999 0.4678444 0.5649628203125 0.47280249999999996 0.5593119765625 0.4790728265625 0.5606722343749999 0.4882785453125 0.565799725 0.49330404687499996 0.5836230921875 0.4958257546875 0.6225209140625 0.4961032875 0.62776461875 0.4798592359375 0.6258882171875 0.4700678515625 0.6213673453124999 0.4678444
1 0.5924932375 0.42371979531250004 0.563827775 0.43293916718750003 0.56049751875 0.4357657125 0.5603772109375 0.44487672656250005 0.5656517234375 0.45350385 0.62923699375 0.4556368609375 0.641759134375 0.43681880937499995 0.63857180625 0.43108843906249994 0.6150708796875 0.422124421875 0.5924932375 0.42371979531250004
1 0.63656690625 0.40609098593750004 0.6012779796875 0.397754565625 0.56518705625 0.40594631249999996 0.559927946875 0.40975477656250003 0.562666990625 0.41656176875 0.571753971875 0.42211686718749997 0.612143671875 0.422766153125 0.6365031453125 0.4165872390625 0.642658821875 0.4106255296875 0.63656690625 0.40609098593750004
1 0.62656795 0.3902535484375 0.6496576390625 0.37708529999999996 0.649947590625 0.37213000625000003 0.6171715171875001 0.3650596171875 0.60388033125 0.365038409375 0.591207071875 0.36809629843749997 0.583009446875 0.3722694453125 0.5783456484375 0.3786029125 0.5776187203125 0.38491187656250003 0.58072688125 0.3887029125 0.5852364421875 0.390649315625 0.613826834375 0.39164915 0.62656795 0.3902535484375
1 0.6136376921875 0.3628993 0.627825446875 0.36076726406250004 0.6349907890625001 0.3554227859375 0.6343615515625001 0.35206664062500004 0.6137991421875 0.3427379390625 0.60487049375 0.3410615125 0.576694459375 0.3381539140625 0.565366053125 0.33798193125 0.5551038609375001 0.3398124234375 0.5529755328125 0.34796601875 0.55414353125 0.3524619234375 0.57308965625 0.3583713421875 0.5953999671875 0.36228536093749997 0.6136376921875 0.3628993
1 0.6339534312499999 0.30589434375 0.6353281203125001 0.29133707656249996 0.6313007703125 0.2891451921875 0.6005892640625 0.2844174609375 0.5833725140625 0.2846978015625 0.562377225 0.2888813125 0.556601975 0.2921041125 0.56582466875 0.300983784375 0.576964909375 0.308604490625 0.5814631625 0.3102738484375 0.597188034375 0.30962175468750003 0.6339534312499999 0.30589434375
1 0.56813706875 0.2732229234375 0.5740593421875 0.27360174531250003 0.6183478906250001 0.26123685 0.612485284375 0.23820323437500002 0.5722199875 0.2406014734375 0.5590871359375 0.2444589375 0.551409746875 0.261376290625 0.56813706875 0.2732229234375
1 0.5807568984375 0.24473976249999999 0.5810283265625 0.2513889125 0.5916863515624999 0.2592550984375 0.6178656796875 0.2614823296875 0.6339709796874999 0.258091325 0.63328519375 0.2533499421875 0.612485284375 0.23820323437500002 0.5904690218749999 0.24149246249999998 0.5807568984375 0.24473976249999999
1 0.5641643140625 0.2000191328125 0.56640261875 0.21867605 0.58928561875 0.2245609703125 0.616934203125 0.226605859375 0.648563921875 0.193535865625 0.6449735484375 0.189990309375 0.6100691453125 0.1910735171875 0.5845869125 0.19386471875 0.5641643140625 0.2000191328125
1 0.5537654296875 0.162326475 0.551866409375 0.1519809953125 0.5456541859375 0.15655746718750002 0.547519275 0.166071803125 0.55161448125 0.169925975 0.553588571875 0.17005225 0.5537654296875 0.162326475
1 0.6024278265625 0.14858340781249998 0.5719538187500001 0.1496736859375 0.5656058796875 0.15092558125 0.564204478125 0.15277020937500002 0.5614510078125 0.1697262015625 0.6069455796875001 0.1748468953125 0.644822428125 0.174230146875 0.6491623484375 0.1720208328125 0.64812596875 0.1586909640625 0.6024278265625 0.14858340781249998
1 0.76577976875 0.146874065625 0.735441475 0.15128891718749998 0.7214912203125 0.1592389625 0.7359318781249999 0.1753605171875 0.7519734171875 0.18246576718750002 0.8045726875 0.1686982 0.8071945390625 0.16057617500000002 0.8045644968750001 0.1443811203125 0.8005936953124999 0.143574475 0.76577976875 0.146874065625
1 0.791461290625 0.2695469390625 0.7982235859375 0.2663872765625 0.8073064703125 0.2597838328125 0.8000917937500001 0.2518615796875 0.783601971875 0.2458329515625 0.747292071875 0.23660225000000001 0.72576933125 0.2399230453125 0.7133901203125 0.2501841796875 0.7131042640625 0.267298015625 0.7146187609375 0.268223865625 0.783644090625 0.2709811765625 0.791461290625 0.2695469390625
1 0.7936882859375001 0.2879268078125 0.7581433359374999 0.285376821875 0.7188311578125 0.28700705625 0.7100875578125 0.3019219375 0.7172271625 0.320063396875 0.754968296875 0.3161220734375 0.7894994859375 0.30589628593749996 0.7948038328125 0.3031960125 0.7987026796875 0.29018182812500004 0.7936882859375001 0.2879268078125
1 0.7517511375 0.32171910000000004 0.746815909375 0.32140341562499997 0.7157280703125 0.3315731359375 0.7111999859375 0.341231175 0.71711504375 0.353491490625 0.7782213921875 0.3551896109375 0.8002037281250001 0.3510692375 0.8069434015624999 0.347355478125 0.8052931921875001 0.3431050515625 0.7517511375 0.32171910000000004
1 0.747461528125 0.3733937203125 0.7340161046875 0.38165238125 0.735858578125 0.3906126203125 0.740481234375 0.39532950625 0.75853079375 0.40339217187500004 0.76444175625 0.403493946875 0.813303628125 0.382579203125 0.7921911500000001 0.37183369375 0.7659892046875 0.36905236874999997 0.747461528125 0.3733937203125
1 0.798453684375 0.41672252656250003 0.7978470671875 0.4139204796875 0.791755153125 0.4093859375 0.78475535625 0.40672759375 0.7630516640625 0.405615625 0.7386130265624999 0.40985520312499996 0.72010796875 0.4147506515625 0.7119329624999999 0.419477896875 0.71986735 0.4329726765625 0.72925559375 0.433849528125 0.780860603125 0.4319003171875 0.798453684375 0.41672252656250003
1 0.7895414187500001 0.46368026249999994 0.7335996078125 0.4437987546875 0.7296514265625 0.44354620625 0.7023308187499999 0.4495357078125 0.698262325 0.4583941734375 0.7012388671875 0.4710191734375 0.7047387640625 0.47234834374999995 0.744145515625 0.4850930359375 0.7485759109375001 0.4851001046875 0.7928531515625 0.472458159375 0.7895414187500001 0.46368026249999994
1 0.7982756640625001 0.5208854796875 0.8140303687499999 0.5089059890625001 0.8138154875 0.5036420781250001 0.8085635953124999 0.49556905156250003 0.8050976265625 0.495071021875 0.7674582765625 0.5015057765625001 0.753820590625 0.5050546234375 0.7402507625 0.5102657578125 0.73896245625 0.5148808671875 0.7508450265625 0.528628196875 0.7631265484374999 0.528032171875 0.7982756640625001 0.5208854796875
1 0.8122649234375 0.5621236921875 0.81894805 0.5570246937500001 0.7994405437500001 0.5494214171875 0.7776237578125 0.5455389671875001 0.7247942 0.541607034375 0.707690546875 0.544657853125 0.7034637218750001 0.5496376484375001 0.7097479 0.5588820046875 0.7290970734375 0.5626066093750001 0.7449011140625 0.5638938515625 0.8000512578125001 0.5643820046875 0.8122649234375 0.5621236921875
1 0.7834153875000001 0.590950328125 0.744291375 0.5851318375 0.7092625671875 0.5831675171875 0.7073604296875 0.5968620687499999 0.7164587203125 0.6026942140625 0.7274406265625 0.6064362484375 0.79448055625 0.608790240625 0.799852759375 0.6077522546874999 0.801969778125 0.5993216140625 0.7834153875000001 0.590950328125
1 0.9377518828125 0.16340088749999998 0.8837131890625001 0.1660233984375 0.87316104375 0.1728091828125 0.8717524265625001 0.18653530625 0.8757571578125001 0.18817309531249998 0.8887357734375 0.1925955015625 0.9247063890625 0.1935147671875 0.9325348953124999 0.19235757656250002 0.9624886640625 0.1785230953125 0.9377518828125 0.16340088749999998
1 0.9698287234375 0.22569145000000002 0.97465085625 0.22323665625000003 0.9617699312499999 0.20914914218749997 0.949250909375 0.20392716093750002 0.9298904234375 0.19992550625 0.9155895734374999 0.199287065625 0.89693749375 0.200580890625 0.8945490484375 0.20236238437499998 0.8885969421875 0.2133109578125 0.8948019531250001 0.22061597812499997 0.9002872500000001 0.222348471875 0.9448626328125 0.22906831562500002 0.9698287234375 0.22569145000000002
1 0.9671431109374999 0.24430972812500001 0.965289328125 0.235072440625 0.9005586781250001 0.228997621875 0.8966557328125001 0.229853265625 0.888326490625 0.24286038125 0.8880591578124999 0.2483697703125 0.9020854609375 0.26639909375 0.9065497859375 0.26723730625000003 0.931561115625 0.26496863125000003 0.9578155125000001 0.2569766578125 0.9671431109374999 0.24430972812500001
1 0.9277075031249999 0.279091009375 0.9144050078125 0.27879275312499996 0.8987253734375 0.2805530375 0.87978334375 0.2868021578125 0.8899858703125 0.307626459375 0.9301421671875 0.31461628125 0.970942128125 0.3011992609375 0.982255128125 0.28893565312499997 0.97623106875 0.2860634 0.9277075031249999 0.279091009375
1 0.938400434375 0.3239869125 0.9208598046875001 0.3283914 0.9029500578125 0.33581185156250004 0.8996876593750001 0.340300684375 0.9177073859375 0.3596907484375 0.9616761500000001 0.3636085421875 0.988521759375 0.345983028125 0.9639392156250001 0.3225809484375 0.9516011453125 0.3217917359375 0.938400434375 0.3239869125
1 0.9774996874999999 0.3894899140625 0.9748737406249999 0.3854534 0.931718284375 0.365284484375 0.8914416796875001 0.3674056765625 0.8841293140625 0.3691485296875 0.8749446421875 0.373258540625 0.8740069296874999 0.3864621375 0.875589284375 0.3890502734375 0.9069115062499999 0.40873859375 0.911421065625 0.410684996875 0.9785134484375 0.4022656875 0.9774996874999999 0.3894899140625
1 0.9894737125 0.44165219999999994 0.9783859265625001 0.4232581921875 0.9683910640625 0.41957929375 0.9594963453125 0.41873401093749996 0.8886778765625 0.4202831921875 0.8853517156249999 0.435268278125 0.9163500578124999 0.4590807484375 0.9222836421875 0.45973661874999994 0.9696916578125 0.45143980624999996 0.9885319046875001 0.4426972546875 0.9894737125 0.44165219999999994
1 0.9980753609375 0.4714928109375 0.9565701140625 0.4555743171875 0.9481802281249999 0.4550376515625 0.90941811875 0.4580846921875 0.9066492437499999 0.46260509531249994 0.908179146875 0.475966534375 0.9225067109375 0.489317609375 0.9333755234375 0.49028916718750004 0.97170065625 0.488595796875 0.9973145078125001 0.47697063125000005 0.9980753609375 0.4714928109375
1 0.9411968171874999 0.50101346875 0.9153115359375 0.5059894859375 0.91057988125 0.5106606625000001 0.9100452156250001 0.5216794421875 0.93300738125 0.5295037 0.962306178125 0.5357990109374999 0.9805511140625001 0.5245314609375 0.9792813312499999 0.5175421250000001 0.9461320437499999 0.5013291546875001 0.9411968171874999 0.50101346875
1 0.9926187343749999 0.5548700984375 0.9909119750000001 0.5492344328125001 0.9347069265625001 0.54702085625 0.902865446875 0.5507869046875 0.8995351921875001 0.5536134515625 0.899573215625 0.5666031359375 0.9353895921875001 0.575802271875 0.9447891437499999 0.5769561703125 0.9664136703124999 0.5761288046875 0.9746339140625 0.5725097515625001 0.9926187343749999 0.5548700984375
1 0.909662646875 0.584656959375 0.9090488156250001 0.593736403125 0.9138411140624999 0.60260900625 0.9667045984374999 0.6073720828125 0.99090164375 0.585155959375 0.9912255234374999 0.5810318078125001 0.9570706671875 0.5763601453125 0.9404039875000001 0.5780572937499999 0.909662646875 0.584656959375
1 1 0.6380912234375 0.9546646734375 0.62594465625 0.92355011875 0.6234017390625 0.918761915625 0.6266876781249999 0.916038278125 0.632316271875 0.9192482249999999 0.6386007390625 0.9467086437500001 0.6480943515625001 0.9585758078125 0.6494060937499999 0.9806938578125 0.6486102953125 1 0.6445752515625001 1 0.6380912234375
1 1 0.671973921875 0.9973574187500001 0.6709531796875 0.9514598015625 0.668017303125 0.9293304421874999 0.668536053125 0.9320396515624999 0.6866704421875001 0.9391186125000001 0.6912681218750001 0.9662284359375001 0.6921732484375 1 0.6865371984374999 1 0.671973921875
1 1 0.736740034375 0.9984554171875001 0.734025403125 0.984263565625 0.7239989 0.9063548265625 0.720673353125 0.900233075 0.727466209375 0.8999091968749999 0.7315903593749999 0.9021547156249999 0.738365784375 0.90728220625 0.7433912859375 0.9270344265625001 0.744931075 0.9683772421875 0.7448123546875001 1 0.73787969375 1 0.736740034375
1 1 0.8179008281250001 0.9988984421874999 0.8172274187499999 0.9581920765625 0.8088207890625 0.918680421875 0.8176227 0.9145327625 0.824541828125 0.922365365625 0.8355431781249999 0.928837709375 0.837338809375 0.97860434375 0.8385878999999999 1 0.8274546390624999 1 0.8179008281250001
1 1 0.787105534375 0.9991236562499999 0.786569803125 0.9516622078125 0.769441346875 0.9222544109375 0.7725340921875 0.9046685453125001 0.7758303921875 0.9028414781249999 0.7793057421875 0.9052000921875001 0.7888516453125 0.9163177109375 0.7959182546875 0.9602186171874999 0.7981737625 0.995537378125 0.795182790625 1 0.7923263625 1 0.787105534375
1 0.9087625875 0.8761217421874999 0.8959011625000001 0.8866283562499999 0.896485159375 0.8888763078125 0.9136042203124999 0.8982610781249999 0.9841779781250001 0.902775384375 0.9889322515625001 0.8986583015624999 0.9851496171875 0.89040293125 0.94379139375 0.8780860640625001 0.9087625875 0.8761217421874999
1 1 0.9544765875 0.9758980656249999 0.929049228125 0.9242406046875 0.941771740625 0.9256121734375 0.9512545093749999 0.93376865625 0.9581317078125 0.95656118125 0.9618002453125 0.996547834375 0.964634346875 1 0.9630895515625 1 0.9544765875
1 0.8703867171875 1 0.8687829609375 0.9940419015625 0.8256727421875001 0.9749811749999999 0.7776581046875 0.980475940625 0.7763811078125 0.9853680984375 0.780849528125 0.9983648531249999 0.785735478125 1 0.8703867171875 1
1 0.8338929859374999 0.9713621218749999 0.8513431406249999 0.9647412484375 0.851780115625 0.963387578125 0.8366238375 0.9538520343749999 0.8195726343749999 0.946129553125 0.7543371515625 0.9397461187499999 0.752939846875 0.9537492875 0.7590996203125 0.9599461171874999 0.7721234734375 0.9654767156249999 0.7855729921875 0.9693765937500001 0.79298714375 0.9701271703125001 0.81225715 0.9719124406249999 0.8338929859374999 0.9713621218749999
1 0.7743557296875 0.8995779468749999 0.7660789359375 0.9018117578125 0.75518029375 0.9121676000000001 0.7559565546875 0.919125365625 0.7665127921875 0.9244981203125 0.8013986718749999 0.9350193593749999 0.81823499375 0.9374779296875 0.8364953375 0.938645965625 0.8401833999999999 0.9325264125 0.800926790625 0.8993433140624999 0.7743557296875 0.8995779468749999
1 0.8495285453125 0.8720564671875 0.8184510375 0.8463046609375 0.8114512421875 0.8436463171874999 0.7627508234375 0.8443997 0.7578721421875 0.8454692546875 0.7504733953125 0.857154265625 0.7541768624999999 0.8634703 0.764665246875 0.8671807687499999 0.790509384375 0.8732551000000001 0.8265704734374999 0.87639075 0.8373827374999999 0.8759770671875 0.8495285453125 0.8720564671875
1 0.850676065625 0.8157596687499999 0.8185138234375 0.799609834375 0.7754416265625 0.7935387953124999 0.764640671875 0.794229525 0.7478423765625 0.8047606390625001 0.7663741468749999 0.8125778265625 0.792734425 0.8192378234375 0.8070805125 0.8209844546875 0.84643793125 0.8204624140625001 0.8498586609375 0.81985225 0.850676065625 0.8157596687499999
1 0.7722080859375 0.750501659375 0.761395821875 0.7509153421875 0.7577190671875 0.7573119453125 0.7602360140625 0.7707365203125 0.7866189125 0.7779506125 0.8063372046874999 0.778659259375 0.8368749718749999 0.7670727312500001 0.81774789375 0.7567305421875 0.8077643421875 0.7533286921875 0.7722080859375 0.750501659375
1 0.7802670640625 0.6344082156249999 0.7504634359375 0.6278042875 0.739236815625 0.6301257359375 0.7374549874999999 0.634709278125 0.740273196875 0.64345560625 0.7438635687499999 0.6470011625 0.782953653125 0.6519885109375 0.8036929203125001 0.6535914390625 0.8123275203125001 0.6480646171875 0.7902393046875 0.63753301875 0.7802670640625 0.6344082156249999
1 0.860143659375 0.685940103125 0.8599627078125 0.681507334375 0.8126030453125 0.6668723078125 0.7650027640625 0.6704593078125 0.7429865 0.6737485359375001 0.741901765625 0.6833505078125001 0.7455373765625 0.6880042546875 0.7555209265625 0.69140610625 0.7649317875 0.692837053125 0.8029443515624999 0.69554488125 0.84027113125 0.693511325 0.860143659375 0.685940103125
1 0.7895894046875 0.7060199265625 0.7402597453124999 0.7034171640625 0.7339909734375001 0.7066083953125 0.7311881687499999 0.7102976562500001 0.7310113125 0.718023428125 0.75153979375 0.7265209875 0.7679165218749999 0.72977913125 0.7763290265625 0.7308698953125 0.8178260828124999 0.7224713046875 0.8159723015625 0.7132340171875 0.7895894046875 0.7060199265625