1 0.2748005171875 0.7991675765624999 0.281475140625 0.8017785921874999 0.3409821296875 0.80456228125 0.344066921875 0.8006246171875 0.34403785625 0.79563480625 0.32890967656250003 0.7898828296875 0.2977914640625 0.782854225 0.2747016953125 0.7822022171875 0.27115545937499996 0.783138253125 0.272119040625 0.7961272453125 0.2748005171875 0.7991675765624999
1 0.290444671875 0.74106545 0.29800004375 0.74244449375 0.34460179062499996 0.7400138921875 0.353024828125 0.7379155500000001 0.3538416296875 0.7257059953125 0.348049203125 0.7221124984375 0.328510028125 0.7212729265625 0.3089868390625 0.72317775 0.2850453890625 0.7287475234375 0.2850875328125 0.73598275 0.290444671875 0.74106545
1 0.2852750046875 0.7681670328125 0.28932047031249997 0.7767193781249999 0.3013173546875 0.7784253203125 0.32526461875 0.7738535078125001 0.3407772203125 0.7693841124999999 0.35094285625 0.7615784515625 0.3482642859375 0.7590371015625 0.34115001562499997 0.7571668140625001 0.32472324375 0.7571299 0.29368205468749997 0.76332429375 0.2861542984375 0.7666855703125 0.2852750046875 0.7681670328125
1 0.277382478125 0.708906178125 0.28449965312500003 0.7112754453125001 0.30758651718749996 0.7114284718749999 0.33242760625 0.7078701015625 0.33858846875 0.69849783125 0.33634809374999997 0.694966259375 0.315894746875 0.6896203765625 0.3092361078125 0.68975375625 0.285290296875 0.6945750578125 0.2782370640625 0.7031833765625 0.277382478125 0.708906178125
1 0.277649184375 0.6784760703125 0.2856500140625 0.6801123453125 0.318497746875 0.6791882171875 0.33358377968749997 0.677704965625 0.33889586875 0.6750534578125 0.34328797031249997 0.6668976765625 0.34016685 0.6645980765624999 0.3166170875 0.6611939328124999 0.3006372265625 0.6616637390625 0.2793510921875 0.665783015625 0.2762648484375 0.6694711875 0.277649184375 0.6784760703125
1 0.269941221875 0.650900515625 0.3121145359375 0.65038843125 0.32008775312500004 0.6472843859374999 0.3218521515625 0.6453194250000001 0.321386346875 0.6415693250000001 0.3155953734375 0.63822531875 0.300922828125 0.6344770078125 0.28049128125 0.6328734828125 0.260962278125 0.63378034375 0.2570156359375 0.64219335625 0.2610552859375 0.6497477390624999 0.269941221875 0.650900515625
1 0.256009909375 0.621969140625 0.270669375 0.6234720375 0.3066077125 0.6196082046875 0.3203457421875 0.6153573359375 0.3198755765625 0.610858765625 0.3167573609375 0.609058146875 0.2918697671875 0.6046328171875001 0.271441128125 0.6035282734375 0.2607966046875 0.605338421875 0.25726054375 0.608020890625 0.256009909375 0.621969140625
1 0.2562519109375 0.5872976921874999 0.2687073328125 0.5915062828125001 0.317089465625 0.5898551140625 0.3263947015625 0.5867742921875 0.3303282640625 0.5761158640625 0.30894766875 0.564018253125 0.26859252499999997 0.5717965265625 0.2610647671875 0.575157803125 0.2575345171875 0.5788382359375001 0.2562519109375 0.5872976921874999
1 0.31203536718749997 0.5605795703124999 0.3275407015625 0.554862721875 0.329303646875 0.55264826875 0.32839238125 0.5486409390625 0.3159267859375 0.542685915625 0.2795052078125 0.5398057625 0.2608845625 0.5442209734375 0.2596092203125 0.553927884375 0.27250574375 0.5576452328125 0.31203536718749997 0.5605795703124999
1 0.269184071875 0.5209159359375 0.2771849015625 0.5225522109375 0.3051543796875 0.5225408953125 0.3162443578125 0.5209879796875 0.31568554375 0.501270484375 0.292134328125 0.4976168484375 0.281497075 0.5006744484375 0.27352821875 0.504526965625 0.26072324999999996 0.516527521875 0.269184071875 0.5209159359375
1 0.2596681109375 0.487820625 0.28097749843750003 0.4876932 0.29606208125 0.4859604578125 0.3035941984375 0.48334765468749996 0.3111103296875 0.47799045468749995 0.29992879375000003 0.463825465625 0.2604485828125 0.46937380468749995 0.2458617796875 0.4803454375 0.24766105624999998 0.48436825 0.2596681109375 0.487820625
1 0.24259533125 0.45309678125 0.2443771671875 0.45412570625 0.2572562515625 0.4548491671875 0.31540215781250003 0.4526198234375 0.3277747453125 0.44260745 0.3277514921875 0.43861560156249996 0.312166228125 0.43061047031250005 0.3059515953125 0.430751590625 0.24429142499999998 0.4394057625 0.2398847890625 0.4450666390625 0.24259533125 0.45309678125
1 0.2565971625 0.4179168265625 0.291267421875 0.42500735624999997 0.322810746875 0.4288003234375 0.32901520781250004 0.42691276875 0.3280850515625 0.41966206093749997 0.322729365625 0.41482885156249993 0.291135175 0.4023037140625 0.2800321171875 0.401611215625 0.254307375 0.405902575 0.251669496875 0.4103469609375 0.2565971625 0.4179168265625
1 0.306634696875 0.395588903125 0.3225869453125 0.39037877656250003 0.3252088375 0.38318999531250003 0.29808522656249997 0.37598156718750003 0.26032726875 0.37232971875 0.2567897546875 0.3747626984375 0.24841758125000002 0.38559320937499997 0.2519827078125 0.38790055 0.306634696875 0.395588903125
1 0.24292383437499998 0.35705839687499996 0.2518461015625 0.3644484375 0.3046595765625 0.36137773281249996 0.31969910625 0.3519107859375 0.3178998296875 0.3478879734375 0.25125676874999997 0.33949164062500004 0.242420246875 0.34682154375 0.239783821875 0.3515154203125 0.24292383437499998 0.35705839687499996
1 0.2364418015625 0.3112932546875 0.2355741359375 0.3147706421875 0.237818871875 0.3190506859375 0.2516077671875 0.3235319875 0.275587003125 0.3244489671875 0.3275066515625 0.32036481875 0.32746450781249997 0.3131295921875 0.32344955937500003 0.3098165484375 0.3029976671875 0.30472015468749997 0.27235397968749997 0.30293859218749997 0.2554962796875 0.3051393515625 0.2395382203125 0.3093515171875 0.2364418015625 0.3112932546875
1 0.2544643953125 0.280424303125 0.25804405468749997 0.28522655 0.2714223703125 0.2954383953125 0.274975871875 0.295749809375 0.29049283125 0.2920288875 0.314871021875 0.2852193984375 0.32195332187500003 0.2816008921875 0.3254268953125 0.26819032656249997 0.320970846875 0.265368525 0.31209217968749997 0.2654632 0.2872438234375 0.2677741171875 0.25578769375 0.27895058281249996 0.2544643953125 0.280424303125
1 0.2536091140625 0.20981073437500003 0.2598833296875 0.219898728125 0.2829745546875 0.22080022656249998 0.31005020625 0.219775465625 0.3361942484375 0.2112505078125 0.336168090625 0.2067596765625 0.333933528125 0.20422606875 0.324142140625 0.20006392343749999 0.3001585453125 0.19839847187499998 0.2815175546875 0.1993208140625 0.2659846078125 0.20029734375000002 0.2544607953125 0.203588953125 0.2536091140625 0.20981073437500003
1 0.3315470640625 0.2518323203125 0.33509039375 0.250397303125 0.33684607187500004 0.24693539687500002 0.3363773609375 0.2426863171875 0.3256863359375 0.23651276718749997 0.31191488125 0.23502535156249998 0.2826046640625 0.233516503125 0.2706586453125 0.2405427296875 0.27164402656250003 0.25727407812499997 0.274765146875 0.2595736796875 0.3315470640625 0.2518323203125
1 0.25838564062499997 0.19143358125 0.2743872984375 0.1947061328125 0.31121800624999996 0.1916062546875 0.3218523546875 0.188049671875 0.3271513625 0.18315275 0.3226851421875 0.17858451250000001 0.30846532031249996 0.1763408859375 0.2582839109375 0.1739692421875 0.2548001671875 0.185633371875 0.256156890625 0.189897934375 0.25838564062499997 0.19143358125
1 0.293179496875 0.0673075578125 0.3060571265625 0.0677815296875 0.3366775609375 0.065571240625 0.354389846875 0.057647681250000006 0.357458653125 0.050965621875 0.3556739078125 0.049437715625 0.339235509375 0.047404875 0.2939483421875 0.046864812500000005 0.282883065625 0.05265906875 0.286506325 0.0649460328125 0.293179496875 0.0673075578125
1 0.2539012890625 0.1075350875 0.273913534375 0.11337221093750001 0.31876251093749997 0.1149024953125 0.3333318765625 0.10093697500000001 0.3328500859375 0.09444248125 0.31194837343750004 0.088340384375 0.3026256984375 0.0884273203125 0.2582745 0.096135928125 0.254298790625 0.0995591296875 0.2539012890625 0.1075350875
1 0.3797621390625 0.0690664875 0.3797926578125 0.0743057890625 0.431351134375 0.0844348625 0.46232692656249996 0.067013390625 0.46761285625 0.059871053125 0.4671238 0.05212910625 0.4138561453125 0.053445634374999995 0.396106075 0.054882440624999994 0.3841513359375 0.060411723437499995 0.3797621390625 0.0690664875
1 0.391589684375 0.11791840468749999 0.40716477500000003 0.12417710312500001 0.4594296078125 0.1031353375 0.45896235 0.0991357484375 0.4536226484375 0.097046934375 0.41809925625 0.095928696875 0.38392531875 0.09782756875000001 0.3777310328125 0.10146155625 0.391589684375 0.11791840468749999
1 0.3824341328125 0.14669675468750001 0.4197815109375 0.15607914375 0.4418975265625 0.141995728125 0.438300425 0.1341995921875 0.423624971875 0.12995230156249998 0.39964573593749997 0.1290353234375 0.380573821875 0.1321953390625 0.377474496875 0.133638096875 0.377499203125 0.1378794375 0.3824341328125 0.14669675468750001
1 0.4241132703125 0.21378113124999998 0.44088522656249995 0.196860428125 0.4359735484375 0.19203495937499998 0.3884285640625 0.184969440625 0.384885234375 0.18640445781249998 0.36327426093750004 0.21097421875000003 0.37665402812500004 0.22143555468749998 0.4241132703125 0.21378113124999998
1 0.40886661562500004 0.2639072984375 0.44036779531250003 0.26046503906249996 0.4563273109375 0.256502365625 0.46118812656249997 0.2525956640625 0.45581209375 0.2442695875 0.3998440734375 0.23930240937499997 0.396829040625 0.2552156203125 0.40042904687499997 0.26351073281250004 0.40886661562500004 0.2639072984375
1 0.3851111828125 0.301411865625 0.422449840625 0.3092973109375 0.448644746875 0.309504521875 0.4557357640625 0.30738295937500004 0.457465284375 0.299430225 0.455236534375 0.29789457812500003 0.43299844531250004 0.29102078750000004 0.40500135625 0.2862917828125 0.3845698078125 0.28468825781249996 0.38016753125 0.2910976046875 0.3811049546875 0.299595765625 0.3851111828125 0.301411865625
1 0.3488669015625 0.32896956093749996 0.3564731359375 0.339080775 0.361808475 0.340421115625 0.42173040781250004 0.3382227328125 0.4283745109375 0.3355944484375 0.4420834765625 0.326353771875 0.443393696875 0.322634634375 0.4407078609375 0.31884583125 0.39807891562500003 0.31735425156249997 0.366573375 0.3200480390625 0.35371463593749997 0.3228174453125 0.3488669015625 0.32896956093749996
1 0.36556979375 0.3764096828125 0.3775870234375 0.38160849375 0.4250666109375 0.37744693749999997 0.44853063125 0.3661311390625 0.43648869531249995 0.35669098906249996 0.416054240625 0.35458848125000003 0.377882796875 0.356168196875 0.3641723796875 0.365159384375 0.3633221515625 0.37163065781250004 0.36556979375 0.3764096828125
1 0.35912623906249996 0.413467665625 0.365821209375 0.41957155 0.37780791874999997 0.419531059375 0.425280240625 0.41412205156250004 0.4496032078125 0.397831921875 0.4482610171875 0.396062265625 0.4407041921875 0.39443373125000003 0.411392525 0.392675390625 0.369711175 0.40142840468749996 0.359536821875 0.40773712343749996 0.35912623906249996 0.413467665625
1 0.36995532343750004 0.44334281875 0.3832842265625 0.4450719828125 0.4174668828125 0.44467005625 0.437425359375 0.441276028125 0.44273599218750004 0.43837503125 0.4436123796875 0.4363945875 0.4404839890625 0.4328475359375 0.4311235296875 0.42644771718749996 0.4084835796875 0.4268014125 0.3849701484375 0.42963453281249997 0.3703455578125 0.43411940937500004 0.36995532343750004 0.44334281875
1 0.402105421875 0.47508646875 0.40964916406249996 0.47446959062499994 0.42916944843750005 0.4720657859375 0.435363734375 0.46843179843750005 0.43355864375 0.4634110234375 0.4210843296875 0.4559590578125 0.37932886250000003 0.451988053125 0.361567165625 0.45142893281249996 0.3496443984375 0.46244700937500005 0.39010999062499996 0.47363001875000005 0.402105421875 0.47508646875
1 0.35425303750000003 0.4914653234375 0.396044834375 0.5016735890625 0.402259465625 0.50153246875 0.4195350140625 0.494848621875 0.42350927031249996 0.4911759296875 0.41322737343749993 0.479022346875 0.401673040625 0.47707465468750004 0.38613428125000004 0.47705321874999995 0.35684150468750003 0.4785382578125 0.35377851250000003 0.48621827968750003 0.35425303750000003 0.4914653234375
1 0.3709036125 0.5299237828125001 0.421486884375 0.5250679421875 0.43744785 0.5213547593750001 0.438769696875 0.5196315484375 0.43741006562500007 0.5148680062500001 0.41827275156250004 0.506800946875 0.3707553796875 0.5044757468750001 0.362786521875 0.5083282625 0.36101921875 0.50979424375 0.36197989218750004 0.522284253125 0.3709036125 0.5299237828125001
1 0.35503274687499997 0.5491053828125 0.371038765625 0.55312640625 0.41898125156250005 0.55221596875 0.42208348124999995 0.5512721921875 0.42025659375 0.542509059375 0.40556369999999997 0.5352678796875 0.40067381874999997 0.5341847703125 0.37980989374999996 0.534569428125 0.35495863125 0.5363813625 0.3523236609375 0.5413247296875 0.35503274687499997 0.5491053828125
1 0.3565478765625 0.5805644140624999 0.366791990625 0.58623124375 0.3818969171875 0.5879913703125 0.4111853328125 0.5857578625000001 0.429814696875 0.5828395937499999 0.43775303593750003 0.5737477765625 0.41815573125 0.56292858125 0.4146065890625 0.5633656375 0.378679878125 0.56922539375 0.355632253125 0.5758086125 0.3565478765625 0.5805644140624999
1 0.41942304531249996 0.6280611 0.42297509375000003 0.6281230265625 0.433168340625 0.625057684375 0.43976739531250003 0.6146951921875 0.43885031874999997 0.6096898984375 0.43394154531250007 0.6053634125 0.425937809375 0.6032281546875 0.3788644421875 0.6009106953125001 0.36740021562499997 0.61443141875 0.367436546875 0.6206686828125 0.41942304531249996 0.6280611
1 0.387176271875 0.65593795 0.41249188593749997 0.6576266234375 0.4408908359375 0.6551281421875 0.44620583125 0.6529756171875001 0.4554558421875 0.6404141515624999 0.454097665625 0.6359001 0.3950434 0.6346210953125 0.3817769890625 0.6436200249999999 0.3840478828125 0.6523908984375 0.387176271875 0.65593795
1 0.4179769109375 0.6846644937499999 0.45127300937500003 0.684496575 0.4520622 0.6675466984375 0.45026582812499993 0.6640228671874999 0.42671170781249995 0.6598702515625 0.379236478125 0.6647802781250001 0.379330940625 0.6809971640625 0.3944402265625 0.683505765625 0.4179769109375 0.6846644937499999
1 0.385228003125 0.7025539828125 0.3865672859375 0.70382465625 0.39635867343750003 0.7079868031250001 0.42966203593749996 0.7090663359375 0.45496166562499996 0.7080106140625 0.45666938593750006 0.6963155203125 0.45440284999999997 0.68829311875 0.42686139375 0.6855677796874999 0.4108800796875 0.6857880953125 0.3940180203125 0.6872403828125 0.387400075 0.694359496875 0.385228003125 0.7025539828125
1 0.41122305 0.7446678671875 0.4467391796875 0.744538653125 0.45468333124999993 0.7364447953125 0.455542278125 0.7314704671875 0.45151861093749995 0.7266604812499999 0.44662001093750003 0.7240804265625 0.3955447765625 0.7206953390625 0.393780378125 0.7226603015624999 0.392095909375 0.7383472421875 0.3956770234375 0.7433989796875 0.41122305 0.7446678671875
1 0.38792034375 0.78367711875 0.3999026953125 0.7828881546875001 0.425181978125 0.7783395640624999 0.432705375 0.7742298171875001 0.4371047453125 0.7673214890625 0.43175777968749995 0.763985221875 0.387760484375 0.75623315625 0.3722696796875 0.764444909375 0.37281105625 0.78116851875 0.3799267796875 0.7832882953125 0.38792034375 0.78367711875
1 0.3921111359375 0.8171785203124999 0.39611009531249997 0.8177471671875001 0.4324982515625 0.8148890375000001 0.447114121875 0.8089072171874999 0.44663087656249995 0.80216323125 0.3999157734375 0.7851335703125 0.391926571875 0.7854932171875 0.3817609359375 0.7932988796875 0.3791681078125 0.8054774734375 0.3921111359375 0.8171785203124999
1 0.5573293609375 0.828291253125 0.5621640171875 0.819893721875 0.538043815625 0.7947761578125 0.52958880625 0.79138570625 0.493178853125 0.790501478125 0.4932515171875 0.80297600625 0.49820679375 0.8152861921874999 0.5573293609375 0.828291253125
1 0.4770841859375 0.7712615296875 0.4882075890625 0.775446896875 0.5210742140625 0.77776614375 0.5530353875 0.7770760203125 0.564549028125 0.7720379765625001 0.567194171875 0.76884104375 0.5658359953125001 0.7643269921875 0.5333741375 0.755279240625 0.48897643437499994 0.7550041515625 0.48098868437500003 0.755613290625 0.47656896875 0.7590287515624999 0.4770841859375 0.7712615296875
1 0.5097822328125 0.7446398703125 0.5541683078124999 0.7429190359375 0.5701191031249999 0.73745941875 0.5718718765624999 0.7334985328125 0.5691598812499999 0.7252189015625 0.52113891875 0.7126568484375 0.5016520625 0.7207989343750001 0.49414900937499995 0.7284015515625 0.49910573906250005 0.7409612250000001 0.5097822328125 0.7446398703125
1 0.49756881093749994 0.705759834375 0.5051256328125 0.7073883703125 0.52910486875 0.7083053500000001 0.5645846671875 0.701938871875 0.5654508796875 0.69821199375 0.559646828125 0.6926225734375 0.537426178125 0.68874266875 0.51700044375 0.68813710625 0.5001427453125 0.6903378640625 0.49349718593749997 0.6927166609375 0.49756881093749994 0.705759834375
1 0.5102517046874999 0.672802071875 0.5409012046874999 0.6755815953125001 0.5586076765625 0.6666600734375 0.558561171875 0.658676375 0.5567807874999999 0.6578969406249999 0.5212297828125 0.6520383828125 0.4972912359375 0.6581071374999999 0.49376244218750004 0.6620370609374999 0.49824609999999997 0.669599184375 0.5102517046874999 0.672802071875
1 0.492245859375 0.6303285390625 0.4962622578125 0.633891071875 0.5335805703125 0.63828365 0.5446734546875 0.6372297140625001 0.5654821578125 0.6273644171874999 0.5645723484375 0.623606578125 0.5601061265625 0.6190383390624999 0.5445412078125 0.614526075 0.536550553125 0.6146362328125 0.496163434375 0.6169257140625 0.49439467812500004 0.6181422046875 0.492245859375 0.6303285390625
1 0.48406046406250003 0.5970069609374999 0.49250820624999997 0.5991499578124999 0.5195925781249999 0.5996221421875 0.54971378125 0.5879234734375001 0.5323772 0.5841287171875 0.48130487187500004 0.5812426109375 0.47865100937499994 0.5829426 0.47692439374999995 0.5913943171875 0.48406046406250003 0.5970069609374999
1 0.4812045953125 0.5640277625000001 0.49719753593749993 0.565803371875 0.52470556875 0.562790428125 0.5557482109375 0.5568455218749999 0.5557322250000001 0.5541011265625 0.549928171875 0.5485117046875 0.52014343125 0.5417558125 0.5125967828125 0.5418737109375 0.4806443296875 0.5440607765625 0.47673837812500003 0.5594595265625 0.4812045953125 0.5640277625000001
1 0.4783298375 0.5278051875 0.4818964171875 0.5303620203125 0.49656024375 0.532613384375 0.520516228125 0.5295385171875 0.547548284375 0.521029040625 0.5399711140625 0.5159076375 0.5079968625 0.5143523437499999 0.4800361046875 0.5158606031249999 0.4769527671875 0.5200477593749999 0.4783298375 0.5278051875
1 0.49501895625000003 0.49666352343750003 0.5162992796875 0.49154628593750005 0.5198367937499999 0.48911330625 0.520698646875 0.48463795625 0.5180099046875 0.48035017343749997 0.5157724359375 0.4773175828125 0.5104312828124999 0.4749792796875 0.4726907640625 0.47432131875000005 0.46118003124999996 0.47985834218749995 0.4647945703125 0.4906483625 0.4848068171875 0.49648548750000004 0.49501895625000003 0.49666352343750003
1 0.524592975 0.467243284375 0.529477040625 0.46732843125 0.5448966328125 0.446891640625 0.54355008125 0.4443735125 0.49995755624999993 0.4298929421875 0.49418402187500005 0.42954282343749994 0.4774265984375 0.448958428125 0.479230234375 0.45372971250000005 0.524592975 0.467243284375
1 0.479923509375 0.420313459375 0.5079249609375001 0.42579093593749995 0.55717185 0.4201634 0.5611562796875 0.41823714218749997 0.5606773953124999 0.41224162656249996 0.5512791515625 0.3993550546875 0.5477212890625001 0.398295165625 0.50375741875 0.39628138281249997 0.48027450624999996 0.4043538046875 0.47233762031250004 0.41369511406250004 0.47636128906249997 0.41850509999999996 0.479923509375 0.420313459375
1 0.5143510859375 0.32954925 0.5073141999999999 0.32592401249999997 0.511255615625 0.333435690625 0.507462821875 0.34645293593750004 0.562510859375 0.34591584062499997 0.58197155625 0.333282925 0.5823676046874999 0.3250574765625 0.563207040625 0.3129985703125 0.5543109312500001 0.310099359375 0.5072695375 0.31327069375 0.501905378125 0.3341483453125 0.506503965625 0.3206560015625 0.5143510859375 0.32954925
1 0.49251851562500004 0.2960498921875 0.5542891328125 0.3063570015625 0.5622812421875001 0.3064963328125 0.564495459375 0.305537075 0.5897107984375001 0.2900109 0.5576362703125 0.27124075625 0.5483135953125 0.27132769375 0.49509099531249995 0.2803784296875 0.49116324375 0.2920348203125 0.49251851562500004 0.2960498921875
1 0.49073453125000005 0.21843510625 0.498726640625 0.2185744375 0.5395286953125 0.2113028859375 0.5599268187499999 0.20716812812500002 0.5625777765625 0.2049691578125 0.564320375 0.19926183749999998 0.56120070625 0.197211728125 0.537649490625 0.1935580921875 0.518114675 0.19346699218750002 0.502580275 0.194194028125 0.4915048296875 0.19824185156250002 0.49073453125000005 0.21843510625
1 0.5034588078125 0.268799446875 0.5070268421875 0.27160576875000003 0.5757634984375 0.2583351265625 0.5805996062500001 0.2501870859375 0.5779137734375001 0.24639828281249998 0.57034386875 0.24252433281250002 0.53392665 0.24039265156249998 0.5179482421875 0.24111194687499998 0.512193603125 0.2440052046875 0.5034588078125 0.268799446875
1 0.47045197656250004 0.16619273437499998 0.4682769984375 0.173888240625 0.4834197109375 0.182135121875 0.54908610625 0.1752970484375 0.571263159375 0.1716922359375 0.5756349171874999 0.1600435875 0.53386491875 0.15357767656250002 0.5218782078124999 0.15361816718750002 0.4943701765625 0.1566311125 0.47841066093749995 0.1605937859375 0.47045197656250004 0.16619273437499998
1 0.48847456874999995 0.13532378437499998 0.5022983421875 0.145792859375 0.5573013265625 0.13752155625 0.5608446578125 0.13608653906249998 0.5639090999999999 0.128656009375 0.5638625953124999 0.1206723109375 0.5620793078124999 0.1193938953125 0.5460791 0.1163708328125 0.5212220249999999 0.11718480625000001 0.4941536375 0.11945701875 0.48887061718749997 0.1270983390625 0.48847456874999995 0.13532378437499998
1 0.5060865796875 0.1101853765625 0.5212031328125 0.11394142968750001 0.56962014375 0.118278034375 0.5731663796875 0.1173419984375 0.58774155625 0.1043744421875 0.587700865625 0.09738870468750001 0.5801295093750001 0.09326526562500001 0.5570310203125 0.09111631406250001 0.52550949375 0.091065703125 0.50998090625 0.0927907046875 0.5033397078124999 0.0959179703125 0.5060865796875 0.1101853765625
1 0.520916840625 0.0647917875 0.545871284375 0.0806936828125 0.5529884609375 0.08306294843749999 0.58307769375 0.0658754875 0.584383553125 0.0614078796875 0.582121378125 0.0541339484375 0.576328953125 0.0505404515625 0.564774621875 0.048592759375 0.5470114703125 0.0477841515625 0.532810540625 0.048783900000000005 0.5257122562500001 0.049658010937500004 0.52085725625 0.054562675000000005 0.520916840625 0.0647917875
1 0.6038718640625 0.053515282812499995 0.60434348125 0.058263343749999995 0.6168076234375001 0.06396887500000001 0.6310274453125 0.066212503125 0.69405741875 0.06406830625 0.732547890625 0.0410401453125 0.7183324265625 0.0395449890625 0.6650531484375 0.0388655953125 0.65706249375 0.038975753125 0.6238041812499999 0.0456304265625 0.6038718640625 0.053515282812499995
1 0.65526245625 0.11103982187500001 0.662807653125 0.11067243281250001 0.7044555765625 0.0961811359375 0.7061807375 0.0874799296875 0.682609175 0.080333425 0.6350729109375 0.0747648484375 0.6302789468750001 0.090148115625 0.6312149171875 0.0983967859375 0.65526245625 0.11103982187500001
1 0.6248047875 0.14119305 0.628381540625 0.145496315625 0.6332685125 0.1460804453125 0.690951521875 0.1405999828125 0.7144562328124999 0.13626992031250001 0.7153369796875 0.13503795000000002 0.675244184375 0.1116376453125 0.65882613125 0.113097671875 0.6277747687499999 0.11754563437500001 0.6220244890625 0.12118736249999999 0.6248047875 0.14119305
1 0.60678655625 0.172810475 0.60937938125 0.16063188125 0.60492188125 0.1575605875 0.59872178125 0.16019661406250002 0.6001061171875001 0.1692014953125 0.604579603125 0.17501718593749999 0.60678655625 0.172810475
1 0.633003259375 0.17676004375 0.7088352953125 0.1621163078125 0.70924296875 0.1558867859375 0.6794625875 0.14987936562499998 0.664357659375 0.1481192375 0.643940646875 0.14901061875 0.611132153125 0.1566709953125 0.61166916875 0.17264613125 0.633003259375 0.17676004375
1 0.6109395609375 0.19982512187499998 0.61194238125 0.21955035625 0.6163998828125 0.2226216515625 0.66076851875 0.21790692968749997 0.7122194562499999 0.20957370156250002 0.6992749765624999 0.19762316562499999 0.6912552546875 0.1927435109375 0.64417898125 0.1899270703125 0.62243866875 0.192292171875 0.6126996 0.19711168750000002 0.6109395609375 0.19982512187499998
1 0.65251696875 0.24944515625000002 0.659687915625 0.2610455734375 0.707633309375 0.26063411875 0.7191077109374999 0.24885982968749998 0.72130739375 0.24540566406250003 0.7194834125 0.2371415140625 0.7034817546875 0.23386896250000003 0.682173821875 0.2342458796875 0.659995315625 0.23760120156250003 0.6524661046875 0.24071298593749998 0.65251696875 0.24944515625000002
1 0.6683899796875 0.3068494203125 0.6879044484375 0.303447653125 0.7162525359374999 0.29221700156249997 0.7188933203125 0.2882715984375 0.6690498296875 0.2676948828125 0.63539546875 0.2825750046875 0.63231213125 0.286762159375 0.6314706234374999 0.2947303765625 0.6683899796875 0.3068494203125
1 0.6312024625 0.3249109921875 0.6325519203125001 0.3279281015625 0.64504076875 0.337874971875 0.6606115 0.3433851984375 0.66460755625 0.343454865625 0.6725923984375 0.3423467453125 0.704492534375 0.331178021875 0.7062264140625001 0.32397375781250004 0.7048740484375 0.3204576671875 0.6839331 0.3076193265625 0.6723831296875 0.30642010625 0.6528613921875001 0.3085744203125 0.6448823625 0.3106805015625 0.635591659375 0.31625623125 0.6312024625 0.3249109921875
1 0.6452732890624999 0.3777934625 0.6577170859375 0.3800061265625 0.7051661546875 0.3706052703125 0.6961944796874999 0.35473255 0.68196303125 0.3504929984375 0.6646293546875001 0.3471972234375 0.6135802781249999 0.34830296562499996 0.6042619625000001 0.349138375 0.6016705906250001 0.3615664578125 0.6452732890624999 0.3777934625
1 0.60728205 0.41031000625 0.6375296890625 0.4203170171875 0.6415257453125001 0.42038668125 0.67299059375 0.4107071609375 0.6742688390625 0.40149923125000003 0.6702495328125 0.397437715625 0.649308584375 0.3845993734375 0.61956308125 0.38457972812499996 0.601862421875 0.39449921250000003 0.6001430734375 0.40419838124999996 0.60728205 0.41031000625
1 0.6008166968750001 0.4436256296875 0.6177586859375 0.4558953234375 0.6346527156249999 0.45993182812500005 0.6745202546875 0.444661096875 0.6375456749999999 0.42306141249999996 0.6295448453125 0.4214251359375 0.621568721875 0.42403019999999997 0.60562519375 0.4307372703125 0.601655296875 0.43515843125 0.6008166968750001 0.4436256296875
1 0.5823282984375 0.47074448281250003 0.5863563265625 0.476302940625 0.6334514921875 0.48236275781250004 0.6458763953125 0.48133204375 0.66934768125 0.4712636984375 0.6719739328125 0.4648233890625 0.669293909375 0.46203254843749997 0.6408644406249999 0.459291728125 0.6222147312499999 0.45871712656249997 0.5982485734375 0.4600455640625 0.588936071875 0.4618789328125 0.58495455 0.464304171875 0.5823282984375 0.47074448281250003
1 0.606899775 0.4971172390625 0.603401496875 0.506286465625 0.6069666234375 0.5085938062500001 0.629200353125 0.5147191234374999 0.6895706515625 0.5132769546875 0.6940048984375 0.5123564 0.6953122109375001 0.5081382828125001 0.6694348765625 0.4862331328125 0.66588428125 0.48642069687499995 0.6264026171875 0.4917195484375 0.6139893390625 0.4947461859375 0.606899775 0.4971172390625
1 0.60668393125 0.536279515625 0.6577896828124999 0.54490390625 0.6617755640625 0.5432271390625 0.6630567203125 0.534518190625 0.6576414500000001 0.5194558687499999 0.6225533421875 0.516848428125 0.6065763890625 0.5178172156249999 0.602161034375 0.5219811484375 0.6013209796875 0.53019885625 0.60668393125 0.536279515625
1 0.60733720625 0.572213896875 0.633591696875 0.582650221875 0.6540319640625001 0.5857506921875 0.6748610109375 0.579378259375 0.6774959828125 0.5744348921875 0.6654046375 0.5565120640625 0.6081176765625 0.5537670765625 0.6037212140625 0.5611743875 0.604213178125 0.5694153171874999 0.60733720625 0.572213896875
1 0.6426113328125 0.6067561312499999 0.67410379375 0.601816928125 0.6794100671875001 0.5981674578125 0.6736045625 0.5923285468749999 0.651363565625 0.584955775 0.6149448937499999 0.582574603125 0.6069789437499999 0.5869261 0.6047937906249999 0.5928751703125 0.60969965625 0.5967026765625 0.6426113328125 0.6067561312499999
1 0.6227240671875001 0.6223751953125001 0.6271990062499999 0.628440375 0.634771815625 0.6328133078125 0.64633631875 0.6365074328125 0.65832884375 0.6374649031249999 0.6876070875 0.6334849609375001 0.6871369234375 0.628986390625 0.66574760625 0.6153918359375 0.654191821875 0.6131946546875 0.6284351078125 0.6119972203125 0.6244477734375 0.613424496875 0.621802628125 0.6166214296875 0.6227240671875001 0.6223751953125001
1 0.6011203609375 0.6481924078125 0.603383990625 0.6557158281250001 0.6127211953125 0.6581237984375 0.6229362421875 0.658800815625 0.648238778125 0.658244075 0.6562250749999999 0.65738544375 0.67438718125 0.6504675875 0.6748137468750001 0.647481440625 0.6681231359375001 0.6421260281250001 0.655230975 0.6391571515625001 0.6387998421875001 0.638371765625 0.618832646875 0.640268846875 0.6019851203125001 0.644216040625 0.6011203609375 0.6481924078125
1 0.6120904140625 0.702268146875 0.631211740625 0.707590809375 0.6467592203125 0.7091091859375 0.674273065625 0.7070942046875001 0.677814940625 0.705409696875 0.6759618921875 0.6921557328125 0.642629465625 0.6860863875 0.6284125484375 0.6843417421875 0.6244237609375001 0.685519528125 0.6146919578125 0.6915864968750001 0.6067434453125 0.6989318812499999 0.6120904140625 0.702268146875
1 0.6230037859374999 0.7466137515625 0.6594384468750001 0.7517393203125 0.6637593374999999 0.731358503125 0.6232748546875 0.7169321171874999 0.61794678125 0.716839228125 0.6033512578125 0.7263139171875 0.6109909171875 0.7421634125 0.6230037859374999 0.7466137515625
1 0.639433465625 0.7471496484375 0.6594384468750001 0.7517393203125 0.6775700312499999 0.7395821609375 0.6779893328125 0.7353485625 0.6633138796875 0.731101271875 0.6397844625 0.7311899953125 0.6304981187500001 0.7375141921874999 0.6305329984375 0.7435019671875 0.639433465625 0.7471496484375
1 0.636129925 0.789750609375 0.65924149375 0.7941449765625 0.690783365625 0.7976884531249999 0.69387396875 0.7947487515625 0.6639409953125 0.762544821875 0.639078109375 0.7623608328125 0.61867708125 0.7659966093749999 0.61744243125 0.7826892546875001 0.636129925 0.789750609375
1 0.608366809375 0.8251895859375 0.6096450578125 0.8159816578125 0.6091603609375 0.8089881812499999 0.6073843359375 0.80895721875 0.6038511796875 0.8121386703125 0.6025685734375 0.8205981281250001 0.608366809375 0.8251895859375
1 0.626589953125 0.8287503328125 0.654134315625 0.8319746531250001 0.69494509375 0.8262000437499999 0.6953193421874999 0.8142322375 0.691310209375 0.8119171546875 0.657105753125 0.808576725 0.6162688171874999 0.8098605031250001 0.6194669640625 0.8253831046875 0.6208091546875 0.8271527609374999 0.626589953125 0.8287503328125
1 0.77404648125 0.8393039453125001 0.8016082843750001 0.845522153125 0.8331617828125 0.8510615546875 0.836710925 0.8506244984375 0.8384026609375 0.8361850093750001 0.835695025 0.82865385 0.787652265625 0.8123494375 0.7734760421875 0.817590528125 0.7611238015625 0.83109576875 0.77404648125 0.8393039453125001
1 0.7811498875 0.7630914265625 0.8135260000000001 0.757419234375 0.82815204375 0.7531838468750001 0.8343288890625 0.746555971875 0.8258549890625 0.73992214375 0.8196200109375 0.7365703984375 0.8125057421875 0.7347001140625 0.75033616875 0.7321194703125 0.7490085093750001 0.73284471875 0.7499866234375 0.7483286140625001 0.7615889124999999 0.7585094953125 0.7811498875 0.7630914265625
1 0.788889128125 0.719819403125 0.8208561140624999 0.72012724375 0.825286003125 0.718458215625 0.821220190625 0.706413003125 0.8163201375 0.7035834578125 0.7847303078125 0.6918067921875 0.7505084140625 0.685472475 0.74482934375 0.7013392421875 0.7533468421875 0.7154577875 0.788889128125 0.719819403125
1 0.7771516843749999 0.6864358984375001 0.781591746875 0.68651330625 0.8290059375000001 0.671124675 0.8303161578125 0.6674055390625 0.8240782718749999 0.6635548109375 0.80406893125 0.6582166671875 0.74900055 0.6552608953125 0.7441789734375 0.6659038421875 0.7486713515625001 0.6749629078125 0.7771516843749999 0.6864358984375001
1 0.7630663249999999 0.631058525 0.7755464546875 0.6395084515625 0.79244775 0.6447924078125 0.8159742609375 0.644204703125 0.83457310625 0.6360471375000001 0.7896020578125 0.6135596453125001 0.7842725296874999 0.6132172671875 0.7683246421875001 0.619175865625 0.7643518390625 0.623098046875 0.7630663249999999 0.631058525
1 0.7660275875 0.6059141625 0.7882584125000001 0.6115404984375 0.8077961328125 0.61213058125 0.8140005921875 0.6102430265625001 0.8193068671875 0.60659355625 0.819736340625 0.6041063906249999 0.803222371875 0.5891000421875 0.7565741187499999 0.5835469468750001 0.74813945625 0.5836493625 0.74154766875 0.595259309375 0.749123384375 0.6001312234375 0.7660275875 0.6059141625
1 0.731618221875 0.5673955609375 0.75652325625 0.5748147765625 0.76007530625 0.5748767031249999 0.8097182437500001 0.56102371875 0.8123372296875001 0.55333595625 0.7718512921875 0.5386600796875001 0.7678537859375 0.5383409218749999 0.7328310734375 0.5469605578125 0.7297288421875 0.547904334375 0.7275742109375 0.55909270625 0.731618221875 0.5673955609375
1 0.7881995875000001 0.5252245062500001 0.8224345625 0.5338042390625 0.8255411515625 0.5336089328125 0.829940521875 0.52670060625 0.8299129109375001 0.5219602828125 0.815192403125 0.509978784375 0.78317455625 0.5009387734375 0.7720671359375 0.499497803125 0.7619232984375001 0.511045821875 0.763280021875 0.515310384375 0.775744165625 0.5210159171875001 0.7881995875000001 0.5252245062500001
1 0.732451771875 0.481843521875 0.7480137828125 0.4858568046875 0.7955195296875 0.4861860796875 0.8150427171875 0.48428125624999996 0.8323255312500001 0.4788448609375 0.8260803796875 0.4737466796875 0.8149642406250001 0.470808765625 0.7652195734375 0.46719740937500004 0.7510128328125 0.46719919687499994 0.7337096734374999 0.46914272500000004 0.7284281046875 0.477033534375 0.732451771875 0.481843521875
1 0.763775653125 0.44796341406250006 0.798834696875 0.44558104375 0.8152251359375 0.4393806953125 0.81296005625 0.43160778593750004 0.808068721875 0.4302751859375 0.7476737203125 0.4274760140625 0.7379215703125 0.43005011406250004 0.7299570734375 0.43465110312500005 0.73224976875 0.4471643328125 0.763775653125 0.44796341406250006
1 0.9072207000000001 0.8368858390625 0.9560933421875 0.8432261078125001 0.9777784296875 0.8313803671875 0.9501672171875001 0.8166794812499999 0.9430543984374999 0.8150586859375 0.9106346875 0.8132461609374999 0.899109421875 0.81628828125 0.8955646390625001 0.8174738078124999 0.8974133265625 0.8299792984375 0.9072207000000001 0.8368858390625
1 0.9154693437500001 0.80484863125 0.9176995484375 0.8066337671875001 0.9345848578125 0.8091733296875001 0.9474624890625 0.8096473015625 0.9647641953124999 0.8074542828125001 0.97584109375 0.8036559515624999 0.9868714890625 0.7918739218749999 0.9824168953125 0.789301609375 0.9597464265625 0.784416003125 0.9198062234375 0.78721220625 0.914929421875 0.7883745125 0.9096376812500001 0.7945188875 0.9154693437500001 0.80484863125
1 0.9162134843749999 0.7801645453125 0.9197713453125 0.781224434375 0.9779259703125 0.7804920328125 0.9792100328125001 0.772282065625 0.970260153125 0.7601517062500001 0.9462329593750001 0.7510015375 0.9235683031249999 0.7471138921875 0.9195751546875 0.7475432078125 0.9076770921874999 0.7628026234374999 0.9081501640624999 0.767800175 0.9162134843749999 0.7801645453125
1 0.9301702640625 0.73725038125 0.9421613343749999 0.7379583625 0.9856535875000001 0.735224084375 0.9909685796875 0.7330715578125 0.9802441312499999 0.7211597249999999 0.9428633281250001 0.7060390515625 0.9069220874999999 0.709403903125 0.8985920593750001 0.7274696421875 0.9159475359375 0.7345077734375 0.9301702640625 0.73725038125
1 0.9339076359374999 0.692910728125 0.949920921875 0.6981792062500001 0.9619250734374999 0.7011326 0.973025225 0.7013261187500001 0.994222709375 0.6819879171875 0.969256640625 0.6640900984375 0.9297459109374999 0.6643991375 0.9143016125000001 0.6805945906249999 0.9174343609375001 0.6848901140625 0.9339076359374999 0.692910728125
1 0.8905876312500001 0.6489980125 0.8990484515625001 0.653386425 0.9057201703125 0.6554984593750001 0.942153375 0.6603745375 0.98024634375 0.6453223328125001 0.9824460281249999 0.6418681703125 0.982823184375 0.6303993453125 0.9219275 0.617862303125 0.9179401640625 0.6192895796875 0.8905047953125 0.6347770515625 0.8891858562499999 0.6369992437499999 0.8905876312500001 0.6489980125
1 0.96496993125 0.614122321875 0.9729605875 0.6140121640625 0.9818247250000001 0.61142258125 0.9910558437500001 0.5956177406250001 0.9901620171875001 0.5946042953124999 0.9727934625 0.5853207484375 0.9296652875 0.5743407875 0.9243386687499999 0.5744973890625 0.8973691046875001 0.593734959375 0.901001084375 0.607518865625 0.96496993125 0.614122321875
1 0.9181254890625 0.5748879984374999 0.9532310374999999 0.5804893265625 0.9607791390625 0.58062091875 0.9975618890625 0.5692878515625 0.9966448109374999 0.5642825578124999 0.97304273125 0.5518967531250001 0.93838845625 0.5475506203125 0.9286217765625 0.5476298140625 0.916255003125 0.55864015 0.915436746875 0.5706002156250001 0.9181254890625 0.5748879984374999
1 0.9214275765625001 0.53203755 0.944994778125 0.53843558125 0.9494348390624999 0.5385129890625 0.9786651265625 0.52629985625 0.9795168046875 0.5200780734375 0.9625791781249999 0.5085568515625 0.93640606875 0.5120919984375 0.9160152140625 0.5174742078125 0.9169613562500001 0.5274693125 0.9214275765625001 0.53203755
1 0.9083116125 0.4906471265625 0.9372025265625 0.49638957499999997 0.9878264874999999 0.4985194671875 0.989129440625 0.49355287968750006 0.9721583859375 0.4762933734375 0.9645884828125 0.4724194234375 0.9450405906249999 0.47008290625000004 0.93660738125 0.4704348140625 0.9046752734375 0.476114746875 0.9051875828125 0.48784854375000003 0.9083116125 0.4906471265625
1 0.9410372671875 0.46876578750000003 0.9561480078125 0.471523878125 0.9867713515625001 0.46981257187500003 0.9863055453125 0.4660624734375 0.9635362515624999 0.4442115078125 0.9160348671874999 0.4446307046875 0.9120838640625 0.452295246875 0.9130198343749999 0.460543915625 0.9410372671875 0.46876578750000003
1 0.919461934375 0.42323644375 0.9239208890624999 0.4265572265625 0.9518903671875 0.42654591093749994 0.9953506453125 0.41832284062499997 0.9993278078125 0.4151491296875 0.9744242296875001 0.40797940468749994 0.954432328125 0.405635146875 0.9437790890625 0.4059483515625 0.9193994453125001 0.41250834843749995 0.9167673781250001 0.417950696875 0.919461934375 0.42323644375
1 0.9472279546875001 0.388296446875 0.9885205234375001 0.389016334375 0.9938384234375001 0.3873627890625 0.9964559546875 0.3794255359375 0.9911046296875 0.375340796875 0.959538053125 0.36755598125 0.9351133578124999 0.36638177031249997 0.928919071875 0.37001575937500003 0.9272375078125 0.3862016828125 0.9472279546875001 0.388296446875
1 0.8985014 0.3308183546875 0.9043112640625001 0.3374057375 0.974472946875 0.3401257125 0.986857159375 0.33210926406249996 0.9886142921875001 0.32889685 0.95926193125 0.320152775 0.9219508875000001 0.31700765 0.9041920953125 0.3169475125 0.899776740625 0.32111144375 0.8980355953125001 0.3270682546875 0.8985014 0.3308183546875
1 0.9473777078125 0.2615707234375 0.983755690625 0.2569661609375 0.9864110078125 0.2555156625 0.9877096015625 0.2498006015625 0.9645442609374999 0.23617508437499998 0.919689471875 0.2336468390625 0.9139246609375 0.2347936640625 0.907319790625 0.2441581921875 0.9113536312500001 0.2507146140625 0.9473777078125 0.2615707234375
1 0.9004685609375 0.2874457 0.9164760328125 0.2917162140625 0.9431425593749999 0.2966714875 0.9852490218750001 0.28468283437499997 0.9896745499999999 0.2822653375 0.9816504687500001 0.27663721093750004 0.9496544171875 0.271339559375 0.9101349671875001 0.27015165625000004 0.9004002578125 0.2757196421875 0.898673646875 0.28417135937500004 0.9004685609375 0.2874457
1 0.931468365625 0.197929196875 0.9682700078125 0.18983950624999998 0.97133590625 0.18265846562500002 0.96687259375 0.178589209375 0.9033797203124999 0.1774822875 0.8883271125000001 0.18470382031250002 0.8878947328125 0.1866920046875 0.8999424796875 0.197130115625 0.931468365625 0.197929196875
1 0.9111465750000001 0.1389505859375 0.9582955109375 0.1542415515625 0.9838923656249999 0.1279950234375 0.9754315453125001 0.1236066109375 0.9394685015625001 0.12322910312499999 0.91905585 0.12486895625000001 0.9119851765625 0.1304833875 0.9111465750000001 0.1389505859375
1 1 0.0724255375 0.9609239765625001 0.0719638515625 0.9422829875 0.0728861953125 0.9281140296875 0.0793747359375 0.9317372890625 0.0916617 0.9348671296875001 0.09545824375 0.9433061515625001 0.0961042984375 0.9978898375 0.09206659375000001 1 0.0915096125 1 0.0724255375
1 1 0.023500448437499998 0.9819499765625 0.0231857671875 0.9375755234375 0.026902525 0.914075171875 0.031981059374999996 0.913303421875 0.051924821875000006 0.930619659375 0.052226709375 0.9896288734375001 0.0457715078125 1 0.040249201562499996 1 0.023500448437499998
1 0.8009742390625 0.050714893750000004 0.844084975 0.058700968750000006 0.8675228359375 0.042894340625 0.8674894109375 0.037156059375 0.8652475828125 0.033374996875 0.8603489812499999 0.0307949421875 0.8398985437500001 0.025948040625000002 0.8079344640624999 0.026139181249999997 0.790644384375 0.0303281234375 0.7876046453125001 0.04199999375 0.8009742390625 0.050714893750000004
1 0.777247871875 0.093209271875 0.8208055203125 0.10170206875000001 0.858904303125 0.0876478265625 0.86020289375 0.081932765625 0.8561850421875 0.07812074062499999 0.7993231953125 0.0721401203125 0.77937489375 0.07728057968749999 0.7758896953125001 0.0886952203125 0.777247871875 0.093209271875
1 0.76136538125 0.1103949453125 0.7560678265624999 0.11554135937500001 0.7579179671875 0.128296340625 0.8165151453125 0.127322190625 0.831576475 0.12159760156249999 0.84485160625 0.114095615625 0.8444003328124999 0.1128404203125 0.8283754218749999 0.10557602031249999 0.8088289812499999 0.10348899375000001 0.79151565 0.10368608906250001 0.7848570125000001 0.10381946875 0.772884834375 0.106354865625 0.76136538125 0.1103949453125
1 0.760246990625 0.1470468359375 0.7598393171875 0.153276359375 0.7701095875 0.16343401875000002 0.7776722234375 0.166060515625 0.8016587265625 0.1682249484375 0.835685884375 0.1411275296875 0.8321004109375 0.1353273234375 0.8156721859375 0.1350409171875 0.80058324375 0.1360251859375 0.769546415625 0.14296804999999999 0.760246990625 0.1470468359375
1 0.757907034375 0.2026367859375 0.765075075 0.21373822343749999 0.7695224015625 0.21506308281250003 0.8134993515625 0.21932228281250002 0.8197038109375001 0.21743472812500003 0.8466632015625001 0.19645072187499998 0.83553834375 0.19201586406249999 0.8257643968749999 0.19084760625 0.7933563125 0.19103100625 0.7702912468750001 0.1946203390625 0.7609831046875 0.1972021796875 0.757907034375 0.2026367859375
1 0.7733389453124999 0.260532290625 0.78311434375 0.2619500375 0.8217254374999999 0.25962959375 0.8500677109374999 0.2474009796875 0.8491578984375 0.243643140625 0.846045496875 0.2428404828125 0.8105090234375 0.23947683125000002 0.79763720625 0.240000821875 0.7741310421875001 0.24408139375000001 0.7577376953125 0.2497827609375 0.7733389453124999 0.260532290625
1 0.7722336375000001 0.2994295953125 0.782007584375 0.300597853125 0.8139731156250001 0.300656203125 0.8228387046875 0.2983161125 0.839662978125 0.29037707031250004 0.8116193859375 0.27766436875 0.793856234375 0.2768557578125 0.7703529765625 0.2814353125 0.768646709375 0.293379896875 0.7722336375000001 0.2994295953125
1 0.755520503125 0.40266629062500003 0.7573212328125 0.4069385921875 0.7675493578125 0.409861025 0.79416501875 0.406084128125 0.8030320625 0.403993528125 0.822520371875 0.39610093125 0.8144962906250001 0.3904728046875 0.7958494890625001 0.3903971859375 0.7607860859375 0.392031084375 0.7576954828125 0.3949707859375 0.755520503125 0.40266629062500003
1 0.7574862125 0.3590441453125 0.7588690953125 0.3677995375 0.7788740734374999 0.372389209375 0.8219775437499999 0.37912783125 0.8640970859375001 0.3693845953125 0.864073834375 0.365392746875 0.845823078125 0.3570916796875 0.8120553656249999 0.3525115359375 0.777868346875 0.35216499218749997 0.7694365921874999 0.352766390625 0.760571003125 0.35510648125 0.7574862125 0.3590441453125
1 0.7466847390625 0.3339093140625 0.749369121875 0.3374486234375 0.75516009375 0.34079263125 0.799563609375 0.3420656828125 0.8230668671875 0.33748613125000004 0.8243509281250001 0.32927616406250004 0.7865522796875 0.3186385828125 0.7790070828125 0.3190059703125 0.7643665078125 0.3207464515625 0.746200040625 0.3269158375 0.7466847390625 0.3339093140625