1 0.16328961718749999 0.126252128125 0.1590190859375 0.13315095625 0.1430766953125 0.1979393171875 0.14665818125000002 0.2019516796875 0.152052765625 0.2027190140625 0.16155281562499998 0.18705609843749998 0.17590756406250002 0.15406866875 0.1816311953125 0.1288610625 0.1813913390625 0.12482359999999999 0.1671556625 0.12379953125000001 0.16328961718749999 0.126252128125
1 0.222630440625 0.1527079125 0.21949879062500002 0.16076956874999998 0.21199258125 0.21224578125 0.212427371875 0.2218155703125 0.22543432968750002 0.2246665375 0.23057401249999998 0.21889217656249998 0.2357283109375 0.19760693437500002 0.2379155890625 0.1758996578125 0.23710575781249998 0.1487618859375 0.229283615625 0.147649253125 0.222630440625 0.1527079125
1 0.194488565625 0.14269995156249998 0.184373834375 0.1457649796875 0.179923625 0.158643265625 0.1796545390625 0.1856275703125 0.181108496875 0.2033490171875 0.1873275234375 0.215743240625 0.1906541109375 0.213213909375 0.1942203375 0.205714484375 0.19783126874999998 0.1877126375 0.197890375 0.1526917734375 0.19589717499999998 0.14390115 0.194488565625 0.14269995156249998
1 0.2601973609375 0.1435393625 0.2560916765625 0.15096205468749999 0.250907503125 0.17624639375 0.2493497359375 0.20404823125 0.25813108281249997 0.21230315625 0.26243170312499997 0.2104127921875 0.272650890625 0.18884715000000002 0.2739544015625 0.181526290625 0.27395375781250003 0.154503621875 0.2661913640625 0.145392796875 0.2601973609375 0.1435393625
1 0.2929994265625 0.148705596875 0.2894931625 0.15721438593749998 0.2833502140625 0.193371546875 0.28167230625 0.21014709687500002 0.2833807328125 0.21639512343749998 0.2912329640625 0.22251621875 0.29439470624999997 0.219463021875 0.3031902390625 0.19419195 0.3061568296875 0.17659886875 0.3063360765625 0.1526042953125 0.30302431875 0.1486302984375 0.2929994265625 0.148705596875
1 0.32445262812500003 0.144672440625 0.31583741718749997 0.19098672187500002 0.31745600625 0.200224478125 0.31919430625 0.20247341093750001 0.323345125 0.2025634109375 0.328215078125 0.196750684375 0.335452415625 0.1812663359375 0.3416256671875 0.1591251953125 0.3448918609375 0.137571384375 0.336665015625 0.1318974234375 0.3276292 0.1351159171875 0.32445262812500003 0.144672440625
1 0.3587228375 0.134034125 0.3539130625 0.1498637734375 0.35027268437500003 0.18987983125000002 0.35187644218749997 0.2056209140625 0.35683644999999997 0.20582601406249998 0.35945873281249996 0.2026960859375 0.3696478296875 0.17612198125 0.375281621875 0.15390410625 0.3756409765625 0.1419451859375 0.37351301718749996 0.13763915625 0.3587228375 0.134034125
1 0.396110296875 0.139852590625 0.38885791406250003 0.1528327109375 0.3801229875 0.20613581875000003 0.3814269296875 0.216830075 0.3920813328125 0.22284933750000002 0.40979297031249995 0.201348596875 0.4101665109375 0.155863678125 0.4081733109375 0.14707305312500002 0.4049664359375 0.1426135578125 0.396110296875 0.139852590625
1 0.41283499843750004 0.20528422656249998 0.41563760156249996 0.22319750625 0.4176456328125 0.22548480624999998 0.4221710625 0.2251276734375 0.4313115484375 0.21241612187499997 0.44233949375000003 0.1729504640625 0.4416197140625 0.15183052187499999 0.43141492968749995 0.14887772187499998 0.4245971234375 0.1624200734375 0.41283499843750004 0.20528422656249998
1 0.464981475 0.164661478125 0.4614752125 0.1731702703125 0.45540705781249996 0.20383346875 0.45467309531250005 0.216239521875 0.476086571875 0.2187849890625 0.48515183593750005 0.193552284375 0.48416254218750004 0.18140153125 0.48173476718749997 0.17204867343750002 0.4715596421875 0.15608922187500002 0.464981475 0.164661478125
1 0.5027882499999999 0.1595303921875 0.4982933390625 0.182911096875 0.49688515625 0.19972501250000002 0.498069171875 0.20840053906249997 0.5022202046875 0.2174980953125 0.5199471015625 0.20750914374999999 0.522538434375 0.16334052500000001 0.5138617578125 0.145592540625 0.5091265625 0.146920671875 0.5027882499999999 0.1595303921875
1 0.5439964046875 0.1463760125 0.5424979578125 0.1481645421875 0.5389169015624999 0.16216729531250001 0.5286837421875 0.22626649062499998 0.53680591875 0.2414335109375 0.5411215828125 0.24204737812500002 0.5531540796875001 0.2262442625 0.5543527078125 0.219408903125 0.5584119750000001 0.150428178125 0.5532570328124999 0.14469074843750002 0.5439964046875 0.1463760125
1 0.5789416859375 0.16736006406249998 0.5637478765624999 0.20423148906250002 0.5527947265625001 0.23820318281250003 0.5534842015625 0.24530710937500003 0.5615161093750001 0.24544874375 0.5678995546875 0.24035171718749998 0.5882932234375 0.20772285625000003 0.5914547515625 0.19566210312500001 0.592413096875 0.166774165625 0.5881872687499999 0.16317056875 0.5789416859375 0.16736006406249998
1 0.59217474375 0.22578960312500002 0.5943330046875 0.244111653125 0.60152585 0.2481372828125 0.6152063828125 0.219557715625 0.6273581625 0.1787506609375 0.6254999328124999 0.174482996875 0.6156246265624999 0.1635703734375 0.6123580015625001 0.1671090703125 0.59217474375 0.22578960312500002
1 0.6476323328125 0.16211818125 0.6377125343750001 0.1707155375 0.62954715625 0.22910384062500003 0.6365005765625 0.24710712343750002 0.6412357734375 0.2457789921875 0.664790325 0.17406670468750002 0.6587961078125 0.163205715625 0.6543005515625 0.15956375312499999 0.6476323328125 0.16211818125
1 0.6984611109375 0.162342290625 0.6948946703125001 0.1608341578125 0.6897848625 0.162609421875 0.681948103125 0.17700767343749998 0.6757449765625 0.203147909375 0.6688682796875 0.26071868125000003 0.6766904234375 0.261831315625 0.681140846875 0.2579605859375 0.6910903046875 0.23635657812500002 0.6996758578125 0.203048946875 0.700964109375 0.1842163 0.699884765625 0.16604772031249998 0.6984611109375 0.162342290625
1 0.7278770515625 0.18704360312499999 0.721913140625 0.1901986328125 0.70797749375 0.20322895000000002 0.7068687031249999 0.207074578125 0.7075134734375 0.2246809265625 0.709567065625 0.25249603125000003 0.7119348796875 0.2608395234375 0.7256611875 0.26679532031250003 0.7296770328125 0.2623623578125 0.731504959375 0.252614 0.734411371875 0.225003996875 0.7291807796875001 0.18873030156249998 0.7278770515625 0.18704360312499999
1 0.8043152625 0.1974158734375 0.7920577421874999 0.20267819999999998 0.7860643828125 0.2278474375 0.7812849109375 0.2576931046875 0.7848070765624999 0.2877187734375 0.7896622 0.28840937499999997 0.792883903125 0.28636554375 0.7995069890625001 0.27629842187500003 0.8065193015625001 0.250273284375 0.80957573125 0.2296904734375 0.8118979828124999 0.21250615781249999 0.8108487249999999 0.19934603906249998 0.8043152625 0.1974158734375
1 0.741994946875 0.2761245109375 0.742774259375 0.28023870781250004 0.7461309375 0.2827178390625 0.7508212140625 0.2828845734375 0.759811896875 0.2721533859375 0.76441190625 0.2572947359375 0.7724130828125 0.22540523750000002 0.767422771875 0.21118411718750002 0.7491411593749999 0.2095845484375 0.74597941875 0.21263774687499998 0.741994946875 0.2761245109375
1 0.8231215046875 0.2055955015625 0.8161089765625 0.2226130828125 0.811449646875 0.2634850375 0.8129783968750001 0.275712525 0.8171143875 0.282305853125 0.8230183359375 0.2781414578125 0.8285324171875 0.26291240781249997 0.842002540625 0.20828116875 0.8301643359374999 0.2025939390625 0.8252642921875 0.20339820468749997 0.8231215046875 0.2055955015625
1 0.949595421875 0.2636187953125 0.9462840937499999 0.2776599140625 0.94201420625 0.3115814109375 0.9467199562499999 0.332267490625 0.9532684609375 0.3367018859375 0.955306365625 0.3349900890625 0.9610751328125 0.31729517500000004 0.971503440625 0.26773586250000003 0.9676520109375 0.2546775765625 0.9535962250000001 0.2566816046875 0.949595421875 0.2636187953125
1 0.9146944187500001 0.21411721093749997 0.9040406546875 0.23512061874999998 0.8926383124999999 0.2840409640625 0.9045517390625 0.302249346875 0.9116695781249999 0.30276138124999996 0.9228028343749999 0.2808253390625 0.9247356421875 0.2705914859375 0.9260531265624999 0.220737071875 0.9232208640625 0.2158304421875 0.9146944187500001 0.21411721093749997
1 0.9288735625 0.3582528265625 0.9232092515625 0.3574471265625 0.9010628796875 0.4123454984375 0.91314158125 0.44909286093749995 0.9197051328124999 0.4560314890625 0.9281716171875001 0.45673535468750004 0.9383299812500001 0.39813011875000004 0.9406371874999999 0.3784415734375 0.9372652515625 0.36445065625 0.9288735625 0.3582528265625
1 0.873549440625 0.3633943109375 0.8634050484375001 0.3794659921875 0.8747650453125001 0.440131196875 0.8791855937499999 0.4402595625 0.8826020203124999 0.43474050468750003 0.8915320937500001 0.39597727968749996 0.8969107749999999 0.35821015312500004 0.894333196875 0.350837659375 0.873549440625 0.3633943109375
1 0.8444634078125001 0.3487482875 0.8262127390625 0.388187409375 0.8366128906249999 0.41468765 0.8458135546875001 0.41199302031249996 0.8535903484375 0.39658540625 0.8597934734375 0.3704451671875 0.8605272234375001 0.34903155625000004 0.859643028125 0.3454028609375 0.855057634375 0.3447506265625 0.8444634078125001 0.3487482875
1 0.7629613796875 0.3836942015625 0.77758714375 0.40479048281249996 0.7838657062500001 0.40017895625 0.801831384375 0.349189678125 0.8010520703124999 0.345075484375 0.7792184171875001 0.3174493421875 0.76501304375 0.3304412921875 0.7629613796875 0.3836942015625
1 0.712147003125 0.358951653125 0.7090159953125 0.3940359828125 0.7098256109375 0.4121661953125 0.712987565625 0.41812055781249996 0.72314721875 0.4135606625 0.7406781078125 0.353001596875 0.724149625 0.347147634375 0.7144095046875 0.349765528125 0.712147003125 0.358951653125
1 0.6768118515625 0.32690294531249997 0.6601795593750001 0.36657226718749997 0.6542612078125 0.3952551015625 0.655010646875 0.40336839375 0.6632224453125 0.406538125 0.6653652328125 0.40434082968749996 0.677622325 0.3810633875 0.68881533125 0.35112915624999996 0.6949885828125 0.3289880140625 0.6890244546875001 0.3231354859375 0.6796439000000001 0.3228020171875 0.6768118515625 0.32690294531249997
1 0.65493285 0.2827565546875 0.64236068125 0.289475378125 0.63975344375 0.2951095390625 0.629100753125 0.3611507328125 0.63049453125 0.36885525937499997 0.6374928718749999 0.38536367656250003 0.641224159375 0.387395675 0.6458993921875 0.385058178125 0.6567773203125 0.3385653296875 0.6607175171875 0.3035961 0.6605223671875 0.289056215625 0.65493285 0.2827565546875
1 0.6000733953124999 0.29346873281249997 0.5918469796875 0.305809884375 0.586019109375 0.3585256625 0.593137590625 0.3860603671875 0.6059494015625 0.37437145 0.6126621109375 0.352307040625 0.6192544625 0.3102087875 0.6125258515625001 0.2937387359375 0.6057226609375 0.291770203125 0.6000733953124999 0.29346873281249997
1 0.5614570046875 0.2804696078125 0.553410265625 0.2868312984375 0.5508481609375 0.29997815 0.5463689359375 0.3528857609375 0.558672234375 0.3821587984375 0.560874984375 0.38097086562500004 0.5642763656249999 0.3729475765625 0.5725472734375 0.3410964453125 0.57215654375 0.2940015609375 0.567555890625 0.2818375390625 0.5614570046875 0.2804696078125
1 0.5268420593750001 0.2875559609375 0.5220772031250001 0.30189074374999997 0.51508015 0.3394276703125 0.5144063625 0.3618506453125 0.5163845203124999 0.3681370390625 0.5183325875 0.369414971875 0.5228429718750001 0.36655360937500003 0.5317887359375 0.3573172859375 0.5363285671875 0.3324417140625 0.5383808765625 0.306211475 0.5367171515625 0.2894610265625 0.5268420593750001 0.2875559609375
1 0.48557437031250006 0.3177160859375 0.48460055 0.326084678125 0.48295272968749997 0.3478686875 0.4855303078125 0.35524118125 0.4913444203125 0.35406651718750004 0.5021032796875 0.341585165625 0.515468734375 0.29644698125 0.5199337703125 0.27706536875 0.5106277953125 0.2622303828125 0.4897548484375 0.30479943593750003 0.48557437031250006 0.3177160859375
1 0.478290396875 0.2626348421875 0.458181715625 0.3068138609375 0.45698308593750003 0.31364921875 0.460445075 0.33365796406250003 0.4635470671875 0.338602959375 0.4789063640625 0.3292780734375 0.48352141875 0.31692365312500004 0.4869225859375 0.2998928046875 0.4916870125 0.2675429078125 0.4840595921875 0.26295504531249997 0.478290396875 0.2626348421875
1 0.4331411890625 0.274728221875 0.4273883265625 0.3309575953125 0.4279282140625 0.34904944375 0.42950167031250003 0.3507745078125 0.4349411703125 0.3500469765625 0.4478127265625 0.3303598671875 0.46065355312499995 0.2786416234375 0.458225778125 0.269288765625 0.4570269359375 0.2671165671875 0.443330715625 0.2661692328125 0.4331411890625 0.274728221875
1 0.4158780984375 0.254257640625 0.40805638593750004 0.2711601203125 0.39861715468750003 0.32386263125000003 0.398961890625 0.32741459375000004 0.40882193906250003 0.3268154296875 0.41983548437499996 0.3118682140625 0.42206810937499994 0.3066811859375 0.4261884109375 0.28374761249999997 0.42963428124999997 0.25621434062500004 0.4248689984375 0.2525340125 0.4158780984375 0.254257640625
1 0.3815775875 0.25087993750000004 0.3732312453125 0.261202359375 0.36804685937500004 0.27747914218749997 0.36409161874999996 0.3099441390625 0.3631930234375 0.330833884375 0.371285109375 0.3409924421875 0.3872285703125 0.321241865625 0.3875281734375 0.31728113593749996 0.38901071875 0.27695814375 0.3869122046875 0.25063790625000004 0.3815775875 0.25087993750000004
1 0.31661951718750003 0.3121991609375 0.3157804546875 0.31608315625 0.31687463125000004 0.3277484125 0.326630009375 0.3366423046875 0.33223435625 0.3364386390625 0.33797346250000004 0.331750378125 0.3420191828125 0.32331832031249996 0.3547551265625 0.2720855765625 0.342646978125 0.25735242343750003 0.33590375156249996 0.2563932578125 0.31661951718750003 0.3121991609375
1 0.2935268421875 0.2723839 0.28619988125 0.29986553437499996 0.2827241359375 0.33139790156250004 0.2838931046875 0.3375691953125 0.29544674843749996 0.349721384375 0.300616521875 0.34895548593750003 0.314835653125 0.284422425 0.30800215937500003 0.268437871875 0.298037228125 0.26952253593750003 0.2935268421875 0.2723839
1 0.2558105484375 0.30154792812500003 0.24875353125 0.3380754875 0.26688534375 0.341655421875 0.27108108125 0.34025055625 0.2806858 0.3150945859375 0.2857044828125 0.26226370781249997 0.2681720953125 0.25976987500000004 0.2621785203125 0.27593155625 0.2558105484375 0.30154792812500003
1 0.24361191875000002 0.262781834375 0.2419486265625 0.2640464984375 0.23532554062500002 0.27411361875 0.226919878125 0.310449346875 0.22255993593749998 0.338353015625 0.2348176703125 0.34209824843750003 0.2439734171875 0.340898484375 0.2529037078125 0.31114281718750003 0.2561400265625 0.293588103125 0.25823746718749996 0.27487055625 0.251988565625 0.2664754296875 0.24361191875000002 0.262781834375
1 0.192483965625 0.2845335671875 0.18490253437499998 0.32348862500000003 0.19191570468750002 0.333493715625 0.1971005203125 0.3352320484375 0.20316931718750003 0.3315915203125 0.20702031718749997 0.32663469218749996 0.2217791234375 0.2711859203125 0.220040821875 0.2689369890625 0.20346742187500003 0.264577890625 0.197233778125 0.267694553125 0.192483965625 0.2845335671875
1 0.15542555625 0.2527401609375 0.153672640625 0.2660021140625 0.15308890625 0.294442915625 0.15589129375 0.3033486421875 0.1623948796875 0.30927790312500003 0.16715995 0.303950675 0.18509575625000002 0.2569604953125 0.1795958609375 0.23866354687500002 0.1614191328125 0.23657847968749998 0.15758317500000002 0.24403953750000001 0.15542555625 0.2527401609375
1 0.1183379171875 0.25196852187499996 0.1168545140625 0.2562612828125 0.1120303375 0.2966093734375 0.11531243437500001 0.31359002187499996 0.122700003125 0.3141404234375 0.15124507812500002 0.265656815625 0.1525935078125 0.2568410890625 0.1463744828125 0.24444686718750003 0.133787053125 0.239653903125 0.1183379171875 0.25196852187499996
1 0.07042048437500001 0.43130822343749997 0.0784375625 0.43795318437499997 0.1108044078125 0.415534515625 0.1163036578125 0.4068087921875 0.12517377031250002 0.3670362 0.1116873171875 0.365117865625 0.09731688125 0.36857839375 0.07042048437500001 0.43130822343749997
1 0.14944895625000001 0.3524740890625 0.142511225 0.36399770781249996 0.13286179843749998 0.39965610156250003 0.1266588875 0.4348038984375 0.129596246875 0.4482325828125 0.13247342812500001 0.45164434531250003 0.13764320000000002 0.4508784484375 0.154470428125 0.41674145312500005 0.16441924218749998 0.368114775 0.1654979421875 0.3592606828125 0.16277056406249998 0.3538685546875 0.14944895625000001 0.3524740890625
1 0.171088103125 0.392583015625 0.1632971234375 0.44151662968750005 0.1657251125 0.45987704531249995 0.169621246875 0.46243290937500003 0.179151603125 0.4607860125 0.2031562046875 0.4101553046875 0.1986002546875 0.387488859375 0.1920216609375 0.3780460015625 0.1773814953125 0.3814681625 0.171088103125 0.392583015625
1 0.21572794375 0.38542136562499996 0.2123265625 0.39344465624999997 0.20612343906250002 0.4195848953125 0.20528523437500001 0.45949911875 0.209121403125 0.4610456171875 0.21641892031249998 0.455578190625 0.22543926406249998 0.43184035156249995 0.23053359843750001 0.40954574218750006 0.2318218484375 0.390713096875 0.2306978 0.3830469359375 0.21572794375 0.38542136562499996
1 0.2485603109375 0.40460361718750004 0.23889584218749998 0.43775778125000003 0.2446805078125 0.45859732812500004 0.25331183749999997 0.45982506093750003 0.2545405578125 0.45799816406250005 0.26859548437499997 0.4199639046875 0.267246196875 0.39274939999999997 0.26376959218749996 0.3882515375 0.25462889375 0.3919555328125 0.2485603109375 0.40460361718750004
1 0.2983398328125 0.39166760625 0.2936196828125 0.39549996875 0.280763596875 0.43570642499999995 0.279490175 0.44803574375000005 0.285619578125 0.47242725312499995 0.28987527968750004 0.472031753125 0.29577923125 0.467867359375 0.30403551875 0.4515271109375 0.30565368125000003 0.44274975312500003 0.3119612578125 0.39810890312499997 0.31103214375 0.39597507187500003 0.2983398328125 0.39166760625
1 0.33610168906250004 0.38803138593750003 0.331951084375 0.396948940625 0.3255532390625 0.42656440937499995 0.3316379390625 0.46145833906249994 0.33950457031250003 0.44306099374999997 0.3537239171875 0.3875354890625 0.35246510937500003 0.384353925 0.3437138515625 0.3811074609375 0.33610168906250004 0.38803138593750003
1 0.37233522343750003 0.3901827890625 0.3669410703125 0.40743056875 0.364214546875 0.438068671875 0.3638857125 0.4730511671875 0.366852734375 0.4734732015625 0.3741502484375 0.46800577343749994 0.3879206171875 0.4364364765625 0.38943389375000004 0.42814461875000004 0.39401843125 0.3927666234375 0.3782391734375 0.3860183953125 0.37233522343750003 0.3901827890625
1 0.41207523437500004 0.3928329609375 0.40853888281249995 0.396333290625 0.40291992031249996 0.41204783906250003 0.401032459375 0.43880194218749996 0.4043448578125 0.46979861093749997 0.4115224484375 0.46231245468750004 0.4201529203125 0.427509959375 0.4246027 0.396616559375 0.42075148437500004 0.392565828125 0.41207523437500004 0.3928329609375
1 0.442075553125 0.4161161421875 0.442975221875 0.44026418281249996 0.4448334515625 0.444531846875 0.44947880937500007 0.4461934453125 0.45469350000000003 0.44393268125 0.4584546625 0.44196558281250004 0.4621408171875 0.43648489062499995 0.47105584843750004 0.3952174359375 0.46757903125 0.381712015625 0.4551416171875 0.3839462453125 0.44448785625 0.4049496546875 0.442075553125 0.4161161421875
1 0.46741590000000005 0.45324860781250004 0.4662621890625 0.4585891015625 0.48497880625 0.4787660171875 0.4879907453125 0.47769318437499997 0.5131043531249999 0.4322244046875 0.51473755625 0.425951278125 0.4974145046875 0.4044713296875 0.4918701203125 0.4056843625 0.46741590000000005 0.45324860781250004
1 0.5278040515625 0.4117964953125 0.51580185625 0.441615628125 0.5111728296875 0.496503603125 0.51238671875 0.50118003125 0.5189650984374999 0.50161533125 0.5349238187500001 0.49337654375 0.536841796875 0.489646015625 0.5485738328124999 0.4417734015625 0.544961828125 0.41473746250000004 0.5366000125 0.4045405390625 0.530531215625 0.4081810671875 0.5278040515625 0.4117964953125
1 0.6183317390624999 0.46407484375 0.6237762328125 0.456941334375 0.6148078875 0.4600589765625 0.6015757015625 0.45381623125 0.59018861875 0.514248365625 0.5995996906250001 0.5376054078125 0.6083958671875 0.539357009375 0.6255830921875 0.5202837671875 0.630647765625 0.510995809375 0.63744966875 0.45891899843750006 0.6160710046875 0.44969468749999997 0.62964105 0.45689687343749996 0.6183317390624999 0.46407484375
1 0.6592523765625 0.44550645156249996 0.6346937015624999 0.5115713109375 0.6328058125 0.5203103 0.633360315625 0.5228912640625001 0.6446446578125 0.5530202015625 0.6718864375 0.5208650078125 0.6738192453125 0.5106311515625 0.675616009375 0.4508365484375 0.6638826875 0.4446638171875 0.6592523765625 0.44550645156249996
1 0.7434527656250001 0.4559819890625 0.7415648765625 0.464720978125 0.7405469953125 0.5106146640625 0.7405775125 0.5336382390625001 0.742375778125 0.5368965359375 0.748160015625 0.53972096875 0.7510520281249999 0.5366294046875 0.7601172890625 0.5113966984375 0.7644624015625 0.48999635625 0.7670543796875 0.472850409375 0.7650910546875 0.46006068750000007 0.7434527656250001 0.4559819890625
1 0.686300503125 0.461864271875 0.6824944234375 0.465326234375 0.6818818859375 0.54280391875 0.6896292359375 0.5494105125 0.69430446875 0.5470730171875 0.7001334109374999 0.5393950249999999 0.71035216875 0.49981426874999996 0.71304903125 0.48218282187500006 0.7111757578125 0.47541092812499997 0.686300503125 0.461864271875
1 0.804276134375 0.4421147796875 0.796438946875 0.4384979171875 0.784241603125 0.45377716562500003 0.777350290625 0.5268588203125 0.77642181875 0.5517476609374999 0.7880502593750001 0.5584058890625 0.8041130046875 0.513651371875 0.8066751078125 0.5005045203125 0.8094016296875 0.46986642031250003 0.8085920140624999 0.45173620468750003 0.804276134375 0.4421147796875
1 0.8336920765625001 0.46681609375 0.8193818203125 0.48029354375000005 0.8163563375 0.54191504375 0.8171356484375 0.546029240625 0.82449334375 0.5505787375 0.8331246734375 0.551806471875 0.8348928484375 0.55005630625 0.8416356484374999 0.533000359375 0.846160434375 0.5056205546875 0.8495912625 0.4755830546875 0.8424882531250001 0.46856769375 0.8336920765625001 0.46681609375
1 0.8570091328125 0.49014947343750004 0.8496669125 0.506119321875 0.8344584890625001 0.55850163125 0.8346983437500001 0.56253909375 0.8455328546875001 0.5805940078125 0.8530852671875 0.5816682765625 0.8591839390624999 0.574028653125 0.8665259453124999 0.5490512453124999 0.873433159375 0.5145040515625 0.8749462234375001 0.4972046375 0.873012984375 0.48942337656249996 0.8570091328125 0.49014947343750004
1 0.9028035390625 0.5136775578125 0.8802069046875 0.53848679375 0.8761012203125 0.5459094859375 0.8881199578125001 0.58164748125 0.8926604328125001 0.58379458125 0.9010069890624999 0.582479715625 0.9061466734374999 0.5767053578125 0.9107617265625001 0.5643509390625 0.9154964937500001 0.54500769375 0.9175040953125 0.5292798765625 0.9181033031249999 0.52135841875 0.9138624312499999 0.515250590625 0.9028035390625 0.5136775578125
1 0.8969466531249999 0.6064226578125 0.8917169171875001 0.606179190625 0.8828461609374999 0.618929109375 0.8773320828125 0.6341581578125 0.8659452140624999 0.70359785 0.8824446765625 0.7494811375 0.8871495703125 0.7341369875 0.8994657671875 0.675838684375 0.901083928125 0.667061328125 0.9011279890624999 0.629536234375 0.8969466531249999 0.6064226578125
1 0.8236566406250001 0.6535458625 0.8224130921875 0.6618760859374999 0.8290075890624999 0.709853403125 0.8380285765625001 0.713138234375 0.85087004375 0.6884426625 0.8672173484375 0.6372231875 0.85164785625 0.6295039578125 0.8425370328125 0.6292088578125 0.8236566406250001 0.6535458625
1 0.7977168734375 0.6153272984375 0.7922924171875 0.618559059375 0.7905992484375 0.6238228203125 0.7839774515625 0.687935284375 0.78354351875 0.7143957234375 0.784682396875 0.7155585546875 0.8186671890625 0.675354971875 0.8206597468749999 0.6571229234375 0.8226069546874999 0.6223706265625 0.81992449375 0.6154836343750001 0.7977168734375 0.6153272984375
1 0.7674917437500001 0.5905108859375 0.780079171875 0.59530385 0.784364746875 0.590909253125 0.7828660843749999 0.583690228125 0.772841190625 0.5837655265625 0.7655885953125 0.5877380859375 0.7674917437500001 0.5905108859375
1 0.75752745625 0.6186182203125 0.75685516875 0.704094096875 0.7634935140625 0.7055387625 0.7764546953125 0.6738543640625 0.78163908125 0.6575775828125 0.7851150437500001 0.6350527734375 0.7839753046875 0.5978597125 0.7666077609374999 0.5958897453125 0.75752745625 0.6186182203125
1 0.737417059375 0.5907367781249999 0.715898696875 0.588676809375 0.7116131218749999 0.5930714046875 0.7070588875 0.6424654171874999 0.7048724671875 0.7002029234375 0.7205913328125 0.687926671875 0.727604075 0.67991665 0.7408794750000001 0.6287606390625 0.743051709375 0.60454913125 0.7399645484375 0.593100809375 0.737417059375 0.5907367781249999
1 0.6747960671875 0.6283683609375 0.66071040625 0.6343714859375 0.6507317171875 0.6869972625 0.6609517625 0.701461846875 0.66420355625 0.704426478125 0.6735241453125 0.7037505796875 0.6805366734375 0.686733 0.68476185625 0.663313925 0.68596005625 0.6384634515625 0.6842365859374999 0.6297111953125001 0.6747960671875 0.6283683609375
1 0.6093572140625 0.636574871875 0.6087883109375001 0.65851235 0.6147530828125001 0.6913875484374999 0.6184394515625 0.6949144140625 0.6514949140625 0.6435694390625 0.6427427984375 0.604292746875 0.6388915828124999 0.600242015625 0.63047001875 0.5980432828125 0.6093572140625 0.636574871875
1 0.5979376828125 0.5929154171875 0.5943862859375 0.593911515625 0.5809301359375 0.6060092 0.5715949296875 0.6221959796875 0.5706509859375 0.6265654765625001 0.5701117421874999 0.6354963 0.5752374515625001 0.6722554953125 0.5826400640625 0.675310128125 0.5867309203125 0.6743907609375001 0.6051468625 0.653490621875 0.608952728125 0.6410211015625 0.6108702781249999 0.6192754593750001 0.61033060625 0.6101911671875 0.6063293734374999 0.599113246875 0.5979376828125 0.5929154171875
1 0.5377734843749999 0.59987053125 0.532678934375 0.613157584375 0.532515375 0.666679059375 0.5516059624999999 0.659386171875 0.5592778734375 0.64446405625 0.5666050499999999 0.6259899765625 0.57650873125 0.5698506046875 0.5776323515625 0.5595016484374999 0.56477519375 0.5546703171875 0.5377734843749999 0.59987053125
1 0.5109194328125 0.553014809375 0.493537703125 0.584570840625 0.4925937578125 0.5889403359375 0.4962059765625 0.6249838296875 0.505871303125 0.627859896875 0.5111309140625 0.62410426875 0.5295468546875 0.603204125 0.5360345390625 0.5705989296875 0.52917095625 0.5496059171875001 0.519071053125 0.54616761875 0.5109194328125 0.553014809375
1 0.476348978125 0.540591184375 0.4594164390625 0.5571985609375 0.4513849578125 0.5750720421875 0.459208175 0.6212224625 0.490570684375 0.58414880625 0.4940769453125 0.575640015625 0.492997815625 0.56647899375 0.4892211796875 0.54792674375 0.48531000156250004 0.5428666484375 0.476348978125 0.540591184375
1 0.4510838546875 0.515979871875 0.44420587031250003 0.5195052984374999 0.427423990625 0.5701625421875 0.4258359203125 0.5839483609375 0.43160575625 0.6112912328125 0.437989415625 0.6152017640625 0.4415857328125 0.6127108 0.45072578906249994 0.5819841343750001 0.45540059062499993 0.5616315234375 0.45917615468750006 0.5351459875 0.45922085937499996 0.5246435625 0.45746751406249997 0.5198904015625 0.4510838546875 0.515979871875
1 0.41726348125 0.5386922078125 0.4081225671875 0.5333886437500001 0.40485594375 0.5369273406249999 0.3934080390625 0.5603198796875 0.381841278125 0.6267314749999999 0.3818713671875 0.6317399359375 0.3861421140625 0.6338486671875 0.4154220125 0.6089892328125 0.41599134531250004 0.6050668703125 0.418852409375 0.5609366171875 0.4182826484375 0.5468438671875 0.41726348125 0.5386922078125
1 0.3750209 0.5321831390625 0.3545977859375 0.5868262125 0.3555419453125 0.5914642734375 0.36466781406250004 0.59426360625 0.3821101515625 0.5907396140625 0.39255371875 0.5526920875 0.3949808515625 0.5350222734375001 0.3914442828125 0.5295150468750001 0.3827529890625 0.5272779484375001 0.3750209 0.5321831390625
1 0.3360750296875 0.5271438374999999 0.3190977875 0.5542536390625 0.3113061625 0.57616458125 0.3136593578125 0.60001895625 0.31842464375 0.6036992859375 0.3404072421875 0.5933148359375 0.3558252171875 0.5309539703125 0.348782171875 0.5249479765625 0.33977623125 0.524167375 0.3360750296875 0.5271438374999999
1 0.29110614218749997 0.5602804296875 0.2895935078125 0.59559495625 0.29238085156250004 0.60199645 0.29994809375 0.596567390625 0.31274464687500003 0.573366684375 0.3232331328125 0.5338242953125001 0.32026589843750003 0.524394703125 0.3143168140625 0.52104640625 0.30911716718750004 0.5258114 0.29110614218749997 0.5602804296875
1 0.2785632046875 0.535977484375 0.2710408796875 0.539911678125 0.26467247656250004 0.5475129375 0.2581693203125 0.5595987890624999 0.2545283 0.5725921765625 0.25246116406249997 0.605325740625 0.25742116875 0.605530840625 0.27675118125 0.5842603000000001 0.281635965625 0.571944246875 0.28852835 0.543900378125 0.2878539203125 0.5393006828125 0.28497673749999997 0.5358889203125 0.2785632046875 0.535977484375
1 0.2553809046875 0.5081595109375 0.24676461875000003 0.50943600625 0.242134521875 0.5192861953125 0.2391827578125 0.5303759515625 0.2342833609375 0.5582028875 0.2334743875 0.5670953421875 0.2369963390625 0.588113453125 0.2401282046875 0.5890593546875 0.24736575625 0.5825825640625 0.2533743765625 0.5689251109375 0.2577944953125 0.5510383640625001 0.26008665625 0.5288455875 0.25948680468749996 0.5097443765625 0.2553809046875 0.5081595109375
1 0.194602240625 0.5115242953125 0.1846977015625 0.5316334375 0.1796781609375 0.5484340875 0.175872721875 0.5789187203124999 0.1769217640625 0.5830712828125 0.1916369359375 0.5831627187499999 0.2054371796875 0.547594325 0.2104118015625 0.532288540625 0.21000710156250002 0.5277272140625 0.2055712921875 0.5160870578125001 0.199367309375 0.5061970671875 0.194602240625 0.5115242953125
1 0.144343009375 0.5163853796875 0.130887503125 0.5555057359375 0.151956459375 0.5635067984375 0.1763358859375 0.5214365140624999 0.177594478125 0.5156105203125 0.170536175 0.4980927390625 0.1517602375 0.503929128125 0.144343009375 0.5163853796875
1 0.14019261875 0.53431049375 0.130887503125 0.5555057359375 0.1400737640625 0.5773295484375 0.144554275 0.5784672828125 0.15233107031249998 0.5630596671875 0.1573503953125 0.5372514609375 0.152539978125 0.5260584374999999 0.14606648125 0.5251376390625 0.14019261875 0.53431049375
1 0.094908009375 0.5238657953125 0.08513844375 0.5484979015625 0.074455021875 0.582507965625 0.0769575890625 0.5863668609375 0.118240325 0.5587109640625 0.12384402812499999 0.5314846281250001 0.12435296874999999 0.508537784375 0.10659576875000001 0.5045107203125 0.094908009375 0.5238657953125
1 0.06267463437500001 0.487754528125 0.0723399625 0.49063059375 0.07999725937499999 0.49121936093749996 0.080416790625 0.4892773640625 0.077749375 0.484894603125 0.068893234375 0.48213363593749997 0.06267463437500001 0.487754528125
1 0.054867965625 0.507161240625 0.0453982171875 0.536840175 0.0427619625 0.582503659375 0.055604074999999996 0.5848307578124999 0.0589755828125 0.5808065625000001 0.0700185703125 0.5438451375 0.0775099484375 0.49887225312499994 0.060052565625 0.49989201562499996 0.057849815625 0.501079946875 0.054867965625 0.507161240625
1 0 0.7379519375 0.0007929703125 0.7381689859375 0.0095141375 0.7364069890625 0.0375646734375 0.6863517796874999 0.034986881250000004 0.66997173125 0.0230885 0.654267578125 0.0114155703125 0.6671193296875 0 0.6933693843750001 0 0.7379519375
1 0.092169659375 0.687113025 0.0912564484375 0.7235136515625 0.092650440625 0.7402257359375 0.0984647671875 0.7480586265625 0.1074704953125 0.7398316703125001 0.11244533125 0.7335334453125 0.116011559375 0.7260340203125 0.1323135140625 0.6582942953125 0.1318189765625 0.656722696875 0.1148860078125 0.6553149609375 0.10136989375000001 0.66640328125 0.092169659375 0.687113025
1 0.13721462812500002 0.702527815625 0.129932803125 0.7375221437499999 0.130772078125 0.74264570625 0.14466301875 0.7401178109375001 0.14878375 0.7351993515624999 0.1683682296875 0.7024553874999999 0.1826479671875 0.6659543625000001 0.16674878125 0.657187403125 0.1496511828125 0.6642633578125 0.13721462812500002 0.702527815625
1 0.175815546875 0.6950075984375 0.17476671875 0.6998625921875 0.18107665781249999 0.7543048703124999 0.1848079453125 0.75633686875 0.1903222390625 0.7501153765625 0.20043654375000003 0.7290352328124999 0.215599834375 0.66914023125 0.2051551953125 0.662149971875 0.1943961203125 0.665623765625 0.175815546875 0.6950075984375
1 0.23867703593749998 0.6884361484375 0.2268392609375 0.700764034375 0.2174591359375 0.7184456796875 0.21297926718750002 0.7443306203125 0.21774498125 0.7660260625 0.2518045671875 0.7203285171875 0.2533328875 0.714540890625 0.2503654390625 0.69610374375 0.2469937171875 0.69112038125 0.23867703593749998 0.6884361484375
1 0.2651854921875 0.6957096796875 0.254277046875 0.7191789515625 0.249392478125 0.7405025625 0.250081953125 0.7476064890624999 0.2528692953125 0.7540079828125 0.255461703125 0.7548771484375 0.27525637812500003 0.7391773015624999 0.2913939171875 0.688928825 0.2931169609375 0.67966596875 0.282012934375 0.67058024375 0.2751050765625 0.6781047671875 0.2651854921875 0.6957096796875
1 0.31426028125 0.6641579546874999 0.300834434375 0.690271659375 0.2999953734375 0.6941556546875 0.3041625234375 0.750795228125 0.31189482812499997 0.7548975921875 0.336543984375 0.712865675 0.337757659375 0.708534546875 0.33606341875 0.668760521875 0.3357186796875 0.665208559375 0.3241052859375 0.6610545625 0.31426028125 0.6641579546874999
1 0.347498421875 0.7329393234375 0.33079112187500004 0.7690950484375 0.3303266734375 0.7725319109375001 0.3368302578125 0.7784611734375 0.3419551109375 0.779190140625 0.35809350625 0.764971890625 0.3748158515625 0.731320396875 0.378786565625 0.7193747421875 0.3685216015625 0.706405021875 0.36362155937499996 0.707209284375 0.3547508046875 0.719959203125 0.347498421875 0.7329393234375
1 0.40646270468749995 0.678774225 0.3987458734375 0.6951912046875 0.3880628796875 0.74721638125 0.3858756015625 0.768923659375 0.3879889453125 0.788740571875 0.394851884375 0.7827109125 0.400440971875 0.770995459375 0.41515485625000004 0.717041553125 0.418241375 0.7014672015625 0.4199042390625 0.6821874234374999 0.41253150312500003 0.6751336953125 0.40646270468749995 0.678774225
1 0.43623864375 0.7185392859374999 0.4311896578125 0.757354146875 0.4343219515625 0.776315159375 0.4432079671875 0.7750770296875 0.44571032187500004 0.7699283671875 0.4618624765625 0.7041690093749999 0.461202875 0.6930659859375 0.4579659140625 0.683598028125 0.44395504687500004 0.6841071921874999 0.43623864375 0.7185392859374999
1 0.017877882812500002 0.8276719281249999 0.0154653671875 0.8298308578125001 0.009052260937499999 0.8479345390624999 0.005740934375 0.8619756578125 0.0043477984375 0.8812938015625 0.0060413953125000005 0.8940451546875 0.016366321875 0.9080242437500001 0.0201124390625 0.903552915625 0.030316581250000002 0.87948304375 0.0359798203125 0.8352509578125 0.035784884375 0.8297186296874999 0.0303002515625 0.82293346875 0.017877882812500002 0.8276719281249999
1 0.044371296875 0.832441228125 0.04245331875 0.8361717578125001 0.030601784375000003 0.9000407546875 0.039188196875 0.9027633515625 0.0542328453125 0.8948949640625001 0.06933703125 0.8700208265624999 0.07846225625 0.8457974859374999 0.07886674375 0.8413512593749999 0.0649753734375 0.8258640390625 0.059475909375000004 0.82558220625 0.044371296875 0.832441228125
1 0.08767817812499999 0.8546146468750001 0.08430688593749999 0.8676463999999999 0.0778045859375 0.91576248125 0.07897355625 0.9219337718749999 0.0941680078125 0.9120850203125 0.1186224421875 0.8735283328125 0.122802278125 0.833589009375 0.105104828125 0.821563753125 0.093731715625 0.8394623296875 0.08767817812499999 0.8546146468750001
1 0.13474600781249998 0.8658134093750001 0.1255756484375 0.88252405625 0.1197767953125 0.8952105109374999 0.11715472656249999 0.907347996875 0.1334289546875 0.9336829359375001 0.1581834203125 0.909180634375 0.16643906718749998 0.865817715625 0.15230784375 0.8462930328124999 0.14698827187500002 0.8490392968749999 0.13474600781249998 0.8658134093750001
1 0.1915827625 0.8253573968750001 0.18500459687499998 0.833929653125 0.181273521875 0.8409052109375 0.16808774531249998 0.880063934375 0.1760607625 0.9242339890625001 0.17931255468750001 0.9271986203125 0.191615209375 0.9294489859375 0.21839168125000002 0.864700425 0.21771725000000003 0.86010073125 0.2069573203125 0.827544296875 0.20484440625000003 0.8257424984374999 0.1915827625 0.8253573968750001
1 0.2130731796875 0.9124844765625 0.21145501875 0.92126183125 0.2123243859375 0.9313938546875 0.2273845078125 0.944044809375 0.228673190625 0.943227278125 0.24247386249999997 0.9256740000000001 0.2637063796875 0.8801535859375 0.2646952421875 0.8742892234375 0.2497844921875 0.841642790625 0.23411033125 0.8434166187500001 0.2130731796875 0.9124844765625
1 0.26562414375 0.8674154984375001 0.2519438265625 0.9050026250000001 0.2501608203125 0.9132561140625001 0.25440255 0.955394171875 0.2600068953125 0.9551905046875 0.278512675 0.9313006343750001 0.2907394640625 0.8940071749999999 0.29277715625 0.8832878203125001 0.2835760640625 0.8679673343750001 0.2708388328125 0.865154734375 0.26562414375 0.8674154984375001
1 0.31117848124999997 0.8778985640625001 0.2991462 0.9027092343750001 0.298097371875 0.9075642296875 0.30493129375 0.94156389375 0.3114647546875 0.943494059375 0.32758810625 0.9267715828125 0.329460521875 0.8975132453124999 0.3280813609375 0.8742978375 0.31708243125 0.8737341671875001 0.31117848124999997 0.8778985640625001
1 0.3587253765625 0.8701495796875 0.346243690625 0.9009013453125 0.3329384125 0.956056453125 0.338018346875 0.9582802828125001 0.36034546875 0.9424402374999999 0.366174409375 0.934762246875 0.3729470828125 0.913707203125 0.3744003953125 0.9044059796875 0.375208725 0.8684908515625 0.36242657500000003 0.8671731171875001 0.3587253765625 0.8701495796875
1 0.375239671875 0.9095295421875 0.36897636875 0.9256528562499999 0.364167021875 0.9594976203125001 0.368317840625 0.9595876203125 0.396863559375 0.9381266828125 0.4067373671875 0.88598640625 0.399319709375 0.88042754375 0.390208884375 0.8801324421875 0.375239671875 0.9095295421875
1 0.42909500468750006 0.8931699359374999 0.42453969843749995 0.8975261625 0.41847154687500004 0.9281893625000001 0.417903284375 0.977149509375 0.42046582031249996 0.9820177734375 0.4336219359375 0.955865703125 0.440499490625 0.9343251609375001 0.44247722031250003 0.9225964390625 0.4406933546875 0.894819703125 0.4353886109375 0.8910626390624999 0.42909500468750006 0.8931699359374999
1 0.460788921875 0.9292044687500001 0.45103482812499995 0.9743559203125001 0.4516643375 0.9804504812499999 0.4596663703125 0.9845912109375 0.4652406296875 0.9793790843749999 0.4805094453125 0.9460212546875001 0.487087184375 0.9194338859375 0.48450960624999995 0.9120613921875 0.467396746875 0.907625559375 0.460788921875 0.9292044687500001
1 0.5334496375 0.8849942625 0.5250732046875 0.890308221875 0.5068833609375 0.9667869390625 0.512847703125 0.981647025 0.5159346515625 0.9840877890625 0.5317579703125 0.9533109234375001 0.543265409375 0.9129126359375 0.5471909890625 0.8934542890625 0.5436544234375 0.8879470609375 0.5376004546875001 0.8850842640625001 0.5334496375 0.8849942625
1 0.6251128171875 0.9085413546875 0.6171559156249999 0.9119133171874999 0.5976015234375 0.949665740625 0.594786971875 0.9886013124999999 0.6078319390625 0.9883736125 0.6212931921875 0.9725519874999999 0.6337744515625 0.9237851078125001 0.6337892796875 0.91728178125 0.6251128171875 0.9085413546875
1 0.5925353484375 0.8959007953125001 0.583784090625 0.8926543312499999 0.5798580828125 0.8940975625 0.5717666390625 0.910961675 0.5606185531250001 0.93940104375 0.564410875 0.9874801953125001 0.5649276671875 0.989122509375 0.5697050546875 0.9890391187500001 0.57388126875 0.98482393125 0.5865576765625 0.9505969375 0.5964316968750001 0.90746421875 0.5925353484375 0.8959007953125001
1 0.6913907296875 0.8964508468749999 0.6775000046875 0.9079862984375 0.6697836046875 0.9424183953125 0.670518853125 0.984057684375 0.6754457609375 0.9871934093749999 0.6794346015625 0.9871237828125 0.6829713109375 0.9843276859375001 0.697969540625 0.9149012624999999 0.69344368125 0.8972432796875 0.6913907296875 0.8964508468749999
1 0.7378896578125 0.9295870875000001 0.711127803125 0.9788247640625001 0.716529609375 0.9864762875 0.7439356781249999 0.9859979125 0.748709553125 0.9631528875 0.7513763250000001 0.940512978125 0.74685068125 0.931862553125 0.7378896578125 0.9295870875000001
1 0.77969830625 0.9625565937499999 0.7771660765624999 0.9717043500000001 0.7754605437500001 0.98544764375 0.800871365625 0.9850040968749999 0.802460646875 0.9743014515624999 0.7985342078125 0.9577295687499999 0.784478421875 0.9597335984375001 0.77969830625 0.9625565937499999
1 0.8273053812500001 0.9648245328125 0.8255452578125 0.9845734125 0.8522700640625 0.9841069296875 0.8531396234375 0.976505925 0.8527643671874999 0.9499303875 0.8313958078124999 0.9458900531250001 0.8273053812500001 0.9648245328125
1 0.85712195 0.8229435890625 0.8391261828125 0.8689244031250001 0.8510997874999999 0.8971497109375 0.85730355625 0.8980321437500001 0.8618739046874999 0.8961801453125 0.86572490625 0.89122331875 0.8754046343749999 0.8695809421874999 0.8821470031249999 0.83450988125 0.8813823078125 0.8148848015624999 0.86943921875 0.8096830703125001 0.85712195 0.8229435890625
1 0.8163922156250001 0.79012755 0.7977521078125 0.8365171312499999 0.8046462078125 0.88053371875 0.8105353296875 0.88287265 0.8155252109375001 0.8790786546874999 0.8343447812499999 0.8177020578124999 0.8331304625 0.7950105140625 0.8215619875 0.78936165 0.8163922156250001 0.79012755
1 0.801286959375 0.7699639015625 0.7968812421875 0.7633322078125 0.7827055281249999 0.7633175046875 0.771018840625 0.8277103671875 0.7739263265625 0.8451381484375 0.7791414453125001 0.8608925 0.780594971875 0.8605988359375001 0.791923165625 0.8441951218750001 0.798426109375 0.8231017093749999 0.801977078125 0.804090496875 0.8032805906249999 0.796769640625 0.803145403125 0.7832391203125 0.801286959375 0.7699639015625
1 0.761951434375 0.7628675015625 0.7553130890624999 0.7614228359374999 0.7421116249999999 0.7710546546875 0.7376313265625 0.77892448125 0.7300795578125 0.804872884375 0.7519435156250001 0.8465150453125 0.75898634375 0.8435134812499999 0.7628670046875 0.8255500015624999 0.765084371875 0.8088511859375 0.764334290625 0.773715225 0.761951434375 0.7628675015625
1 0.702431146875 0.7513987375 0.6888849453125 0.7574785937499999 0.6864874734375 0.762141753125 0.6723278765625 0.8096690703125 0.6730173500000001 0.8167729953125 0.689816203125 0.8496879984374999 0.697023665625 0.8382027421875 0.7004100015625 0.827675221875 0.7072572546875 0.7921186609374999 0.708395490625 0.7662588203125 0.7076310078125 0.7556412984375 0.702431146875 0.7513987375
1 0.63655771875 0.759043015625 0.6329016546874999 0.7695321703125 0.62701360625 0.812231025 0.63405729375 0.845259690625 0.6383129953125 0.8448641921875 0.6398563625 0.8415807953125001 0.651214 0.8031628703125 0.6534464109375 0.7889682859375 0.6541500734375 0.762546215625 0.6515572359374999 0.743661934375 0.63655771875 0.759043015625
1 0.59479463125 0.751601315625 0.5914082953124999 0.7621288374999999 0.5843961984375 0.7971615328125 0.584995834375 0.8072551890625 0.5899113500000001 0.82697026875 0.6097356875 0.7982637687499999 0.6144704546875001 0.7789205234375001 0.61463465625 0.75242171875 0.6021071921875001 0.7486381203125 0.59479463125 0.751601315625
1 0.4869474953125 0.7167446671875 0.48194256874999997 0.71803443125 0.47656324687499996 0.7287788843749999 0.47485567812499996 0.7585610843749999 0.47518558281249995 0.768616375 0.47947180468750006 0.791244453125 0.48729373281250005 0.783349528125 0.49142907812500003 0.7629201828125 0.49728725156250003 0.7242204265625001 0.4947846828125 0.7203615296875 0.4869474953125 0.7167446671875
1 0.5336256671874999 0.72588633125 0.5238705015625 0.7259999968749999 0.5145653859375 0.7471952390625 0.4979182625 0.7933678859375 0.499283025 0.8411017375000001 0.503598690625 0.8417156046875001 0.5165302125 0.8230378593750001 0.528816965625 0.786753765625 0.5366232046875 0.7493319406250001 0.5378067890625 0.73999235 0.5372071546875 0.7298986953125 0.5336256671874999 0.72588633125
1 0.563115759375 0.7180710109375 0.5587102578125 0.720446875 0.5538403046875 0.7262596015625 0.542812571875 0.774732815625 0.5426483703125 0.8012316203125 0.55123478125 0.8039542187500001 0.5709389765624999 0.76422143125 0.5721825234375 0.7558912062500001 0.5734858218750001 0.739562790625 0.5707730578125 0.7186597796874999 0.563115759375 0.7180710109375