1 0.22966234062500002 0.1538361046875 0.22627100000000003 0.1604499921875 0.2177821234375 0.2228336890625 0.22167334374999997 0.2267484203125 0.2269706125 0.22754995312499998 0.234481075 0.2125317609375 0.24483348437500002 0.18083870468750002 0.2476730578125 0.1565613171875 0.2470097140625 0.15265986250000002 0.233137784375 0.1515111640625 0.22966234062500002 0.1538361046875
1 0.2898579046875 0.1800492125 0.28769185468749997 0.1877987703125 0.2859361453125 0.23742233750000002 0.2873791578125 0.24666825625 0.3002584390625 0.2495672984375 0.30461020781250003 0.24404900624999998 0.3073185359375 0.2235528421875 0.30711336718750004 0.2026158375 0.30343037968750003 0.1764012453125 0.2957493390625 0.175239021875 0.2898579046875 0.1800492125
1 0.2615819484375 0.1700691328125 0.2521309671875 0.17291531875 0.2492049171875 0.1853012328125 0.2518284484375 0.21135551718749998 0.255127875 0.2284844984375 0.2624646921875 0.240522753125 0.2654104109375 0.23811765937499998 0.2680566734375 0.2309159 0.26962381562500004 0.2135730125 0.265938459375 0.1797558953125 0.26307210312499996 0.1712448796875 0.2615819484375 0.1700691328125
1 0.3251963296875 0.17161736249999998 0.3220203390625 0.1787389703125 0.319710490625 0.20309651093749997 0.3211755421875 0.22992577500000003 0.33054716093750003 0.23799569687500002 0.3345028203125 0.236218553125 0.3420777171875 0.215508484375 0.342555559375 0.2084537546875 0.3396671640625 0.18235939375000002 0.3311891609375 0.1734744125 0.3251963296875 0.17161736249999998
1 0.3574601609375 0.176974359375 0.35497973437499997 0.1851514828125 0.352904903125 0.219997565625 0.3530754828125 0.2361779828125 0.355394815625 0.24223054843749997 0.363640175 0.2482295140625 0.366370540625 0.2453166984375 0.3721731296875 0.2210125109375 0.37316103125 0.2040571125 0.37077014375 0.18088884375 0.3671437875 0.1770141890625 0.3574601609375 0.176974359375
1 0.3874368765625 0.173432853125 0.3840573953125 0.218059371875 0.38660937500000003 0.22699795156250002 0.388530228125 0.229189140625 0.39255269375 0.22932264687499998 0.396639596875 0.2237642765625 0.40198163750000004 0.20889311250000003 0.40558358281249995 0.1875818953125 0.40643787031249995 0.1668051953125 0.397878134375 0.161233796875 0.38948660468749996 0.1642402890625 0.3874368765625 0.173432853125
1 0.419431103125 0.16354471875 0.41647283437500004 0.178776571875 0.41722976875000006 0.2173770796875 0.42046238750000003 0.232595409375 0.42527944531250006 0.23284914531249998 0.42748008281249994 0.229856178125 0.434490665625 0.20430936718749998 0.43756288593750003 0.1829179921875 0.43663230625000005 0.1713739359375 0.4341149171875 0.16719194375 0.419431103125 0.16354471875
1 0.45619761406250003 0.16958301874999998 0.450573415625 0.1820358125 0.44782505781250004 0.233409725 0.450228496875 0.243751234375 0.46117200468749997 0.24968332499999998 0.4759972453125 0.22912003906249997 0.47149763125 0.18520186875 0.4686312765625 0.1766908546875 0.46505443125 0.17234855625 0.45619761406250003 0.16958301874999998
1 0.47935873906250004 0.23295461562500003 0.4839824828125 0.25028397812500003 0.4861682 0.25251524375 0.49050504375 0.252221184375 0.49798328593749996 0.24004892656250001 0.5044271796875 0.20206284531250002 0.5014743484374999 0.1816603609375 0.4912932125 0.178694440625 0.48614922656250004 0.19169502968750002 0.47935873906250004 0.23295461562500003
1 0.52543075625 0.1943127953125 0.5229503281250001 0.20248991875 0.5203606921875 0.2320316171875 0.5209768968749999 0.24400324062499998 0.541950625 0.246701653125 0.548018075 0.22243754375 0.545763178125 0.2106931 0.542416609375 0.201634290625 0.5308741953125 0.1861088703125 0.52543075625 0.1943127953125
1 0.5614325234375 0.1897824 0.5595855937499999 0.21230944218749997 0.5600210359375 0.2285299375 0.5620928046875 0.23692072187500002 0.5670780671875 0.24575234687499997 0.5831482640625001 0.236305553125 0.5809333953125 0.193683359375 0.5706484890625 0.1764476734375 0.5662126187500001 0.177677021875 0.5614325234375 0.1897824
1 0.599865203125 0.177542525 0.598607696875 0.17925279375 0.5966420718750001 0.192734303125 0.5935990078125 0.254516603125 0.6030720265625 0.269253765625 0.6073098421875 0.2698949921875 0.6172535890625 0.2547698453125 0.6176819171875 0.2481827578125 0.614234640625 0.181617315625 0.6086379187500001 0.17601911875 0.599865203125 0.177542525
1 0.6358913828125 0.19819800468749998 0.625142865625 0.233632209375 0.61818416875 0.26631390312500003 0.619609884375 0.273181525 0.6273899546874999 0.2734084625 0.633016525 0.26855819687500004 0.64924544375 0.2372791859375 0.6510130109375 0.22566825000000001 0.6488524 0.1977834671875 0.6443819390625001 0.1942562265625 0.6358913828125 0.19819800468749998
1 0.654928640625 0.25476885625 0.658973146875 0.272485709375 0.6663571046875 0.27645379375 0.6765287546875001 0.2490096078125 0.683915778125 0.209740828125 0.681663253125 0.2055989125 0.6709500203125 0.19495031093749998 0.6681701390625 0.1983307703125 0.654928640625 0.25476885625
1 0.7017386218749999 0.1939073296875 0.6930673078125 0.2020979765625 0.69141299375 0.258388784375 0.70005920625 0.2758516546875 0.7044950765625 0.27462230781249997 0.7196031703125 0.205638 0.7126475390625 0.195082828125 0.7079122140624999 0.19151551093750002 0.7017386218749999 0.1939073296875
1 0.75090183125 0.1946943484375 0.747292771875 0.19319798906250002 0.742542521875 0.194854903125 0.7365049203125 0.20867054999999998 0.733301453125 0.23384314687500002 0.7328056234375 0.28935897499999996 0.740486665625 0.2905211984375 0.7443755140625 0.28683340468749996 0.7516855484375 0.26608325625 0.756426309375 0.23401623593749998 0.7556591953125 0.21584501562499997 0.7526741453125 0.19828846718749998 0.75090183125 0.1946943484375
1 0.78197970625 0.21887731562499999 0.7765511921875 0.221857009375 0.764471240625 0.23428325 0.76381026875 0.2379843203125 0.7663151046875 0.25499307187500003 0.7712728953125 0.281875690625 0.7744536281250001 0.2899591359375 0.7883601484375 0.295864425 0.7917687828125 0.29162883281249996 0.7924941921875 0.282235884375 0.7923534609375 0.255607003125 0.7834203484375 0.2205207078125 0.78197970625 0.21887731562499999
1 0.8569855875 0.22975137031249998 0.8456978578125 0.23469531406250002 0.8425934187499999 0.2589326234375 0.841162265625 0.287699340625 0.8477760453125001 0.31673307031250003 0.8525435874999999 0.31745444843750004 0.855439790625 0.31551699843750003 0.8607669093749999 0.3058700671875 0.8647649640624999 0.28081769843750004 0.8655202203125001 0.2609762875 0.8659288828125 0.2444083796875 0.8635081484375 0.2316885734375 0.8569855875 0.22975137031249998
1 0.8051479468749999 0.30505649375 0.8063410187500001 0.3090381015625 0.8098510515624999 0.31146975 0.8144032453125 0.311683409375 0.821948296875 0.3014218046875 0.8248075390625 0.2871252375 0.8291348953125001 0.256421071875 0.8227907218749999 0.242632471875 0.8049458421875 0.24088262187499998 0.8022154734375 0.2437954375 0.8051479468749999 0.30505649375
1 0.8760408375000001 0.23786112343750002 0.87107998125 0.25421537031249997 0.8709432984375001 0.293630934375 0.8737279234375 0.305455528125 0.8784310296875001 0.311868784375 0.8836937109375 0.30791373125 0.8873970546875001 0.29326975 0.89458128125 0.240666490625 0.8825288046875001 0.23504173750000001 0.8778775859374999 0.235763365625 0.8760408375000001 0.23786112343750002
1 0.9654805921875 0.2471180890625 0.9574254796874999 0.2672803640625 0.9516300078125 0.31439213125 0.9650932765625001 0.3321087375 0.972029240625 0.33268308593749996 0.9804482437500001 0.31162560625 0.9812231671875 0.3017650140625 0.9771691765625 0.25363805156249997 0.973906709375 0.24886818906250002 0.9654805921875 0.2471180890625
1 1 0.39020823125000004 0.9945914578125 0.3864613515625 0.9890293234374999 0.3856197421875 0.9734857874999999 0.4383835578125 0.9890900031250001 0.4740041265625 0.9961768796875001 0.480778071875 1 0.4811366421875 1 0.39020823125000004
1 0.9416557203125 0.390805134375 0.93356601875 0.4062108203125 0.9510313921875 0.46491950312499997 0.9553187203125001 0.4650930890625 0.95803179375 0.45980197812499995 0.9625226140625 0.422470646875 0.9636865328124999 0.386061328125 0.960406771875 0.37891316875 0.9416557203125 0.390805134375
1 0.91197134375 0.376335728125 0.8985419718750001 0.4142151015625 0.9114283703125 0.43992172656250006 0.9200352484375 0.43742295468750003 0.9259070156250001 0.4226319453125 0.9291104812500001 0.3974593453125 0.9275314796874999 0.3767896 0.9262888953124999 0.3732756359375 0.921786215625 0.37259433125 0.91197134375 0.376335728125
1 0.8369128828125 0.4091661859375 0.85330694375 0.4297019296875 0.858884 0.42531930625000003 0.87080355 0.37628336562500003 0.8696104796874999 0.37230175625 0.8455503 0.34537955625 0.8332054875000001 0.35776571874999996 0.8369128828125 0.4091661859375
1 0.7851434375 0.3847031734375 0.78586578125 0.41854709218749997 0.7885859671875 0.43606356249999995 0.792279134375 0.44184886875 0.8016137921875 0.43755967656249994 0.81209033125 0.37927781718750003 0.7954856640625 0.37343940625 0.786349059375 0.3758580234375 0.7851434375 0.3847031734375
1 0.747557925 0.35335877031249996 0.735717734375 0.3914786046875 0.733061290625 0.41910964999999994 0.73465284375 0.4269526375 0.7429304218749999 0.43010566250000004 0.7447671703125 0.42800790624999996 0.7541293046875001 0.405667721875 0.7617513453125 0.3768874828125 0.7653532921874999 0.3555762609375 0.758961978125 0.3498578328125 0.7498575921875 0.3494305140625 0.747557925 0.35335877031249996
1 0.7216884718750001 0.3104833359375 0.7102522015625 0.316830209375 0.70833371875 0.32224154843749997 0.7050925968749999 0.385894421875 0.7072633890625 0.393349921875 0.715793278125 0.4093697828125 0.7196176921874999 0.41137386249999996 0.723887725 0.409169153125 0.7294356265624999 0.3643956015625 0.729507875 0.3306719125 0.7277654078125 0.31662933125000003 0.7216884718750001 0.3104833359375
1 0.669797265625 0.32021165625000003 0.6631631265625 0.3320364984375 0.6631624328125 0.3828758921875 0.6729867921875 0.40954460312499996 0.6841236109375 0.398401065625 0.688255284375 0.377169996875 0.6901296890624999 0.3365919640625 0.6818646640625 0.32061217656249996 0.6750772406250001 0.3186348953125 0.669797265625 0.32021165625000003
1 0.6310753109375 0.30722558125 0.6239758828124999 0.31327839375 0.622903878125 0.325944846875 0.6242275 0.3769846234375 0.6392501015625001 0.40539015312500004 0.6412526859375001 0.404267759375 0.6436835999999999 0.3965582796875 0.648275821875 0.365894190625 0.64286529375 0.32041278281249996 0.6371176578125 0.30861498906249996 0.6310753109375 0.30722558125
1 0.5983682265625 0.313679903125 0.5952936375 0.32746874843749996 0.5925405375 0.363637609375 0.5942853734375 0.3852827171875 0.5968695703125 0.3913753609375 0.5988894515625 0.3926312609375 0.6029441375 0.389918828125 0.6106055109375 0.38110023125 0.6123361187499999 0.3571301796875 0.6115171171875 0.3318240765625 0.6081186625 0.31563038125 0.5983682265625 0.313679903125
1 0.5616953062500001 0.342340653125 0.5616481656250001 0.350410825 0.5623830609375 0.371427984375 0.5656628218749999 0.37857614375000004 0.571158146875 0.377507103125 0.5802255703125 0.36557530625 0.58832308125 0.322137809375 0.5905684921875001 0.3034721453125 0.5799865046875 0.2890423203125 0.5643564921875 0.3299146625 0.5616953062500001 0.342340653125
1 0.5487672031249999 0.2890698625 0.5340481046875001 0.331505440625 0.533619775 0.338092528125 0.539104921875 0.357452771875 0.54263225 0.362262715625 0.5564845125 0.3534305921875 0.5596259124999999 0.341552396875 0.5610940265625 0.325144796875 0.562243021875 0.293959709375 0.55437885 0.28944382812499997 0.5487672031249999 0.2890698625
1 0.50641108125 0.30024094218749997 0.5068583828125 0.3544740703125 0.50931370625 0.3719504640625 0.5110192125 0.37363393125 0.5162001578125001 0.3729924578125 0.5265400140625001 0.3541261609375 0.5334271578124999 0.3043287625 0.5300805890625 0.2952699515625 0.5286894640625001 0.29315891875 0.5153472609375 0.292090371875 0.50641108125 0.30024094218749997
1 0.4875342234375 0.28027979531249997 0.481778778125 0.29651381250000003 0.47828534375 0.347299853125 0.4789982046875 0.3507336640625 0.48846647968749995 0.3502657734375 0.49751660937500003 0.3359556828125 0.49912071406249997 0.3309719109375 0.5006532671875 0.308872434375 0.5010422609375 0.2823237046875 0.496042071875 0.2787163109375 0.4875342234375 0.28027979531249997
1 0.45401288281249996 0.276633065625 0.44704707031249996 0.28650718125 0.443774425 0.3021666015625 0.4434200203125 0.3334719203125 0.44478367187499995 0.35363394531250003 0.45369237343749996 0.36353436562499997 0.46699524375 0.34464126875 0.4668616265625 0.34081996718749996 0.46398578281249997 0.301898846875 0.459144315625 0.2764592359375 0.45401288281249996 0.276633065625
1 0.3977668453125 0.33511654687500003 0.3973707359375 0.33885769374999997 0.399675146875 0.35013449375 0.4100567078125 0.358832365625 0.415453003125 0.3586986125 0.42050033437499995 0.3542358375 0.42351048750000003 0.346138865625 0.43034811875 0.2968091109375 0.4170679828125 0.2824461609375 0.41044639531250005 0.2814442453125 0.3977668453125 0.33511654687500003
1 0.3711869046875 0.29640982656250003 0.36704030625 0.3228651265625 0.3670497953125 0.3532752328125 0.368839403125 0.359247646875 0.38130765312500003 0.37111207031250004 0.3862237359375 0.3704305203125 0.39307391875 0.3082740046875 0.38475938125 0.2927618625 0.3752415890625 0.29369739687499996 0.3711869046875 0.29640982656250003
1 0.33784088749999996 0.32414856875 0.33492195156250004 0.3593420640625 0.3528336421875 0.363002565625 0.3567397859375 0.3616930640625 0.36333696249999997 0.33750910625 0.362543065625 0.286549484375 0.3453269390625 0.2839445015625 0.34125970156249996 0.299483690625 0.33784088749999996 0.32414856875
1 0.321905 0.2865772734375 0.32043214062500003 0.2877798203125 0.315105025 0.2974267515625 0.310861771875 0.3324198640625 0.3096286734375 0.35931600625 0.321879203125 0.363070184375 0.3306024046875 0.36201442031250003 0.336056021875 0.33338120937500004 0.3373087875 0.316465890625 0.3373362640625 0.298414896875 0.3303979265625 0.2902380203125 0.321905 0.2865772734375
1 0.274801003125 0.307007796875 0.2716345 0.344539509375 0.27948375 0.35427962343749997 0.2846819921875 0.35601644375 0.2901600234375 0.3525691078125 0.29335330625 0.347825796875 0.30169601562500004 0.2944475546875 0.29977516249999997 0.2922563671875 0.2832868171875 0.2878609640625 0.2775934375 0.290800578125 0.274801003125 0.307007796875
1 0.23557679843749998 0.27589057499999997 0.23529938281249999 0.2886772578125 0.23777437343750002 0.316134471875 0.2414353203125 0.324765715625 0.2483563609375 0.330564296875 0.25239375000000003 0.3254735734375 0.26471178125 0.2802990078125 0.2574394015625 0.2625688765625 0.239644034375 0.260351384375 0.2367329078125 0.2675130671875 0.23557679843749998 0.27589057499999997
1 0.19963946562499998 0.27472909375 0.1986641171875 0.27885773281250004 0.1983120859375 0.317765575 0.2032997203125 0.33419973125 0.2105005484375 0.33481415625 0.2329156109375 0.2883165671875 0.23327713125 0.27981883125 0.2259403125 0.2677805734375 0.21325908437500002 0.2630109578125 0.19963946562499998 0.27472909375
1 0.17247988281249998 0.44736996093750003 0.1809405921875 0.45387664843750003 0.20983581562500003 0.43259148593749996 0.2142198015625 0.4242272546875 0.2185447875 0.3859205609375 0.2053016125 0.383916728125 0.1917786515625 0.38709705 0.17247988281249998 0.44736996093750003
1 0.24045690468749997 0.3721312203125 0.23498124687500002 0.38318108125 0.2294631890625 0.41750616718750005 0.2272225234375 0.4513768859375 0.23149730000000002 0.46437722812500004 0.23464344375 0.4677040859375 0.23955952812499998 0.467022534375 0.2521793859375 0.4342471625 0.25660102500000004 0.38740265625000003 0.25669768125000003 0.3788648421875 0.2534847296875 0.373627334375 0.24045690468749997 0.3721312203125
1 0.2656630125 0.4111052 0.2633602796875 0.4582703203125 0.26766964843749996 0.47602725 0.271709409375 0.4785390515625 0.28074698593749997 0.47705571874999997 0.298543046875 0.428433821875 0.29171629062500004 0.40649489843750003 0.28434725625 0.39730258125 0.2705594296875 0.4004428265625 0.2656630125 0.4111052
1 0.3080537234375 0.40469070625 0.305622809375 0.4124001875 0.30241934375 0.4375727859375 0.3058744296875 0.476106415625 0.309748353125 0.47764285156249997 0.3162190265625 0.472445171875 0.3224028 0.4496240703125 0.3249452921875 0.4281525421875 0.324178178125 0.40998132187499997 0.322272246875 0.4025659015625 0.3080537234375 0.40469070625
1 0.3418446703125 0.423582565625 0.3360444546875 0.4554892796875 0.3438638578125 0.4756778578125 0.3523394890625 0.4769603125 0.353332134375 0.4752099671875 0.3628553609375 0.43864009218750005 0.35864265156249997 0.41234535 0.35480094375000004 0.40796297499999995 0.34635990156249996 0.411437109375 0.3418446703125 0.423582565625
1 0.3885871484375 0.41164977968749994 0.3844334359375 0.41529749843749997 0.3763013328125 0.4539784078125 0.376387809375 0.4658698796875 0.38492007031250003 0.48949227031250003 0.38899205000000003 0.48915813124999996 0.39425472968749997 0.4852030765625 0.4004903875 0.46951685625 0.40111676875 0.46105919375 0.402444153125 0.4180227125 0.40131788906250004 0.41595175468749995 0.3885871484375 0.41164977968749994
1 0.4247052359375 0.40856239375000003 0.4216455703125 0.41712700625 0.418625234375 0.44565326406250005 0.4282366171875 0.47941678125 0.433875740625 0.4617397546875 0.44168872031250006 0.4082813625 0.44013175625 0.4051949640625 0.43132445312499995 0.4019617828125 0.4247052359375 0.40856239375000003
1 0.4599643015625 0.41104665156250003 0.45659262656250005 0.42764135937500003 0.45723086874999996 0.45719633281250005 0.4606513625 0.490973375 0.463564859375 0.49141421718749995 0.470035534375 0.4862165375 0.4799745390625 0.45588633749999996 0.48055140625000003 0.4478963203125 0.4812028953125 0.4137851421875 0.46522697968750004 0.40709159687499996 0.4599643015625 0.41104665156250003
1 0.4986665890625 0.4140519078125 0.49562184531250003 0.4173922890625 0.4918689859375 0.4325039125 0.49290333750000004 0.4583177375 0.4994180859375 0.488286753125 0.5055570875 0.481138346875 0.5101815281250001 0.4476283171875 0.51118198125 0.4178461609375 0.507025896875 0.413891353125 0.4986665890625 0.4140519078125
1 0.53015786875 0.4368720203125 0.533608209375 0.46020059843750005 0.5358607359375 0.46434251406250004 0.54052925 0.46599917968750004 0.5453290109375 0.46387462187499995 0.5487549421875 0.46201732343749996 0.5517328781249999 0.4567662921875 0.555941540625 0.41701659218750003 0.5511370343750001 0.40393609531249997 0.5393517953125 0.4059539484375 0.5312966828125 0.42611621875 0.53015786875 0.4368720203125
1 0.558624071875 0.473013340625 0.5580794203125 0.47815741718749993 0.5783301125 0.49785130625 0.5811272875 0.496849140625 0.60054711875 0.45322429062499997 0.6014556625 0.44718500156249996 0.5824129671875 0.4262484890625 0.5771825046875 0.4273576078125 0.558624071875 0.473013340625
1 0.612575184375 0.4336631671875 0.6041585515625 0.46232317656250005 0.605548984375 0.5152736046874999 0.6072222703125 0.519803009375 0.613628509375 0.52029720625 0.6281763328125 0.5125206015625 0.629631896875 0.508939759375 0.63585806875 0.46284343124999994 0.629476934375 0.43669571874999996 0.6203033687499999 0.42675522031249996 0.6148253375 0.43020255625 0.612575184375 0.4336631671875
1 0.7056805046875 0.4851618578125 0.71018170625 0.478334528125 0.7018446296875 0.48124438906250006 0.6883851437499999 0.4750675578125 0.683834628125 0.5332958171875 0.6954289265625 0.55595611875 0.704119909375 0.5577462921875 0.7186975828125 0.5395212234375 0.722601353125 0.5306091953125 0.7236119875 0.4803977546875 0.7019581828125 0.4712503296875 0.7158468296875 0.478357434375 0.7056805046875 0.4851618578125
1 0.74325665625 0.46769073125 0.7265743062500001 0.5312103453125 0.7256830609375 0.5396279296875 0.7264949453125 0.5421264531250001 0.7406239296875 0.5713470421875 0.76352395 0.5406023046875 0.764298871875 0.5307417140624999 0.7596459734375001 0.47302142031249994 0.7476430125 0.4669290265625 0.74325665625 0.46769073125
1 0.8257777421875 0.4787516421875 0.824886496875 0.48716922656249995 0.8288068703125001 0.531474884375 0.8312967828125 0.55370786875 0.833383471875 0.5568744203125 0.8392772781250001 0.5596667578125001 0.84174278125 0.556713865625 0.8478102328125001 0.5324497546875 0.8497239703125 0.5118333625 0.8503974953125001 0.49530553125 0.8471326578125 0.48293313906249996 0.8257777421875 0.4787516421875
1 0.771153796875 0.483790253125 0.767844190625 0.4870905578125 0.775531653125 0.5618997515624999 0.783727496875 0.5683663625 0.78799753125 0.56616165 0.7928122156249999 0.5588128609375 0.7984615203125001 0.5207065484375 0.7991845578125 0.503711075 0.7966498734374999 0.4971507875 0.771153796875 0.483790253125
1 0.8830974625 0.466043628125 0.875134265625 0.46246303437499997 0.8649751671875 0.4770804625 0.866122775 0.5475741609375 0.8678849078124999 0.5715975624999999 0.8798383546874999 0.5781576015625001 0.8905845015624999 0.5351208734374999 0.89165650625 0.5224544203125 0.8910182640625001 0.492899446875 0.888298078125 0.47538297656250006 0.8830974625 0.466043628125
1 0.9141753390625 0.49022659687500003 0.9017810125000001 0.503080403125 0.9054412656249999 0.5625510390625 0.9066343375000001 0.5665326484375 0.9142336468750001 0.5710084546875 0.922709278125 0.5722909078125 0.92423165 0.5706207156249999 0.9289276390625 0.554226390625 0.9303760890625 0.5278379703125 0.930482925 0.49887086875 0.9228663203125 0.4920167703125 0.9141753390625 0.49022659687500003
1 0.9392108671875 0.513020159375 0.933819315625 0.5283589671875 0.9247142359374999 0.5787710406250001 0.9253775796875001 0.5826724953125 0.9377813937499999 0.6002287953125001 0.9451975718750001 0.6013509421875 0.9502771187500001 0.594042228125 0.9547058765624999 0.5700052999999999 0.95769161875 0.5367224546875 0.957305690625 0.5200343171874999 0.95460516875 0.5124986671875 0.9392108671875 0.513020159375
1 1 0.54182938125 0.9968568250000001 0.5378972140625 0.9859974234375001 0.5362540703125 0.96680311875 0.5599573546875 0.9636271296875 0.5670789609375 0.9790655078125001 0.6017241671875 0.983684509375 0.6038484765625001 0.9916131203124999 0.6026724812500001 0.9959648859374999 0.5971541874999999 0.9991062859375001 0.5852759937500001 1 0.5786448640625 1 0.54182938125
1 1 0.6777159875 0.9967587828125 0.6481138109375 0.990246403125 0.6257473234375001 0.9851644828125 0.625453509375 0.9779511031249999 0.637665840625 0.9742477578125 0.6523098218750001 0.9706600406250001 0.7192362015625 0.9915143828125 0.7637284734375 0.9944231390624999 0.7489642640625 1 0.6937953718750001 1 0.6777159875
1 0.9244283171875001 0.6704289265625001 0.9241163109375 0.6784590203125 0.9356187 0.7248621890625 0.9446908671875001 0.7281354484375 0.9544664046875001 0.7044324078125 0.9647967765625 0.6551560078125 0.9489198906249999 0.647527175 0.9400803671875 0.64713993125 0.9244283171875001 0.6704289265625001
1 0.8952665515625 0.6332320921875 0.8903677625 0.6362919375 0.8892933859375001 0.6413558625 0.8897430578125001 0.7031915171875001 0.8921512390625 0.7287380812500001 0.8933765296875 0.7298737515625 0.9219353390625 0.691432809375 0.9219133015625 0.6738494609375001 0.9200819875 0.6403128812500001 0.9167527124999999 0.6336323640625 0.8952665515625 0.6332320921875
1 0.8633940843750001 0.60892889375 0.8760753156250001 0.6136985109374999 0.8797488140624999 0.609502996875 0.8775285078125 0.60251514375 0.8678448796874999 0.6024753125 0.8612578828125 0.6062299859375 0.8633940843750001 0.60892889375
1 0.8567646906249999 0.6359587906249999 0.8652491156250001 0.7184907421875 0.8718211874999999 0.7199603015625 0.8809656015625 0.689509871875 0.884238246875 0.67385045 0.885191559375 0.6521384640625 0.8801150765625 0.6162103140624999 0.8631142984375 0.6141130484375 0.8567646906249999 0.6359587906249999
1 0.83434320625 0.6088094046875 0.8133199624999999 0.6065786359375 0.8096464640625 0.6107741515625 0.8105220937500001 0.6584201921874999 0.8145784562499999 0.71414968125 0.8284629359375 0.7024716203125 0.8343865890625001 0.69481549375 0.841753946875 0.645565890625 0.84126661875 0.6222105140624999 0.83705865 0.611120825 0.83434320625 0.6088094046875
1 0.777825190625 0.6444452296875001 0.7648492499999999 0.6500839984375 0.760826090625 0.700789884375 0.7722521828125 0.714872296875 0.7757127046875001 0.7177715874999999 0.7846512531250001 0.7172235437500001 0.78961210625 0.700869296875 0.7911941734375 0.678302175 0.7896969031250001 0.65431885 0.7870954109375 0.6458479109375 0.777825190625 0.6444452296875001
1 0.7154384703125001 0.6516351968749999 0.7172328234375 0.6728126624999999 0.72651253125 0.7046254515625 0.730453265625 0.708072540625 0.7569230124999999 0.6588625203125 0.7442645156250001 0.62083685625 0.7401084328125 0.61688205 0.7317318265625 0.6146643078125 0.7154384703125001 0.6516351968749999
1 0.699732859375 0.6093473890625 0.69640595625 0.6102694 0.6846898984374999 0.6218004296874999 0.6773947859375 0.6373263437500001 0.6769491624999999 0.6415351359375 0.6773822328125 0.6501531015625 0.68626583125 0.6857070390625 0.6937488203125 0.6887398375 0.6976054484375 0.6878979796875 0.7131757671875001 0.6679225671875 0.7155225765625 0.6559241421875 0.7150525421875 0.634947059375 0.7135600171875 0.626168784375 0.7085079453125 0.6154265078125001 0.699732859375 0.6093473890625
1 0.6423117390625 0.6153881625000001 0.6388064484375 0.6281615671874999 0.6443678875 0.6798425703125 0.6620445625 0.6730145296875001 0.6678668140624999 0.6586911625 0.672976209375 0.6409339843749999 0.6765513750000001 0.5868343640625 0.6765317078125 0.57685354375 0.663585615625 0.5720438484375 0.6423117390625 0.6153881625000001
1 0.6113430703125 0.5698406203124999 0.5979113265625 0.6001174687499999 0.5974657046875 0.6043262609375 0.6048096375 0.6391720953125 0.6144610453125 0.6420578640625 0.6191444828125 0.6384902984374999 0.6347148 0.618514884375 0.637502490625 0.5871026140625 0.6286236359374999 0.5667537281249999 0.6184920140625 0.5633201640625 0.6113430703125 0.5698406203124999
1 0.57659406875 0.5574556953124999 0.5619991 0.57330246875 0.556144628125 0.5904717734375 0.5686396609375 0.6351245999999999 0.5949978296875 0.5996766250000001 0.59747825625 0.5914995015625 0.5954560046874999 0.582641075 0.5898223171875 0.5646837609375 0.5855004 0.5597535875 0.57659406875 0.5574556953124999
1 0.5495386578125 0.5334062312500001 0.5432660390625 0.5367333390625 0.53245545625 0.5854619421875 0.532393390625 0.5987563453125 0.54089343125 0.625224675 0.5474827999999999 0.629072528125 0.55069338125 0.6267075109375 0.556246028125 0.5971390125 0.5585904640625 0.5775380625000001 0.5594101609375 0.5520047734375 0.5583310390625 0.5418636453125 0.5561280265625 0.5372540859375 0.5495386578125 0.5334062312500001
1 0.5192696031249999 0.554958653125 0.5098657625 0.54973466875 0.50708588125 0.553115128125 0.4985183390625 0.5755755421875001 0.49443311406249996 0.6395758296875 0.49499743125 0.6444125703125 0.49935157031250005 0.64649680625 0.525001621875 0.6228200734375 0.52513286875 0.6190388484375 0.5231828609375 0.5764567328125 0.52112601875 0.5628417171875 0.5192696031249999 0.554958653125
1 0.477735546875 0.548198975 0.463830709375 0.6007356046875 0.465239128125 0.6052249328125 0.4743608109375 0.6080305484374999 0.49084678437499996 0.604823425 0.49687727343750004 0.5682001984375 0.49733544687500003 0.5511646484375 0.4933279046875 0.5458069078125 0.4846864359375 0.5435490921875 0.477735546875 0.548198975
1 0.43954569374999997 0.542895578125 0.426029846875 0.5688834796875 0.42083871874999995 0.589954240625 0.42566289062499996 0.6130155562499999 0.4306630765625 0.6166229515625 0.4508052546875 0.6068420203125 0.4590465640625 0.5467965375 0.45159579531249994 0.5409178031249999 0.44280578750000005 0.5400629171875 0.43954569374999997 0.542895578125
1 0.399612678125 0.5743889921875 0.401924203125 0.6084733703125 0.40530299062499997 0.6146862421875 0.4120385296875 0.6095286390625 0.42193039062500004 0.5872686093749999 0.42784455781249997 0.5492023765625 0.42396825937499993 0.5400634125 0.41785910625 0.536763353125 0.413341503125 0.5413062828124999 0.399612678125 0.5743889921875
1 0.3848895296875 0.550780125 0.3780376703125 0.5544947203125 0.3726932578125 0.5617633578125 0.3676978125 0.5733610171875 0.3655663546875 0.5858671625 0.3670659921875 0.617453015625 0.37188304843750003 0.6177067515625 0.38829747187499997 0.5973839265625001 0.391703734375 0.5855458078125 0.39537011718750004 0.5585427125 0.3942265609375 0.5540934578125001 0.39108041875 0.5507666015625 0.3848895296875 0.550780125
1 0.35950503437500003 0.5236575421875 0.3513115609375 0.524793459375 0.347888003125 0.534253284375 0.346219459375 0.5449289312500001 0.344456634375 0.5717449203125 0.3446248421875 0.5803228109375 0.350275821875 0.6006584203124999 0.3534046703125 0.6016069828124999 0.359709509375 0.595433940625 0.3640589046875 0.5823131218750001 0.3664206375 0.5650904625 0.36626498281250003 0.5436858140624999 0.363643821875 0.52523405625 0.35950503437500003 0.5236575421875
1 0.301106190625 0.5262244265625 0.2936798328125 0.5455315671875 0.2906225359375 0.5616987078125 0.290201325 0.591093375 0.291659259375 0.5951150578125 0.3058950796875 0.595368546875 0.3154356015625 0.56117696875 0.31860921875 0.5464528343749999 0.317730525 0.542043659375 0.3121982390625 0.530753584375 0.30514358124999996 0.5211337 0.301106190625 0.5262244265625
1 0.2530370265625 0.5303543015625001 0.2442093625 0.56797969375 0.26543303125 0.5759424156249999 0.2845062671875 0.53559106875 0.28510043125 0.529979346875 0.27640470625 0.51298411875 0.258876575 0.5184092296875 0.2530370265625 0.5303543015625001
1 0.25094015625 0.5476170375 0.2442093625 0.56797969375 0.255422475 0.5891569125 0.259875640625 0.590305859375 0.26574740625 0.575514846875 0.2678419046875 0.5506495874999999 0.261995240625 0.5397870796875 0.2556385171875 0.5388252390625 0.25094015625 0.5476170375
1 0.206044609375 0.537022778125 0.1992320828125 0.560699015625 0.1925382484375 0.5934207890625001 0.195370015625 0.5971752140625 0.23232509375000002 0.57093283125 0.23483299687499998 0.54470471875 0.23287280937500002 0.5225518874999999 0.215275496875 0.51846381875 0.206044609375 0.537022778125
1 0.1710236265625 0.5017901953125 0.1806750359375 0.5046759625 0.1881407265625 0.505330465625 0.18833878125 0.5034598906250001 0.1852916640625 0.499197746875 0.176434846875 0.4964322109375 0.1710236265625 0.5017901953125
1 0.1655503421875 0.520442584375 0.15956699375 0.5489956421875 0.1618981875 0.5930608390625001 0.174562121875 0.5954521640625 0.1773915171875 0.5916040609375 0.1841175671875 0.5560363515625 0.1865539171875 0.5126925328125 0.169785784375 0.513481284375 0.1677832 0.5146036796875 0.1655503421875 0.520442584375
1 0.14063616875 0.6744177875 0.131474459375 0.702489925 0.12266171875000001 0.73489108125 0.1227953390625 0.7387123828125 0.137959365625 0.7429074046874999 0.1462023515625 0.7413038421875 0.1679713640625 0.6932830937500001 0.16372880781250002 0.6774368140625 0.1505476984375 0.662138578125 0.14063616875 0.6744177875
1 0.2208426625 0.6946311875 0.22384975312500002 0.7297710828125 0.2269833453125 0.7459246984375 0.23344146718749997 0.7535537796875 0.24126867812500002 0.7457105453125 0.2454050953125 0.73968453125 0.24805135625000002 0.732482771875 0.2565724546875 0.6672531375 0.2559264046875 0.665729975 0.23940583906250001 0.6641805093750001 0.22752394531250003 0.6747361749999999 0.2208426625 0.6946311875
1 0.266037665625 0.7100221109375 0.26273754375 0.7437325218749999 0.2640964515625 0.7486894953125 0.2772555234375 0.7464043828125 0.2807136703125 0.741701146875 0.2961479984375 0.7103019046875 0.30605241250000004 0.675215115625 0.2897448265625 0.66657084375 0.27397171249999996 0.6732117765625001 0.266037665625 0.7100221109375
1 0.302551865625 0.703193575 0.30205672968749997 0.7078700109375 0.313974890625 0.760512853125 0.31779930312500004 0.762516934375 0.322465446875 0.756571075 0.32999083281249997 0.7363286484375 0.33824943749999997 0.6786614609375 0.32740495625 0.6717940859375 0.317374734375 0.6750277609374999 0.302551865625 0.703193575
1 0.362621621875 0.6975535671875 0.3524947421875 0.7093250578125 0.34531595312499996 0.7262939796875 0.34375118125 0.7512393921875 0.350676965625 0.7722430296875 0.378720971875 0.7284977015625 0.37958 0.7229260562500001 0.3747409046875 0.7050889703125 0.3709487109375 0.7002389515624999 0.362621621875 0.6975535671875
1 0.3890262375 0.704874815625 0.3809884203125 0.7274153828125 0.3785449546875 0.7479516234375 0.379970671875 0.754819246875 0.383349459375 0.76103211875 0.3859485828125 0.761900528125 0.40340753281249997 0.746962240625 0.413638875 0.6986211234375 0.414314771875 0.689695821875 0.40260889375 0.680797565625 0.396734753125 0.6879860484375 0.3890262375 0.704874815625
1 0.43309804218750003 0.6749579171875 0.42290909687499995 0.7000238078125001 0.42251298750000005 0.70376495625 0.43259440156249995 0.7585055578125 0.44050808750000003 0.76255379375 0.4598461875 0.7222425265625 0.460556675 0.718073809375 0.45466830625 0.679647134375 0.45395544687499995 0.6762133234375 0.44228415937500004 0.6720716546875 0.43309804218750003 0.6749579171875
1 0.4725816734375 0.741749553125 0.4602934890625 0.776475653125 0.46021175625 0.779789234375 0.4671327984375 0.785587815625 0.472165203125 0.7863492734374999 0.4862477390625 0.7728006390625 0.49881808281250006 0.7404929109375 0.5013802421875 0.72900220625 0.4900704734375 0.7163628 0.4854192515625 0.717084428125 0.4782058734375 0.729296759375 0.4725816734375 0.741749553125
1 0.5237976765625 0.6901071437499999 0.5180917453125 0.7058735171875 0.5133235093749999 0.7559915296875 0.5135286796874999 0.7769285359375 0.51768950625 0.7960883984375 0.5236799671875 0.7903429203125001 0.5278313078125 0.7790926765624999 0.5362903390625 0.727157440625 0.5376099109375 0.7121527734375 0.537157175 0.6935539859375 0.52927570625 0.6866598078124999 0.5237976765625 0.6901071437499999
1 0.5568333671875 0.7288404140625 0.5561001484375 0.766265175 0.56115459375 0.7846099796875 0.56961293125 0.7835141375 0.5714818984375001 0.7785704421874999 0.5800698015625 0.7152514578125 0.57824560625 0.70452245625 0.5741044453125 0.6953434171875 0.5606137015625 0.6956778 0.5568333671875 0.7288404140625
1 0.130814471875 0.8154723078125 0.11954097187499999 0.8660314093749999 0.1300931109375 0.8909096999999999 0.148260178125 0.8642001703125001 0.150641578125 0.8569583328125001 0.15558039375 0.8230207390625001 0.15342452499999998 0.8103410109375 0.1524963171875 0.8063994781250001 0.1390550875 0.80626621875 0.130814471875 0.8154723078125
1 0.1640411015625 0.8295274234375001 0.1619394890625 0.8315851046875 0.1576741984375 0.8489948703125 0.15597343749999998 0.8625164562500001 0.15669103906249998 0.8811553203125 0.1596910125 0.8934876359375 0.17116661875 0.9071024046874999 0.1743103921875 0.9028267359375001 0.18160313125 0.8796982953124999 0.18235127499999998 0.8370493046874999 0.18157160625 0.831704840625 0.175544184375 0.8250912015624999 0.1640411015625 0.8295274234375001
1 0.1901635609375 0.8344303015625 0.188707996875 0.83801114375 0.18407575 0.8995529843750001 0.1926677046875 0.9022784453125 0.206371425 0.8948492531250001 0.2183153859375 0.870999184375 0.224548671875 0.8477104375 0.22446456874999998 0.8434214921875001 0.20937990156250003 0.8283103640625 0.20403311875000002 0.827976475 0.1901635609375 0.8344303015625
1 0.2344005078125 0.8563281578125 0.23253391093750003 0.8688743796875 0.231389659375 0.9152645203124999 0.2331792671875 0.9212369328125 0.246816178125 0.911897090625 0.26633741093749996 0.87493948125 0.266110203125 0.8364191265625 0.247715928125 0.824608303125 0.23863357812500002 0.8417643312499999 0.2344005078125 0.8563281578125
1 0.28110058437499996 0.8676705968749999 0.2740208234375 0.88370423125 0.2697704546875 0.8958897625000001 0.2685326125 0.9075808515625001 0.287080171875 0.9331937968749999 0.30839338125000004 0.909811125 0.3117406453125 0.8680305421875 0.29599263593749997 0.8490179609374999 0.291143359375 0.8516101609375 0.28110058437499996 0.8676705968749999
1 0.331724796875 0.829242434375 0.3262813578125 0.8374463609375 0.32341974375000004 0.8441403984375 0.3148569421875 0.8818058656250001 0.3272851671875 0.924548040625 0.3307456859375 0.92744733125 0.34287989375 0.9297585015625 0.3618469875 0.8675348640625 0.3607034296875 0.8630856109374999 0.3468220140625 0.8315268046875 0.344586784375 0.8297631843750001 0.331724796875 0.829242434375
1 0.3618117046875 0.9136176671875 0.3611853203125 0.9220753265624999 0.363108546875 0.9318690421875001 0.379020021875 0.9442544625 0.380178503125 0.94347948125 0.391644621875 0.92668414375 0.40730685156249996 0.8829658640625 0.4076361515625 0.877314065625 0.389732271875 0.8456217531249999 0.37476866875 0.8471586828125 0.3618117046875 0.9136176671875
1 0.4077996171875 0.870686903125 0.39859076718750003 0.9068292078125 0.397749034375 0.9147791484375001 0.40635284687500006 0.9555172421875 0.41174914375 0.9553834890624999 0.42708681562499995 0.9325220609375 0.43492183593749995 0.8966470140625 0.4357462734375 0.88631878125 0.42521379843749996 0.8714213093750001 0.4125993796875 0.8685623437500001 0.4077996171875 0.870686903125
1 0.45296002656249995 0.8813212375000001 0.44397908125 0.9051445031249999 0.4434839421875 0.909820940625 0.45372407812500004 0.9427293234375 0.46024663749999994 0.9446665265625 0.47404701562499996 0.928699521875 0.4727305046875 0.9004673265625 0.46891627500000005 0.8780339609375 0.4582227078125 0.87736618125 0.45296002656249995 0.8813212375000001
1 0.4980984015625 0.874372221875 0.48931787968749996 0.90392744375 0.48234900156249993 0.9570384234375 0.48749773125000007 0.9592428875 0.5073899671875 0.944197646875 0.512204653125 0.9368488562499999 0.5165021624999999 0.9165931546874999 0.5169131953125 0.9076277734374999 0.5138565921875 0.872955521875 0.5013584953125 0.8715395625 0.4980984015625 0.874372221875
1 0.5182721031249999 0.9125847453124999 0.513940003125 0.9280838578124999 0.5129073296875 0.9607119531249999 0.516929796875 0.9608454609375 0.542233253125 0.9404422328125 0.5462068999999999 0.890203990625 0.53844175625 0.884752821875 0.5296022328125 0.8843655796875 0.5182721031249999 0.9125847453124999
1 0.5685890515625001 0.8973917312499999 0.5646506875 0.9015471703125 0.5620610546875 0.9310888671875001 0.5667437984375 0.97836069375 0.5697414000000001 0.983090484375 0.57966548125 0.9579845140625001 0.5840125046875 0.9372611703124999 0.5846711078125 0.9259575703125 0.57997818125 0.899115028125 0.574448265625 0.8954274812499999 0.5685890515625001 0.8973917312499999
1 0.6030803062500001 0.9325441624999999 0.5984755328125 0.9760350109375 0.5997354125000001 0.9819272703124999 0.6079139640625 0.9860155859375 0.61274594375 0.9810450875000001 0.6239424546875 0.9490046203125001 0.6274602984375 0.9234044562499999 0.6241805359375 0.9162562968750001 0.6071624640625 0.9117807375 0.6030803062500001 0.9325441624999999
1 0.6686013078124999 0.89066841875 0.6610711796875 0.895705790625 0.6516588375000001 0.9693530125 0.6590129499999999 0.9837695609375 0.6622581203125 0.9861611296874999 0.67426651875 0.9566191859375 0.6810743031250001 0.9177378953125 0.6827899859375 0.8989920781249999 0.6787824437500001 0.8936343390625 0.6726237734375 0.8908019250000001 0.6686013078124999 0.89066841875
1 0.759734015625 0.9144356124999999 0.75240194375 0.9176024109375 0.73753193125 0.9538383953125 0.7390339421875 0.9930267734375 0.7402941875 0.99599799375 0.7480996765625 0.9959525828125001 0.7628818374999999 0.9762043890625 0.7697367625 0.9292529281249999 0.7690561234375 0.9229731796875 0.759734015625 0.9144356124999999
1 0.7144399875 0.8999799765625 0.7084196781250001 0.9161739171875001 0.700681315625 0.94351115 0.7094855546875001 0.9899811968750001 0.7116390515625 0.995058396875 0.718357296875 0.9875225000000001 0.7269546859375 0.954613621875 0.73189113125 0.9130735 0.726888571875 0.9018635796875 0.718081265625 0.8986303984375 0.7144399875 0.8999799765625
1 0.8065402374999999 0.94765034375 0.8117008234374999 0.9878674406249999 0.8190352687500001 0.99230316875 0.8237682218750001 0.9882679609375 0.8308486765625 0.9213949343750001 0.8245862374999999 0.9042927531249999 0.8225168437500001 0.9035044953125 0.8103205687499999 0.9144877296875 0.8065402374999999 0.94765034375
1 0.8710112734375001 0.9360244015625 0.8504007390625 0.9832701687500001 0.860155115625 0.9953006640625001 0.8824296796875 0.9951710734375 0.885058521875 0.9685585718749999 0.88521724375 0.9467263546875 0.8799176031249999 0.93832229375 0.8710112734375001 0.9360244015625
1 0.914953509375 0.9683306453125 0.9134830203125001 0.9771357203125 0.913240259375 0.9949918234374999 0.937646340625 0.9948498328125 0.938214353125 0.9799275625 0.9326474765625001 0.9638809 0.9192730546875 0.965658290625 0.914953509375 0.9683306453125
1 0.961728159375 0.994709728125 0.9794481218750001 0.9946066374999999 0.9834507234375 0.9568031343750001 0.963151546875 0.9528170171875001 0.9612205156250001 0.971055115625 0.961728159375 0.994709728125
1 0.9873043312500001 0.9051569578124999 0.9892203046875 0.9023109703125 0.9972191859375 0.82676365625 0.9853746859375001 0.8217162734375 0.97488391875 0.834382971875 0.96240005 0.8785821734375 0.9769919515625001 0.9059722625 0.9830838125 0.9068940265625001 0.9873043312500001 0.9051569578124999
1 0.9320011359375 0.8022370343749999 0.9189380265624999 0.8468237249999999 0.930306796875 0.8894055921874999 0.9362501156249999 0.8917302875 0.9406686921875 0.88812264375 0.9523037109375 0.82906580625 0.94870483125 0.8071401578125 0.9369172203125 0.8015554828125 0.9320011359375 0.8022370343749999
1 0.9152431828125 0.7825965 0.9102752140625 0.7761431671875 0.896569121875 0.7759698312500001 0.8921522234375001 0.83801939375 0.896825484375 0.8548811140625 0.9035508406250001 0.8701527953125 0.904924671875 0.8698855359375001 0.9141233421875 0.854172515625 0.9181559874999999 0.8338767359375 0.9195572953125 0.8155584843750001 0.9200351359375001 0.808503753125 0.91845850625 0.7954365359375 0.9152431828125 0.7825965
1 0.8764567921875001 0.7753023 0.8698847187500001 0.7738327390624999 0.8581513640624999 0.7829854734375 0.854660996875 0.7905346468750001 0.8501332140625 0.8155068609375 0.8757205078125001 0.855963925 0.882208478125 0.8531445421875 0.8840404843749999 0.8358417296875 0.88439963125 0.8197414640625 0.879919684375 0.7858041171875 0.8764567921875001 0.7753023
1 0.8176893156249999 0.7635593421875 0.805243103125 0.769278265625 0.803423646875 0.773754315625 0.79481370625 0.8194899546875 0.796239421875 0.8263575781249999 0.8159973484374999 0.8583304265624999 0.8217378703125 0.8473206421875 0.8238866249999999 0.8371927906250001 0.8267065328125 0.8029345796875 0.825043428125 0.7779758921875 0.8231697171875 0.767714534375 0.8176893156249999 0.7635593421875
1 0.7548223843749999 0.7702015125 0.752408765625 0.7802892875 0.7512794375 0.8214551953125 0.7616186 0.8534282921875 0.7656905796875 0.8530941546875 0.766831765625 0.84994088125 0.773706359375 0.8129702390625001 0.774347665625 0.7992883468749999 0.7722043484375 0.773781859375 0.7676796296874999 0.755517209375 0.7548223843749999 0.7702015125
1 0.713652221875 0.762546621875 0.711503465625 0.7726744734375 0.7084682078125 0.8064249609375 0.7101265703124999 0.8161785984375 0.7169855453125 0.8352715843749999 0.7330832171874999 0.8077737968750001 0.735593490625 0.7891482078125 0.732920446875 0.7635615671875 0.7204050546875 0.7597673125 0.713652221875 0.762546621875
1 0.60566490625 0.72767670625 0.6009641734375 0.7288659796875 0.5969118578125 0.7391809375 0.5984437171875 0.7679208515625 0.5998372140625 0.7776344125 0.6063991078125001 0.799533259375 0.61311735 0.7919973625 0.6149320625 0.77231625625 0.616459871875 0.7350117265625 0.6136281046875001 0.731257303125 0.60566490625 0.72767670625
1 0.6517684484374999 0.73702834375 0.642349684375 0.7370285890625 0.635618890625 0.7573912453125 0.6244593390625 0.8017908296874999 0.6308798078125 0.8479001859374999 0.6351176234375 0.8485414125 0.645623315625 0.83065048125 0.653624171875 0.7957507968749999 0.657171859375 0.75970216875 0.65731803125 0.7506967109375 0.6556596671875 0.7409430734375 0.6517684484374999 0.73702834375
1 0.6794431249999999 0.7298125640625 0.6754379562499999 0.73205735 0.6713510515625 0.7376157203125 0.66586995625 0.784299921875 0.6685430015625 0.8098865625 0.67713495625 0.8126120234374999 0.6919381578125 0.7744653890625 0.6922501640625 0.7664352953125 0.69176520625 0.7506824437499999 0.6869088171875 0.730467065625 0.6794431249999999 0.7298125640625