1 0.82245680625 0.1979471859375 0.8256363984374999 0.1937335046875 0.8073590796874999 0.1338374140625 0.8029848140625001 0.12774352656250001 0.7992141078125 0.12583624375 0.785831203125 0.12838210781249998 0.7858063125 0.1322508328125 0.7924653921875 0.1556078609375 0.8076577171875 0.185415865625 0.8174043062499999 0.1992728640625 0.82245680625 0.1979471859375
1 0.761382521875 0.2241101453125 0.761315325 0.21495507187500001 0.7516633374999999 0.166796303125 0.7483057953125 0.15947010156250002 0.7417748828125 0.1553903984375 0.7344487562500001 0.15731263281250002 0.7350386125 0.1832276546875 0.7381858343750001 0.2036439390625 0.74411193125 0.22333109843750001 0.7492502953125 0.22825895312500002 0.761382521875 0.2241101453125
1 0.78476589375 0.21556093281250002 0.79001626875 0.20307953437499998 0.79050410625 0.18605444843750002 0.78890375 0.160404559375 0.7840615703125 0.1486401578125 0.7743635109375 0.1468397765625 0.7730941625 0.1481383765625 0.771651828125 0.156723971875 0.7734550296875 0.190045021875 0.77776084375 0.2067778953125 0.7815004359375 0.2135210796875 0.78476589375 0.21556093281250002
1 0.7256528921875 0.21127730625000002 0.7227956328125 0.1849916546875 0.7166418015625 0.16150205625 0.712396959375 0.1548914390625 0.7068329859375 0.1573168640625 0.6999623265625 0.166843975 0.7013100578125 0.1925601484375 0.7029054484375 0.19938315625 0.7136252 0.218778103125 0.71777795625 0.22010237031250002 0.7256528921875 0.21127730625000002
1 0.6870497875 0.233475359375 0.694154403125 0.22678350625000002 0.6954548671875 0.220649003125 0.6930344046875 0.20486977187500002 0.6854332765625 0.171138890625 0.68169990625 0.163428521875 0.6722358015625 0.16446339999999998 0.669308834375 0.1686107953125 0.6706752359375 0.1914254265625 0.6743525984375001 0.20784041874999998 0.6839137562500001 0.2309187734375 0.6870497875 0.233475359375
1 0.6508646921875 0.213037640625 0.65575043125 0.21803177968749998 0.659663009375 0.21748796874999998 0.6611912046875 0.21515590312500002 0.6622577125 0.20618614218750003 0.6518167359375 0.1630621296875 0.6483422125 0.1543183 0.6396546515625 0.15225278125 0.6321742125 0.15856046875000002 0.636331934375 0.178711615625 0.6432623078125 0.1991008203125 0.6508646921875 0.213037640625
1 0.6289784 0.22409069218750002 0.6297064203125 0.2089336828125 0.6242743828124999 0.17125425625 0.6189456234375 0.15672088125 0.6051682234375 0.161784125 0.6033749578125 0.166116834375 0.604310784375 0.17745786562500002 0.61073590625 0.1979796375 0.6216771671875 0.222144203125 0.6243079500000001 0.22483335312500002 0.6289784 0.22409069218750002
1 0.5914455750000001 0.177936803125 0.58395394375 0.166384790625 0.575734296875 0.1699897890625 0.5729305296875 0.174587634375 0.5714881984375 0.18317323125 0.5741102437500001 0.226417684375 0.5918972703125001 0.24492386093750002 0.6016513390625 0.23801961875000002 0.6023482421875 0.2276985125 0.5914455750000001 0.177936803125
1 0.5696849359375 0.247855303125 0.5714359 0.230498796875 0.5581973812500001 0.1910054484375 0.551087796875 0.178870421875 0.541605025 0.1828068390625 0.5419795953125 0.2029850640625 0.5543557078125 0.23932527343749999 0.5636157140625 0.2504132984375 0.567904115625 0.25025365 0.5696849359375 0.247855303125
1 0.5239324625 0.20530641093750002 0.5201990921874999 0.19759604375 0.513563646875 0.1901643515625 0.5047578515625 0.20647526562500002 0.5029334703125 0.215643878125 0.5026061703125 0.22731632968749999 0.512419953125 0.25032840156249997 0.53250053125 0.2455424203125 0.5311888796875001 0.233817225 0.5239324625 0.20530641093750002
1 0.4896737671875 0.2186401921875 0.48426536562500005 0.196886103125 0.47765481249999997 0.1855856890625 0.47312000625 0.1848444375 0.46581751718750003 0.20269200937499998 0.4704667859375 0.2444390109375 0.48769381406249995 0.2519883203125 0.491157146875 0.242872453125 0.49184160468749993 0.2344857078125 0.4896737671875 0.2186401921875
1 0.46315807343750004 0.2632537625 0.4503028578125 0.20338333749999998 0.44622477656250004 0.19045290312500002 0.444721471875 0.1889162453125 0.43589826406250004 0.188334640625 0.4313199 0.19436365312499998 0.43859247031250004 0.259561046875 0.44006465937500006 0.2659336078125 0.452208075 0.27964449999999996 0.456250075 0.2785839578125 0.46315807343750004 0.2632537625
1 0.44070430156249996 0.28411118750000003 0.44100048750000004 0.2772746390625 0.428969084375 0.24615449687500002 0.41279115 0.2127429078125 0.4038571875 0.2097764921875 0.40004914375 0.21367229375000002 0.4023949296875 0.2410576921875 0.40598020625000003 0.25218633125 0.42685348437500004 0.2809865375 0.43313177343750003 0.2851325234375 0.44070430156249996 0.28411118750000003
1 0.38124413437500004 0.21619249062499998 0.3779849015625 0.2131854609375 0.3692102203125 0.2246604703125 0.36766957968749997 0.228926896875 0.3811731703125 0.2664196 0.3955093125 0.292107284375 0.40209623125 0.287482359375 0.40321874375 0.26980797343749996 0.38124413437500004 0.21619249062499998
1 0.34128707812500003 0.2136415515625 0.33722640937500004 0.21760363593749998 0.3321116796875 0.22860112031250002 0.3579179671875 0.294246140625 0.3624527703125 0.29498739218750003 0.368116309375 0.27708707499999996 0.3574973828125 0.22242317812499998 0.347707234375 0.2153364453125 0.34128707812500003 0.2136415515625
1 0.3208679484375 0.31024340625 0.3252608828125 0.31343575 0.33258700937499996 0.3115135171875 0.3232249859375 0.2574853828125 0.3160668765625 0.23329373750000001 0.3079530203125 0.220456665625 0.3030423875 0.21933125156250002 0.29975203906250003 0.22116012187499998 0.298593446875 0.22484353124999998 0.2984814359375 0.24225278125 0.3006368265625 0.26003265937500003 0.31040082343750003 0.2907821765625 0.3208679484375 0.31024340625
1 0.2792955734375 0.323565059375 0.2919517171875 0.3163821421875 0.293769875 0.3081807109375 0.29431994375000003 0.2814838171875 0.2940499046875 0.2646575828125 0.292811671875 0.26112027968749996 0.2790106375 0.25025818593750004 0.2732251546875 0.2479139921875 0.2720790078125 0.2496630421875 0.26895290781250003 0.2847602171875 0.2730732921875 0.3107144484375 0.2752846890625 0.3197897 0.2792955734375 0.323565059375
1 0.2100825390625 0.3407596703125 0.21683496249999998 0.349608990625 0.2199772171875 0.35119839375 0.22452446875 0.3500052828125 0.22635010625000002 0.321042609375 0.220350590625 0.29316755781250003 0.2134388859375 0.2698768109375 0.20160907031250003 0.2662218890625 0.1955398453125 0.2687798828125 0.1952063234375 0.281419515625 0.1982552359375 0.2975166265625 0.2021665546875 0.31676687812500004 0.2100825390625 0.3407596703125
1 0.256355221875 0.34165351093749996 0.26077304843750004 0.34097713125 0.26381699531249997 0.338247365625 0.2643471359375 0.334246075 0.25741927656249997 0.27426874843750004 0.25428324375 0.271712165625 0.23711096406249998 0.275252290625 0.23311126718750003 0.289336628125 0.2422530375 0.318801084375 0.2473353953125 0.3324335640625 0.256355221875 0.34165351093749996
1 0.19734053125 0.341689053125 0.19817308125 0.32988403593750004 0.1917367671875 0.2915025640625 0.18427002812499998 0.27608183125 0.1821382734375 0.274227290625 0.1774740453125 0.2740027734375 0.1665862765625 0.280721703125 0.1820237484375 0.3312246640625 0.1879871828125 0.3451087390625 0.1937664421875 0.3484201125 0.19734053125 0.341689053125
1 0.07395247031249999 0.41027173125000005 0.077361053125 0.39006642812500003 0.07163905468750001 0.35825636875 0.0678135984375 0.34525965 0.0636919578125 0.3390994796875 0.050327721874999995 0.33874380312499996 0.047344746874999996 0.3515958265625 0.0596586328125 0.39760784375 0.0659854453125 0.41381044375 0.06799400156249999 0.415214534375 0.07395247031249999 0.41027173125000005
1 0.1093810078125 0.313111115625 0.0982792078125 0.2942991875 0.0903184078125 0.2968707203125 0.08789046874999999 0.30185272812499997 0.0916213234375 0.34915121718750003 0.0939559203125 0.3586769171875 0.10555674687500001 0.378323459375 0.1122481984375 0.37705052656250004 0.122582190625 0.3584075484375 0.1093810078125 0.313111115625
1 0.0973955578125 0.431638834375 0.0920904328125 0.4330307953125 0.0844805671875 0.439855215625 0.08199661875 0.45354184999999997 0.08515628750000001 0.472023771875 0.09766678906250001 0.526674128125 0.10562136875000001 0.5250697765625 0.1114690796875 0.5177421640625 0.1210340078125 0.48143833750000004 0.0973955578125 0.431638834375
1 0.12431568125 0.4221616453125 0.1222511203125 0.42946218125 0.12921135156250002 0.46480954375000005 0.1395726890625 0.5007128437499999 0.1430721015625 0.5055879515624999 0.147237303125 0.5049778593750001 0.1549305796875 0.44599197031250004 0.144555540625 0.43181709062499996 0.12431568125 0.4221616453125
1 0.1904635890625 0.45018646718750005 0.17127282187499998 0.41466874374999996 0.161075734375 0.41203374843749996 0.156781109375 0.4131605734375 0.15612776718750002 0.416711415625 0.1578886625 0.43700866875 0.16504677031249998 0.4612003140625 0.17315440625 0.4750045671875 0.181971390625 0.4765533515625 0.1904635890625 0.45018646718750005
1 0.21205620937499997 0.4063818421875 0.21152606562499998 0.41038313281249994 0.2310242078125 0.45692400937500005 0.23717929375 0.4606195484375 0.2499287796875 0.4389289203125 0.24533551718750002 0.3884772953125 0.2312818578125 0.3776814828125 0.21205620937499997 0.4063818421875
1 0.2940535546875 0.4012816453125 0.28473131875 0.399865428125 0.269425725 0.40726073593749995 0.28899105937499997 0.46295668437500004 0.2988061 0.4661746953125 0.3014928875 0.46015922187499997 0.301352275 0.44281625625 0.296647 0.4097738796875 0.2940535546875 0.4012816453125
1 0.343059040625 0.44780475 0.3451907953125 0.4496592890625 0.35278199374999997 0.445736409375 0.3530844015625 0.43793267968749994 0.3460681625 0.41128994375000005 0.328393146875 0.3753745140625 0.3255159609375 0.37178446875 0.3166803078125 0.3731372234375 0.31134406718749996 0.3793650890625 0.3182744421875 0.39975429375 0.3303307375 0.4270057140625 0.343059040625 0.44780475
1 0.3684148859375 0.42666865 0.3741954046875 0.41018596250000006 0.375126265625 0.40270011562499997 0.36177824531249997 0.3410278953125 0.35903670781249997 0.335953934375 0.3468372875 0.33094766875000003 0.34187687499999997 0.3375597 0.3424182046875 0.351418109375 0.347881353125 0.38426163281250003 0.36046653281249996 0.4273058234375 0.36499511562500003 0.42901425312499997 0.3684148859375 0.42666865
1 0.4075207890625 0.345923028125 0.3991418578125 0.3350866015625 0.393725978125 0.334093753125 0.38740412968750004 0.33671803125 0.3818762359375 0.353134434375 0.39019790312499997 0.3924695484375 0.3976335265625 0.41272618593750005 0.41030708281250006 0.4224357875 0.41565080156249995 0.39544667968749997 0.4075207890625 0.345923028125
1 0.45278668125 0.385702946875 0.4459197921875 0.335847875 0.44284598906249995 0.3236194859375 0.434934971875 0.31845357343749997 0.42924779687500003 0.320428553125 0.4255131703125 0.3325122453125 0.4274943203125 0.3773731796875 0.436888715625 0.40677135 0.440498884375 0.41403126874999996 0.4426368640625 0.414918628125 0.45278668125 0.385702946875
1 0.480068928125 0.3983383453125 0.48184352500000005 0.396907178125 0.4833966140625 0.3907063890625 0.481641940625 0.36944195625 0.473165959375 0.3344922984375 0.46795417656250005 0.3213765484375 0.45873025 0.324279503125 0.45799601093750003 0.34040369375 0.4612415421875 0.3651391453125 0.46676692343750004 0.3883108625 0.4756697703125 0.39611318125 0.480068928125 0.3983383453125
1 0.5103167375 0.381229203125 0.5123812984375 0.3739286671875 0.5097393265625 0.3533798171875 0.5084027828125001 0.34552334375 0.5038132281250001 0.33369265625 0.4819916796875 0.29548578124999997 0.47394998125 0.31063066093749997 0.47913064843750003 0.3285823125 0.49399567656250004 0.37006276875 0.5047714328125 0.3807530875 0.5103167375 0.381229203125
1 0.5329123765625 0.357920684375 0.5351810375 0.33849724999999997 0.533708846875 0.3321246890625 0.5125281937499999 0.29230133125 0.50709986875 0.293242846875 0.5001308984375 0.298450784375 0.50624116875 0.32871064687499996 0.5103005828125 0.34454262343750003 0.515272184375 0.35579029375000004 0.5302318109375 0.362968978125 0.5329123765625 0.357920684375
1 0.5629672765625 0.3707941421875 0.5643660484375 0.368978809375 0.5639728093749999 0.3517021265625 0.5557382640624999 0.2988264828125 0.545695490625 0.291806034375 0.5328178375 0.2942193328125 0.531794890625 0.296418828125 0.5299705109375 0.3055874421875 0.5446687765625 0.3533877125 0.5577977984375 0.370702190625 0.5629672765625 0.3707941421875
1 0.5906216390625 0.3451927640625 0.5907697328125 0.341774490625 0.5792323921875 0.29266208125 0.571007778125 0.2774401984375 0.5624371953125 0.27679230781249997 0.5581239015625 0.280820678125 0.5627495359375 0.306642340625 0.5677821109375001 0.3280122640625 0.5701478234375 0.3327020609375 0.5812869593750001 0.34571090781249997 0.5906216390625 0.3451927640625
1 0.6226564921875 0.32471809218750003 0.6173040984375 0.29425937812499997 0.611599509375 0.2793418390625 0.603208134375 0.270439771875 0.5981618578125001 0.27079826875 0.5974948109375 0.2960775328125 0.6009058484375001 0.33428723125 0.6013862078125001 0.338023384375 0.61741730625 0.3550591890625 0.6245468109375001 0.34449861406250004 0.6226564921875 0.32471809218750003
1 0.6593406140625 0.3459904234375 0.66810285 0.3364497734375 0.66855335 0.32522776875 0.6675677421875 0.3216241828125 0.646584965625 0.2706451078125 0.640269340625 0.27230220625 0.629578190625 0.28765947812500003 0.6441532546875 0.3350092984375 0.648391875 0.3425870984375 0.6540417125 0.34641520312499996 0.6593406140625 0.3459904234375
1 0.695658903125 0.306529225 0.6873733171875 0.28118508750000004 0.682974159375 0.278959925 0.6735162781249999 0.27902761875 0.667865184375 0.294993575 0.684503553125 0.354836921875 0.6894204046875 0.3549951578125 0.6997170609375 0.3421552625 0.700512271875 0.33615332656249997 0.695658903125 0.306529225
1 0.7171332875 0.2811010328125 0.7106708265624999 0.26638234375000003 0.6942502 0.2706907984375 0.7016223375 0.32041330156250003 0.7119413703124999 0.3432928046875 0.7159709265624999 0.344166625 0.7329030249999999 0.338758421875 0.7244208203125 0.30477594375 0.7171332875 0.2811010328125
1 0.746254815625 0.341048459375 0.7576353874999999 0.336131321875 0.7521286765624999 0.3100580609375 0.742383346875 0.2764070046875 0.7356309203125 0.267557684375 0.73399819375 0.26653775625 0.7262775734375 0.27097736562499997 0.7207994625 0.2796563265625 0.7237127296875 0.29723734999999996 0.7276427171875001 0.313586059375 0.737554809375 0.340917303125 0.746254815625 0.341048459375
1 0.7815053421875 0.330351084375 0.7863114390625 0.328124509375 0.792430446875 0.31782906875 0.7833322359375 0.28159435 0.7780096984375 0.26609379375 0.7719715890625001 0.263815884375 0.7565490171875 0.2697935625 0.7550208203125 0.272125628125 0.7717151953125 0.3232643484375 0.7755966562500001 0.32755644375 0.7815053421875 0.330351084375
1 0.8188030156250001 0.2954606546875 0.821003221875 0.28667620625 0.8190332640625 0.259674971875 0.8167173343749999 0.247247728125 0.8142470906250001 0.2392059421875 0.8102548734375 0.23252904062500002 0.79320579375 0.23651961406250002 0.78892858125 0.2545389578125 0.8081989875 0.297277396875 0.8129615265625001 0.3018210859375 0.8188030156250001 0.2954606546875
1 0.8532919578125 0.24634118906250002 0.8516778984375 0.242419721875 0.836484315625 0.2324057796875 0.8248448953124999 0.2383563828125 0.81959451875 0.250837778125 0.8213068890624999 0.259078415625 0.850663628125 0.3020670390625 0.8576077046874999 0.30072782187499997 0.8598576953125001 0.284205928125 0.8532919578125 0.24634118906250002
1 0.8509684890625 0.3526783109375 0.8613236015625001 0.38954879375 0.8669485453125001 0.3972456203125 0.898611284375 0.415007725 0.9058453203125 0.407799140625 0.8773335781249999 0.3510711375 0.863599740625 0.34936411562499997 0.8509684890625 0.3526783109375
1 0.8483015625 0.43400130625 0.8508464828125 0.43043692343749995 0.85294838125 0.4173333046875 0.8453410281249999 0.3845696046875 0.834455775 0.3517004125 0.8273337484375001 0.34149974843750003 0.8148319203125001 0.3442972109375 0.8125271796875 0.34972966875 0.813986925 0.358036590625 0.8258017828125 0.40321399375 0.8433847109375 0.43384307031249997 0.8483015625 0.43400130625
1 0.8187083546875 0.42776554375 0.8089144984375001 0.382057871875 0.802420921875 0.37217508593750004 0.788434459375 0.3705343484375 0.7826975 0.3802467703125 0.7795290968749999 0.40232015 0.804708190625 0.44785322968749997 0.8137840203125 0.4483685515625 0.8173332171875 0.44550621718750005 0.8187083546875 0.42776554375
1 0.77998205 0.4495131484375 0.7771994640625 0.4116213328125 0.7700413562499999 0.3874296890625 0.7664311890625 0.3801697703125 0.7521858765625 0.3795624984375 0.75150764375 0.3869820625 0.7536630343749999 0.4047619390625 0.7595829078125 0.42541627968749995 0.7692797109375 0.4470107234375 0.776439078125 0.45140830468750004 0.77998205 0.4495131484375
1 0.7471793890625 0.4325329125 0.736404890625 0.40204853125 0.7300469609375 0.3906818328125 0.7212362 0.3881658671875 0.7181798078125 0.39282999531249996 0.718264415625 0.4188775890625 0.7334256265625 0.45352149375 0.73467630625 0.45512443593749996 0.74276030625 0.4530033515625 0.7471793890625 0.4325329125
1 0.7007809921875 0.47077674375 0.70481676875 0.47068338125000003 0.7093839453124999 0.44679466874999996 0.70756704375 0.4352020421875 0.6934287765625 0.3983586375 0.68878321875 0.395232578125 0.6770205953125 0.4007327296875 0.676250275 0.40286594375 0.6844300734375001 0.44465215156250004 0.6863950671875 0.4528265046875 0.6950017296875 0.4674653703125 0.7007809921875 0.47077674375
1 0.6454375015625 0.3901913390625 0.637341053125 0.394246784375 0.6363118859375 0.3974134625 0.652501009375 0.4486847515625 0.6608426015625 0.4653242625 0.6648435546875 0.4314458640625 0.657328290625 0.4039685140625 0.6529664687500001 0.3959402671875 0.6454375015625 0.3901913390625
1 0.6309892875 0.4799160265625 0.6289334625 0.4466612625 0.6248317484375 0.417805490625 0.618880759375 0.40198705312499994 0.6131014968749999 0.3986756765625 0.5985475546875 0.4068393140625 0.60463915625 0.4400007203125 0.60648095 0.4477246265625 0.6210510484375 0.47624756875 0.6282104125 0.48064514999999997 0.6309892875 0.4799160265625
1 0.5850227828125 0.41183627500000003 0.581510921875 0.40889552812499996 0.5733099421875 0.4095989828125 0.5698777265625 0.41387894843749995 0.5756183906250001 0.44278746562500004 0.5854993703125 0.4749546109375 0.5926462875 0.4812865546875 0.5942255234375 0.451422984375 0.5911094171875 0.42617079999999996 0.5850227828125 0.41183627500000003
1 0.5401948828124999 0.4607718375 0.5438423875 0.462228671875 0.54887621875 0.4638045359375 0.5531770671875 0.46171052812499996 0.554717709375 0.457444103125 0.5543618078125 0.4343643359375 0.5515281828124999 0.4240040234375 0.540426384375 0.4051920953125 0.5285779015625 0.404438715625 0.5259707515625001 0.417674903125 0.53644284375 0.4559630125 0.5401948828124999 0.4607718375
1 0.506850890625 0.4299331921875 0.5015582109375 0.42939079218750004 0.4862824734375 0.451744259375 0.4881367140625 0.457533803125 0.5141047953125 0.49803212812500003 0.5170006484375 0.49872063281249995 0.5336564874999999 0.4774533765625 0.5323012765625 0.47249844375 0.506850890625 0.4299331921875
1 0.47059728281249996 0.518137584375 0.48606838281250003 0.5242165187500001 0.492254584375 0.5230761562499999 0.493166775 0.5184918484375001 0.4860597078125 0.4667687 0.4732455375 0.4397161328125 0.47049155468750004 0.4365765328125 0.4645828703125 0.433781890625 0.4572007375 0.44440875 0.45514114375 0.4705361640625 0.468601175 0.5147991328125 0.47059728281249996 0.518137584375
1 0.3863860265625 0.5537506515625 0.40355705000000003 0.5700045874999999 0.41177047343749995 0.567366771875 0.4194861296875 0.5441002796875 0.40572494687500005 0.48784698281249994 0.3935494171875 0.49524843125 0.3849305609375 0.49327144531249995 0.3904243875 0.4994590859375 0.3793937984375 0.49387648281249996 0.391840290625 0.4855246875 0.37212581875 0.496662740625 0.38114313125 0.545470809375 0.3863860265625 0.5537506515625
1 0.377353753125 0.5464650671875 0.35088168125 0.48630525 0.34647007812499997 0.48601444843749997 0.335705509375 0.49318382656250004 0.3403846359375 0.549888984375 0.3427192328125 0.5594146828125 0.3700313375 0.5870082390625 0.379176878125 0.557090515625 0.3795713734375 0.5545731375 0.377353753125 0.5464650671875
1 0.271681815625 0.5857779046875 0.27699938749999997 0.58245158125 0.27853380781250003 0.5791523375 0.277413809375 0.557238603125 0.2741633109375 0.5136762703125 0.2719456921875 0.5055682 0.251729465625 0.5118380921875 0.2505148671875 0.5242261265625 0.2538164046875 0.5402569546875 0.2589846265625 0.5601429671875 0.268798409375 0.5831550375 0.271681815625 0.5857779046875
1 0.32993743750000004 0.507732153125 0.326172953125 0.5048576890625001 0.3033744703125 0.5204950453125 0.301944584375 0.5271462812500001 0.3053693234375 0.5436275578124999 0.3169875609375 0.5801666187500001 0.3228713546875 0.586829984375 0.32739993749999996 0.5885384140625 0.33438135 0.5813961125 0.32993743750000004 0.507732153125
1 0.24349360312499999 0.5767596328125 0.23334384375 0.5079721921875 0.2210710078125 0.4947780328125 0.21385563749999997 0.499085075 0.2102628796875 0.508717675 0.21040349218749999 0.5260606421875 0.2145052078125 0.5549164140625 0.21757901249999997 0.5671448046875 0.2349702890625 0.6079624203125 0.24561165468750001 0.60034259375 0.24349360312499999 0.5767596328125
1 0.19210493125 0.6066573359375 0.200188934375 0.60453625 0.2069052765625 0.59939459375 0.2074354171875 0.5953933046875 0.20150561250000001 0.5370852046875 0.1873287515625 0.5258389453125 0.179115325 0.5284767625 0.1727623640625 0.5359369421875 0.1774987546875 0.5641434171874999 0.1831348890625 0.58969994375 0.1903490015625 0.6051869609375 0.19210493125 0.6066573359375
1 0.1747584109375 0.6372785171875 0.1818319109375 0.6354225687499999 0.1911554046875 0.617044725 0.1911802953125 0.613176003125 0.1742146296875 0.5650051078125 0.166489040625 0.5506178390625001 0.1513502078125 0.55169333125 0.14991409687499999 0.5593117453125 0.1522051359375 0.575607709375 0.1604471625 0.6077221109375001 0.1686219921875 0.6306814375 0.1747584109375 0.6372785171875
1 0.11946589999999999 0.627164728125 0.12443750312499999 0.6384123984375 0.1295758671875 0.643340253125 0.1375179984375 0.6436702609375 0.1416956453125 0.6411258046875 0.15125435 0.6057891609375 0.1470095078125 0.5991785421875 0.12444749687500001 0.5780630359375001 0.1140898703125 0.5807806765625 0.1103925796875 0.5870612859375 0.111353296875 0.5945335953125 0.11403260781249999 0.6092793640624999 0.11946589999999999 0.627164728125
1 0.1544961109375 0.689906796875 0.1485326765625 0.67602271875 0.13952529687499998 0.6648684125 0.1346022203125 0.6656773578124999 0.1318096421875 0.6881349015625 0.133723596875 0.7238407609374999 0.135688590625 0.732015115625 0.15022009375 0.7861352015625 0.1554256515625 0.8002181296875 0.1687065375 0.7547321515625 0.1544961109375 0.689906796875
1 0.187084740625 0.681356171875 0.1785017125 0.6826426453125001 0.1641941734375 0.6917071781249999 0.1821765625 0.7386457578125001 0.1955270953125 0.7607298546875 0.2038761671875 0.756608125 0.20770539375000002 0.7102226609375 0.20611622500000001 0.702432471875 0.187084740625 0.681356171875
1 0.2452768140625 0.7307794078125001 0.23582892656249999 0.6704977390625 0.233968465625 0.6656753765625 0.2286882296875 0.663198615625 0.207739021875 0.6657986375 0.20555125937500002 0.6726487234375 0.209122834375 0.7055057875 0.2119128984375 0.7226363625000001 0.24598987343749998 0.7571448796875 0.247006596875 0.7559125640625 0.2452768140625 0.7307794078125001
1 0.24433357187500002 0.64219649375 0.255972990625 0.63624589375 0.2576306109375 0.6333970953125 0.2505882234375 0.63041714375 0.2411241203125 0.63145201875 0.2400700578125 0.63848741875 0.24433357187500002 0.64219649375
1 0.2570755765625 0.641267109375 0.2407843734375 0.6450588296875 0.24156462812499999 0.6805793765625 0.24596875156250003 0.7016314218749999 0.2516733390625 0.7165489625 0.26548556093750003 0.7452707546874999 0.2716779859375 0.743163209375 0.2667786046875 0.661894371875 0.2570755765625 0.641267109375
1 0.3155949515625 0.6790178921875001 0.3088325953125 0.6325148125 0.304569084375 0.6288057359375 0.2843653046875 0.6331412671875001 0.2820792328125 0.6356721828125 0.27973715625 0.6469077249999999 0.2829951328125 0.6697088156250001 0.2980754484375 0.716926071875 0.3050929421875 0.723774746875 0.32053915 0.73372240625 0.3155949515625 0.6790178921875001
1 0.36204929375 0.730072559375 0.37097206875 0.715179275 0.358929478125 0.6661994328125 0.3453375109375 0.6620413187499999 0.33649563437499996 0.6643612546875 0.33530592812500004 0.6728805671875 0.3376766046875 0.69639724375 0.3428323796875 0.7182176171875 0.3502991203125 0.73363835 0.35912855 0.7332527765625 0.36204929375 0.730072559375
1 0.385654240625 0.62828984375 0.3778166390625 0.6313118249999999 0.3743844234375 0.6355917890625 0.368084953125 0.673935465625 0.40184084999999997 0.719149253125 0.4051436421875 0.715386021875 0.40913215156250005 0.6834419828125 0.4075006796875 0.6626279984375001 0.385654240625 0.62828984375
1 0.40520964218750005 0.6463320343750001 0.4081042375 0.6668146 0.41231796718749997 0.678261121875 0.43073966874999997 0.6961179984375 0.434646021875 0.6965413703125 0.44147934375000003 0.6928173421875 0.44448224375 0.6572697171875 0.44352775 0.648830228125 0.442418940625 0.6447761921875 0.43280177656249996 0.6304024625 0.41949977031249996 0.62037498125 0.41609866875 0.619819040625 0.4084888015625 0.6266434624999999 0.4052656484375 0.6376274078125 0.40520964218750005 0.6463320343750001
1 0.4786924109375 0.6318793203124999 0.47322178125000003 0.6197970374999999 0.44548532500000004 0.5797627000000001 0.43359327968750005 0.5857795875 0.4351700015625 0.5955041375000001 0.447317125 0.64783596875 0.45515346562500003 0.6646080484375 0.4631379015625 0.6779618515625 0.48151730156249994 0.682794934375 0.4786924109375 0.6318793203124999
1 0.513701503125 0.639107928125 0.5153118531249999 0.6044084562500001 0.51420304375 0.6003544203125 0.49622561875000004 0.5722427203125 0.4881914015625 0.5666263609375 0.47883182812499997 0.5710132265625 0.473402246875 0.5917488 0.48115146875 0.6220614078125 0.49957316875 0.6399182859375 0.5047239796875 0.642911778125 0.513701503125 0.639107928125
1 0.5450369984375001 0.5705393625 0.5282293578125 0.5566039515625001 0.519886509375 0.5597585015625001 0.51644806875 0.565005646875 0.5138098046875 0.5830777375 0.5132485484375 0.5919149296875 0.51698191875 0.599625296875 0.5484281109375 0.6314446625000001 0.5535080156250001 0.586662140625 0.5450369984375001 0.5705393625
1 0.55447495625 0.5931672703124999 0.56463345 0.621399409375 0.5681515328125 0.623372975 0.5739805765625 0.6189469046875 0.5780611703125 0.5922892171874999 0.575874665625 0.5793452453125 0.5575102265625 0.5329896796875 0.550843665625 0.530393890625 0.5450146218749999 0.5348199640625 0.54359718125 0.5395368375 0.544163403125 0.549526525 0.5490478875 0.5743147234375 0.55447495625 0.5931672703124999
1 0.621934515625 0.6329172875 0.621713003125 0.6281476687499999 0.6074839078125 0.566223853125 0.5955134796875 0.545225965625 0.592254246875 0.542218934375 0.583892728125 0.5482750249999999 0.5833376953125 0.5561450375 0.5835032 0.5696192828125 0.5884050937499999 0.6112999984374999 0.5891380765625 0.6149698703124999 0.61800949375 0.6353954578125001 0.621934515625 0.6329172875
1 0.6454311546875 0.5871647640625001 0.6234316578125 0.537418003125 0.6158902421875 0.5336034359374999 0.60780001875 0.5366917015625 0.6047374046875 0.5423230125 0.60790951875 0.5588705734375 0.6196634046875 0.5939257203125 0.63629931875 0.5953540671875001 0.644771590625 0.5916827859375 0.6454311546875 0.5871647640625001
1 0.677306728125 0.5522486671875 0.6599328625 0.528323571875 0.6562915796875 0.5258995546875 0.6478317515625001 0.527636475 0.6414850125 0.5341294750000001 0.659146325 0.591773325 0.68040913125 0.599229275 0.6847224265625 0.5952009046875 0.6857528515625 0.5722401671874999 0.677306728125 0.5522486671875
1 0.707212278125 0.5883344578124999 0.7040227515625 0.5548943796875 0.685306121875 0.5240799890625001 0.6801615359375 0.5201193156249999 0.6747145390625 0.5239623703125 0.6723849078125 0.5332635531250001 0.6842557703125001 0.5697363296875 0.697489325 0.5904027984375 0.7049013140625 0.594734096875 0.707212278125 0.5883344578124999
1 0.7187658328125 0.5761303234375 0.7380686125 0.5942387984375 0.7427390625 0.5934961375000001 0.7391550437500001 0.562573434375 0.7350707390625 0.5506101828125 0.7283307609375 0.5398264984375001 0.7219417171875 0.5332957031250001 0.7146467078125001 0.530382034375 0.708589928125 0.5310056671875001 0.7060450078125 0.534570046875 0.70563806875 0.539021784375 0.71354160625 0.5649489375 0.7187658328125 0.5761303234375
1 0.7400610109375 0.5589563078124999 0.7464127171875 0.5712901875 0.753565859375 0.576654953125 0.7564741578125 0.5754090953125 0.7587490406249999 0.5550184812500001 0.7575419218749999 0.5466452765625001 0.7515299609375 0.5207045828125 0.7481910859375 0.5104768390625 0.7433302390625001 0.501613978125 0.7351354812500001 0.5013502546875 0.731339884375 0.50331169375 0.7317269 0.5215555562499999 0.734997321875 0.5424222875 0.7400610109375 0.5589563078124999
1 0.7990321421875 0.5656910296875 0.8129140734375 0.5639797765625 0.8136968390625 0.559912203125 0.8085846234374999 0.531321565625 0.8030094609375 0.51588729375 0.792659315625 0.497843690625 0.7878967765625 0.4933000015625 0.7825356453125 0.503396590625 0.7789304421875001 0.5149635499999999 0.778776128125 0.5193490062499999 0.7842343125 0.5333656484375 0.7990321421875 0.5656910296875
1 0.80891318125 0.4998550546875 0.81039159375 0.505260434375 0.8354972671875001 0.5426056203125 0.8549805078125001 0.53266585625 0.8403307703125 0.4969222015625 0.8327097171875 0.485886921875 0.8146999218750001 0.48240518593750004 0.80891318125 0.4998550546875
1 0.8391410640625001 0.5054415125 0.8330780624999999 0.5070323265625001 0.829097034375 0.5182151234375 0.8351214421875 0.5422214546874999 0.8432290765625 0.5560257078124999 0.8474005 0.554448434375 0.8549805078125001 0.53266585625 0.8451418359374999 0.51352250625 0.8391410640625001 0.5054415125
1 0.8753597859375001 0.48145520781249995 0.8588035125 0.48724757343749997 0.8604287609375 0.5090287390625 0.867075396875 0.53432013125 0.9074132468749999 0.556082115625 0.9095823390625 0.5521335703125 0.8978035625 0.5209471437500001 0.8873551078125 0.498584371875 0.8753597859375001 0.48145520781249995
1 0.9069939234375 0.4644650921875 0.91597144375 0.46066124375 0.90982258125 0.45599852500000004 0.90160293125 0.4596035234375 0.8993044156250001 0.4640688 0.8997972203125 0.46587059531249997 0.9069939234375 0.4644650921875
1 0.93472415625 0.505466609375 0.9243068140625 0.4782679359375 0.92118945 0.47280981093749996 0.919051471875 0.47192245312500003 0.9025263125 0.47287891562500006 0.9118398109375001 0.514850434375 0.92410516875 0.548805834375 0.9274876031250001 0.5522633156250001 0.939490403125 0.548631240625 0.93472415625 0.505466609375
1 1 0.6815506546875 0.9867424124999999 0.6520989703125 0.9732935703125 0.625695703125 0.9616367390624999 0.6147537859375001 0.951191990625 0.6310119546874999 0.9495766734375 0.6468845484375 0.9785451437500001 0.6914233671875001 0.9868631000000001 0.692137540625 1 0.686899034375 1 0.6815506546875
1 0.8812670921875 0.7000501515625001 0.8862760328125001 0.7054947390625 0.8951851046874999 0.712329875 0.9002811656249999 0.704233934375 0.9007627812500001 0.6881760265625 0.8980847296875 0.6536362 0.8883692562500001 0.6349432984375001 0.875061028125 0.6258829968749999 0.8591518734375001 0.6290917031250001 0.8587636015625 0.6306418984375 0.8775275015625 0.6933069656249999 0.8812670921875 0.7000501515625001
1 0.86496344375 0.705776234375 0.8563455937500001 0.6732776687500001 0.84270013125 0.6382360578124999 0.826212309375 0.6333894390625 0.8116459218750001 0.6434874374999999 0.8269427796875 0.6766474312499999 0.8470581828125001 0.7056464890624999 0.85119226875 0.709872296875 0.8644270796875 0.7107447046875001 0.86496344375 0.705776234375
1 0.8207752453125 0.6748862546875001 0.8195432359374999 0.6703817703125 0.800542865625 0.64446956875 0.790216353125 0.6423513062499999 0.780708690625 0.6501564453124999 0.798006621875 0.7054817703125 0.8086031703125001 0.7244262671875 0.8141173609375001 0.7297382859375 0.8175371328125 0.7273926828125 0.8207752453125 0.6748862546875001
1 0.7716801265625 0.6814918015625 0.7598938703125 0.671066615625 0.752179471875 0.6745390453125 0.74924628125 0.6796536234375 0.74736589375 0.6975268609375 0.7490969328125 0.7028659562499999 0.7835186171874999 0.7425945406250001 0.7869334234375 0.7214220578125 0.7814142687500001 0.6972831609375 0.7716801265625 0.6814918015625
1 0.7473696046875 0.7361478015625 0.7497726515625 0.7350345140625001 0.7520836156249999 0.728634875 0.7523798015625001 0.7217983265625 0.7467063281249999 0.7020448828125 0.7352411484375 0.680914428125 0.7250017578125 0.6652556359374999 0.7181074640625 0.658857409375 0.708082103125 0.6687294765625 0.7101702984375 0.6773542796875 0.7279062875 0.7233919625 0.7473696046875 0.7361478015625
1 0.7012076734375 0.73763876875 0.70231403125 0.6832778046875 0.701328421875 0.679674215625 0.6873556625 0.6563050593749999 0.677910225 0.6544383921875 0.6671581046874999 0.6596734093750001 0.6670100109375 0.663091684375 0.667395771875 0.7011296078125 0.6687572046875 0.705117359375 0.69411550625 0.7423962609375 0.7012076734375 0.73763876875
1 0.6510211578125 0.7570827984374999 0.66696016875 0.76883225 0.67176004375 0.7675728562499999 0.677601534375 0.7612124234375 0.6769917515625 0.7579930015625 0.65942126875 0.7254295609375 0.6519296390625 0.7138775515625 0.64292225625 0.7027232437500001 0.638258028125 0.702498725 0.629218275 0.7159743796875 0.6335614281249999 0.7269041703125 0.6510211578125 0.7570827984374999
1 0.617217928125 0.7780214562500001 0.6239952453125001 0.7830020546875 0.625000778125 0.763910040625 0.6218535562499999 0.74349375625 0.6091762921874999 0.6951632156249999 0.6010748796875001 0.6803917828125 0.5951661953125 0.677597140625 0.5885606046875 0.68512360625 0.591091821875 0.703287646875 0.5947816312499999 0.717768278125 0.6113590265625 0.7674893703125 0.617217928125 0.7780214562500001
1 0.5816612828125 0.7579016203125 0.5749599 0.72152079375 0.56596 0.6896052453125 0.55271274375 0.6906671984375 0.5501304859375 0.7000346625 0.550062034375 0.71067365 0.5685857546875 0.7714706375 0.5712040921875 0.77609415 0.5796514734375 0.776291590625 0.5816612828125 0.7579016203125
1 1 0.75744305 0.995922715625 0.7539694046875 0.9827986609374999 0.7554818062499999 0.98252114375 0.7594168125 0.982440246875 0.7719901609375001 0.99269705 0.8045414718749999 0.9961840171875 0.8113509406249999 1 0.8155325421875 1 0.75744305
1 0.976883690625 0.85165746875 0.980641953125 0.8554991125000001 0.989687928125 0.8410562765625 0.9906499015625 0.8287345234375 0.988371309375 0.8105041999999999 0.9845458546874999 0.7975074828125 0.9775905890625 0.780987 0.97520620625 0.7791987453125 0.9632469671875 0.77606055625 0.958409753125 0.783123034375 0.9585018406250001 0.7884093859375 0.9660531859375 0.8298777125000001 0.976883690625 0.85165746875
1 0.9588427812500001 0.8530116359375001 0.9668098046875 0.8494729203125001 0.9524388406250001 0.7900001999999999 0.9504427312500001 0.78666175 0.935846484375 0.7818015890625001 0.9306707843750001 0.78267681875 0.9183344609375 0.7989485265625 0.918938021875 0.8031351296875 0.9287580249999999 0.8251800218750001 0.9442527578125001 0.847184296875 0.9588427812500001 0.8530116359375001
1 0.9145127140625 0.8245727484375 0.9106810359375 0.8125432109374999 0.9042123500000001 0.798791703125 0.8925866328125001 0.78301388125 0.8764858249999999 0.7964111265625 0.8824231125 0.8339579859375 0.9074242546875 0.8679511796874999 0.9222544562499999 0.875646596875 0.9230496671875 0.8696446625 0.9145127140625 0.8245727484375
1 0.876310328125 0.84328624375 0.8668225890624999 0.82839578125 0.8544327718750001 0.8137839937500001 0.8492757390625 0.8117576812499999 0.8369145250000001 0.8318981109375001 0.8468689203125 0.87225315 0.8714519328125 0.8928383859375 0.8854956578125 0.8659804359375001 0.88241563125 0.8547192265625 0.876310328125 0.84328624375
1 0.8278287000000001 0.891732153125 0.8307494453125001 0.8885519359374999 0.8360695296875 0.8456374921875 0.821672415625 0.809827553125 0.8178033984375 0.8036011000000001 0.8111679546874999 0.79616940625 0.7986723484375 0.7979996890625001 0.7967683265625001 0.7999475890625 0.7882387921875 0.8321175562500001 0.7878318515625 0.8365692953125 0.8163311500000001 0.895231659375 0.8278287000000001 0.891732153125
1 0.7833044640625 0.913069925 0.79688524375 0.8993683390625 0.7972001 0.88963025 0.7952351046875 0.8814558953124999 0.7719363984375 0.818049578125 0.7570564125 0.8180916078125 0.7446143015625 0.850805384375 0.7458400890625 0.8562770484375 0.7681482203125001 0.8972528984375 0.7820475609375 0.9124341640625 0.7833044640625 0.913069925
1 0.758374228125 0.9268527437499999 0.760274540625 0.8862839046875 0.758180121875 0.8786262828125 0.7433947375 0.844366540625 0.73836090625 0.8427906765625 0.7264813046875 0.8468731999999999 0.7185628093750001 0.8624685296875001 0.7210206078125 0.872444678125 0.734419665625 0.906585390625 0.753075325 0.9272775265625001 0.758374228125 0.9268527437499999
1 0.7135214984375 0.8816539062500001 0.7009288406249999 0.8593709578125001 0.6951495796875 0.8560595843750001 0.684798175 0.85781004375 0.6846550484375 0.880055196875 0.6878819125 0.90769219375 0.703931678125 0.92182645625 0.710000903125 0.9192684609375 0.714753509375 0.8861583906250001 0.7135214984375 0.8816539062500001
1 0.679611221875 0.938828696875 0.684294121875 0.9361516734374999 0.6689860750000001 0.88513198125 0.6556728781250001 0.8572447999999999 0.6520315953125 0.854820784375 0.6400350171875 0.857485678125 0.64258986875 0.8915750593749999 0.644425440625 0.9002661453125 0.6518672875 0.9195556015624999 0.6577510796875 0.9262189640624999 0.679611221875 0.938828696875
1 0.6264604609375 0.8702200828125 0.617877434375 0.8715065578125 0.6111548671875 0.8776153921875001 0.6230742546875 0.9261447859375 0.6510832640625 0.9434172359374999 0.654995840625 0.9428734265625 0.648768590625 0.911195934375 0.6420535046875 0.8965435296875001 0.6264604609375 0.8702200828125
1 0.605166478125 0.9656031609375001 0.6021872765625 0.9190730015625 0.594930859375 0.8905621890625 0.5904147234375 0.8869193953125001 0.584370390625 0.8856086671875 0.5795518453125 0.889769603125 0.5792544046875 0.9164002124999999 0.5817059812500001 0.927343540625 0.589271028125 0.9470834453125001 0.6029911640625001 0.9705188874999999 0.605166478125 0.9656031609375001
1 0.5549912109374999 0.9049037671875 0.5390633890625 0.9110140140625 0.5369988296875 0.9183145500000001 0.5445327625 0.9428903578125001 0.560606165625 0.9729499562499999 0.564987175 0.976398028125 0.5676832125 0.9762724578125 0.573471371875 0.9724710203125 0.573761334375 0.9666016531249999 0.562303634375 0.9247099546875001 0.5549912109374999 0.9049037671875
1 0.487616259375 0.8912013421875 0.4820460640625 0.8945939484375 0.47898344843749996 0.9002252578125001 0.4836588671875 0.9183094765625001 0.49653400625 0.9554842984375 0.5105544890625 0.9789332703125 0.5163545421875 0.9786631296875001 0.5206802203125 0.965563115625 0.49969870156249996 0.8947899796875 0.49152883750000004 0.8906575312499999 0.487616259375 0.8912013421875
1 0.39845081250000003 0.932459259375 0.39878930156250003 0.9386465062499999 0.4129384984375 0.9834798093750001 0.437104196875 0.9823542734374999 0.434216521875 0.9592830765624999 0.4138796078125 0.9255143984374999 0.406202546875 0.9231837437499999 0.39845081250000003 0.932459259375
1 0.44441115625 0.9035030703125001 0.43631470937500005 0.907558515625 0.4332147578125 0.9189929109375001 0.44468490312500003 0.9589502453125001 0.4545911796875 0.9815398046875 0.4676976546875 0.980929359375 0.4686046390625 0.9454325625 0.456665325 0.919598771875 0.4481880859375 0.9044431718749999 0.44441115625 0.9035030703125001
1 0.3411559703125 0.9199742000000001 0.3377660546875 0.9372779609374999 0.35118922656249996 0.9863558265625001 0.3666188734375 0.9856371796875001 0.36573772656250003 0.9603534937499999 0.356737825 0.9284379453125 0.34305376875000004 0.9189934796875001 0.3411559703125 0.9199742000000001
1 0.2922910359375 0.9887971828125 0.29237038125 0.989095359375 0.32108691093749997 0.987757865625 0.3008267953125 0.955660034375 0.2924839453125 0.958814584375 0.2886447875 0.9675462890625001 0.2922910359375 0.9887971828125
1 0.1865631515625 0.938811528125 0.192373528125 0.9372869968750001 0.2022644984375 0.9091047812499999 0.1829878703125 0.8673335234374999 0.17070258437500002 0.8560737250000001 0.1596916171875 0.8623422078124999 0.1599492078125 0.8811028046875 0.16806180937499998 0.9137339375 0.17827631093750002 0.93326145 0.18215777187499999 0.93755354375 0.1865631515625 0.938811528125
1 0.2148696640625 0.831450246875 0.2042345203125 0.838102890625 0.20422081718750001 0.8598313140625 0.22504305468750002 0.9161630265625 0.22994124062500002 0.9192228015625 0.2353820125 0.9163469265625 0.23969159687500002 0.87369761875 0.21978651562499998 0.8316084796875 0.2148696640625 0.831450246875
1 0.245575390625 0.88036098125 0.25708413124999996 0.8947211749999999 0.25847045625 0.8948402015625 0.2626058015625 0.87927195 0.264479965625 0.8623658921875 0.250238425 0.8023764390625001 0.23686174218749997 0.8039551250000001 0.23303502968749998 0.8107524671874999 0.23194363281250002 0.82359095 0.23249118593749998 0.836482178125 0.23408657812500003 0.8433051890625001 0.2383861703125 0.8610052421875001 0.245575390625 0.88036098125
1 0.29355302656250004 0.81225358125 0.288932359375 0.805258796875 0.2759937328125 0.7975498437499999 0.2698013078125 0.7996573875 0.2680939046875 0.8102436296875 0.269139228125 0.8437635312499999 0.2720649390625 0.8594101937499999 0.2766233796875 0.8760767843749999 0.2834193625 0.878155840625 0.301974259375 0.8361138046875001 0.29355302656250004 0.81225358125
1 0.3422063203125 0.8743178593750001 0.35641680937500003 0.84114009375 0.35671299218749997 0.8343035453125 0.3409793359375 0.7906371328125 0.3384842015625 0.78646406875 0.3253974828125 0.7821733890625 0.3207021390625 0.7867847703125 0.3205104859375 0.796973309375 0.3228749421875 0.8214571671875 0.33111074375 0.85453875 0.33483166875000003 0.8641834765624999 0.3422063203125 0.8743178593750001
1 0.394604234375 0.86394908125 0.39960324375 0.8317399078125 0.39191625 0.7917554953125 0.3879427015625 0.78217705 0.3730204125 0.76919528125 0.3715158515625 0.787452684375 0.3734982578125 0.8125195578125 0.37631321562500003 0.8257814109374999 0.38894817656249997 0.8610881562499999 0.3905684578125 0.8640424421875 0.394604234375 0.86394908125
1 0.430703528125 0.78013014375 0.426982603125 0.770485415625 0.41993399531250003 0.76847264375 0.408300796875 0.7734560640625 0.409777953125 0.7986555046875 0.41521124531250003 0.8165408703124999 0.43535153906249996 0.8416712046875 0.4390065265625 0.8223668 0.4390687546875 0.8126949921875 0.430703528125 0.78013014375
1 0.5405145203124999 0.76386999375 0.5374170796875 0.735716265625 0.5318045812500001 0.7260850765625 0.5270171515625 0.7254101109375 0.5198017796875 0.7297171515625 0.5176326875 0.7336656984375 0.525091946875 0.769847671875 0.5300137671875 0.7888327875 0.5377891359375 0.7954826125000001 0.540704915625 0.773475515625 0.5405145203124999 0.76386999375
1 0.5175392828125001 0.8461765296875001 0.5215812828125 0.8451159875 0.5204874328125 0.79953946875 0.5024739281249999 0.7574367921875 0.4926352546875 0.7382934437500001 0.483423775 0.739262034375 0.48024418124999996 0.743475715625 0.48018195312499995 0.7531475234375 0.48176489843750003 0.7619048937499999 0.4909987546875 0.7966557 0.5044040390625 0.8298292328124999 0.5175392828125001 0.8461765296875001
1 0.4771915 0.7867607859375 0.46436614218749994 0.74184851875 0.459480403125 0.7368543812499999 0.455204446875 0.7350796640625 0.44800774531250004 0.736485165625 0.4464907375 0.75667693125 0.448535371875 0.772071996875 0.45012454062499996 0.7798621859375 0.47070163281250005 0.8154989390624999 0.47866865625 0.8119602265625 0.4771915 0.7867607859375