1 0.9017525453124999 0.42336747812500003 0.9067547328125001 0.4212454265625 0.920805871875 0.3587896578125 0.919975115625 0.3511560265625 0.9175564093749999 0.34754503593749997 0.90423175625 0.3429961390625 0.9022406890625 0.346416946875 0.896340365625 0.3705338921875 0.8948273546875001 0.4047171953125 0.8965365390625 0.42197363125000004 0.9017525453124999 0.42336747812500003
1 0.8335427 0.41551639375000005 0.838141084375 0.40735713125000006 0.8539722171875 0.359706178125 0.8546824281250001 0.3514961125 0.85088821875 0.3445529 0.8433250062500001 0.34253182187500003 0.8306677078125 0.36583135312500004 0.823107246875 0.385551796875 0.8184155890625 0.4060388578125 0.8205265140625 0.41302636562500006 0.8335427 0.41551639375000005
1 0.858911153125 0.4198249328125 0.8699818765625 0.41141880468750003 0.8790839953124999 0.39655730624999996 0.8906980921875001 0.37297900624999997 0.892332334375 0.3600747796875 0.8845314703125 0.353543215625 0.8827297015625 0.3540499546875 0.8770642828125 0.3609358640625 0.861728853125 0.391425471875 0.8570841734375 0.408466325 0.8570140468749999 0.41635332500000005 0.858911153125 0.4198249328125
1 0.8079576765625 0.385950434375 0.8187655390625 0.361168471875 0.8251874640624999 0.33719091093750003 0.8247359890625001 0.32916452343749997 0.8185006140625 0.32848649375 0.8074768718750001 0.3334464171875 0.795601971875 0.35695502343749996 0.7935639234375 0.3638220390625 0.7933297078125 0.38648845625 0.796388496875 0.389776384375 0.8079576765625 0.385950434375
1 0.7619635328125 0.3860123734375 0.771754778125 0.38368775 0.7760453796875 0.378905 0.781899409375 0.36366964375 0.792231965625 0.32986670625 0.792799859375 0.32112450312499996 0.7837664921874999 0.3172282359375 0.7790251046875001 0.31941998125 0.7686435078125 0.3403629828125 0.7635957140625 0.3568020046875 0.7604457109375 0.3821480140625 0.7619635328125 0.3860123734375
1 0.7398390421875 0.34946541249999996 0.7416891671875 0.356383228125 0.745482690625 0.357891059375 0.7480430265625 0.356598809375 0.753566128125 0.3491807609375 0.7661260265625 0.3055967421875 0.7674524890625001 0.296069028125 0.7606948250000001 0.2898162328125 0.7507612640625 0.29160871875 0.7442440046875001 0.31160793125 0.74009778125 0.3332289625 0.7398390421875 0.34946541249999996
1 0.7145420921875 0.3481406359375 0.722909475 0.33505923593750003 0.73720101875 0.2988554765625 0.739806959375 0.2832462578125 0.7248466890625 0.28073082656250004 0.72103001875 0.2836637890625 0.7161000203125 0.29420498125 0.7114321968749999 0.31568662812500004 0.708969946875 0.34269875 0.7099661687500001 0.346423725 0.7145420921875 0.3481406359375
1 0.7042925015625 0.28808506562499997 0.703437221875 0.2740214671875 0.694214559375 0.27303926875 0.6893546875000001 0.2756934609375 0.68368926875 0.2825793671875 0.6640400890625 0.322292521875 0.6706105171875001 0.34776552656250004 0.6828912828125 0.3466002734375 0.6887698328125 0.337794884375 0.7042925015625 0.28808506562499997
1 0.6491533828125 0.33906699375 0.6595595015625 0.324553959375 0.6677573 0.2827689296875 0.6675421046875 0.26838226718749997 0.6570154390625 0.2670516078125 0.6470839390625 0.285150234375 0.6397155265625 0.323698134375 0.6423964062499999 0.338249578125 0.646332246875 0.3402895515625 0.6491533828125 0.33906699375
1 0.629681128125 0.278029225 0.630249021875 0.2692870234375 0.6280665953125 0.25931575625000003 0.611851365625 0.2693117984375 0.6055458625 0.27652076875 0.5993118609375 0.28671350156250003 0.5964226578125 0.3121292015625 0.61690740625 0.3180973453125 0.6216950890625 0.3070240125 0.629681128125 0.278029225
1 0.5921027234375 0.27243431875 0.5983115140625 0.25037624062499997 0.59812015625 0.23698416562500002 0.59442128125 0.2340193 0.5787753203125 0.2461439 0.5617103109375 0.2855593890625 0.573353053125 0.30102334062499997 0.5811048765625 0.2946949703125 0.58598789375 0.287599984375 0.5921027234375 0.27243431875
1 0.5455665828125 0.29853919218749997 0.564478278125 0.23886461250000002 0.5673926890625001 0.225314259375 0.5668234203125 0.2231857015625 0.5591887078125 0.2181808625 0.552005465625 0.22120240937500002 0.5253650921874999 0.2827645671875 0.5234455296875 0.28916913437499997 0.52738343125 0.307515246875 0.5315562390624999 0.308630325 0.5455665828125 0.29853919218749997
1 0.5147703640625 0.30562705 0.5185155296875 0.29971032656249996 0.523537428125 0.2659705765625 0.525998303125 0.2280876953125 0.51947760625 0.22091000625 0.5140723 0.222430228125 0.5022450703125 0.24792800937499998 0.49980459218749995 0.259628571875 0.503910709375 0.2958075546875 0.50744411875 0.302681075 0.5147703640625 0.30562705
1 0.4958870875 0.215100140625 0.4944877484375 0.21077333125000003 0.48076135156250005 0.21649336406250003 0.47720548125000006 0.21949601875 0.470264021875 0.2596403375 0.470078159375 0.28973130937499997 0.47835226875 0.288977703125 0.488355271875 0.27386283906250003 0.4958870875 0.215100140625
1 0.461270075 0.1925086734375 0.45560396875000003 0.1939592046875 0.44541029375 0.2011173765625 0.435201034375 0.27250552968749997 0.4388999078125 0.27547039687499997 0.45309955156250004 0.2624651953125 0.47137185 0.20854905937499998 0.46617830156249995 0.1972790375 0.461270075 0.1925086734375
1 0.39375829375000004 0.2678544140625 0.3960823484375 0.2729224375 0.40364556093750004 0.2749435171875 0.42272409531250005 0.22223104375 0.4286005859375 0.19711951249999998 0.42783995625 0.1815988796875 0.42399876562500005 0.1781018734375 0.42011059375000004 0.17805107656250002 0.41719480937500003 0.1807306671875 0.4082350078125 0.196124303125 0.40112464531249997 0.21300037187499998 0.39425330937499997 0.2452576890625 0.39375829375000004 0.2678544140625
1 0.3496122109375 0.258528025 0.3646432984375 0.2585918359375 0.3704510328125 0.2522380671875 0.38453081875 0.22882455 0.392850534375 0.213753975 0.39353760000000004 0.20998470625 0.386660078125 0.193323596875 0.3826527359375 0.188299865625 0.3807324828125 0.1892690515625 0.3600625609375 0.2188272625 0.3505587015625 0.24395768593749997 0.3479282375 0.2531369375 0.3496122109375 0.258528025
1 0.27865066875 0.23857711718750002 0.2802168453125 0.24986603281250003 0.2822324359375 0.2528751921875 0.28692684218750003 0.2541296546875 0.30330616093749996 0.229354196875 0.3120984359375 0.20156307343750002 0.317737959375 0.177376434375 0.30896470625 0.16811447968749998 0.30220773125 0.167297065625 0.29547596249999997 0.1783449984375 0.29002505 0.1941821890625 0.28374475781249997 0.2132565078125 0.27865066875 0.23857711718750002
1 0.319787690625 0.26291089218749997 0.324102815625 0.26455811093750004 0.32822795312499997 0.2636840125 0.33074062187500003 0.2604025890625 0.3550344765625 0.203648584375 0.35351665625 0.199784221875 0.3362799953125 0.19418993906249998 0.32551773906250003 0.2046549359375 0.3187410515625 0.23545521875 0.316372078125 0.2501395421875 0.319787690625 0.26291089218749997
1 0.266724665625 0.23291964687500002 0.27348026718749996 0.22286630000000002 0.2872263734375 0.1855285703125 0.2883621625 0.168044165625 0.28738977656250003 0.165313775 0.28331161875 0.1627416625 0.2701061359375 0.1631657 0.2582823421875 0.215840384375 0.256577284375 0.23119623281249999 0.2600868609375 0.23707516874999998 0.266724665625 0.23291964687500002
1 0.12091822187500001 0.23101469843750003 0.1342639625 0.214816659375 0.1453081015625 0.18367441874999998 0.14848331406249998 0.17019375781249999 0.14791335781249998 0.1626298203125 0.13608200312500002 0.1555153171875 0.1268607140625 0.1654038796875 0.11451463437500001 0.2125037984375 0.111956359375 0.2301021921875 0.1130472296875 0.23237013437499998 0.12091822187500001 0.23101469843750003
1 0.2022054453125 0.16280886249999998 0.201799578125 0.1404655078125 0.19333548125 0.13869779843750002 0.188617928125 0.14188413125 0.1679024 0.1857593078125 0.16515345312500002 0.1954010046875 0.16558315625 0.218738946875 0.17224548125 0.22101339687500002 0.1910210484375 0.2097251046875 0.2022054453125 0.16280886249999998
1 0.131116709375 0.26190419062500003 0.1256399015625 0.2604406515625 0.1153270546875 0.26262589062499997 0.1061296 0.273509040625 0.0995646734375 0.2915190796875 0.0829994921875 0.3463855109375 0.09096582187499999 0.3490084203125 0.09995082968749999 0.3454801328125 0.127022278125 0.3181266796875 0.131116709375 0.26190419062500003
1 0.1601363671875 0.2671884234375 0.154565596875 0.27261729687499997 0.142834390625 0.3075288046875 0.133877340625 0.3446639640625 0.134541946875 0.3507708703125 0.13859626875 0.3523483953125 0.175527715625 0.30391255625 0.1734154171875 0.2860542875 0.1601363671875 0.2671884234375
1 0.2053318375 0.3257120078125 0.206156409375 0.284427209375 0.198331709375 0.276901059375 0.1938981015625 0.2757162875 0.19150391718749998 0.27853526562500003 0.1827579359375 0.2974448 0.1768814484375 0.32255633281249996 0.1771443109375 0.33893216718749997 0.1842812578125 0.3447922078125 0.2053318375 0.3257120078125
1 0.24703125625000003 0.29782053125 0.2445185875 0.3011019546875 0.2383609 0.3523261109375 0.24201279531250003 0.358737184375 0.2645103828125 0.345972965625 0.286055290625 0.29886065781250004 0.27891696875 0.2821298546875 0.24703125625000003 0.29782053125
1 0.32332934999999996 0.33500898125 0.315670803125 0.32900955781249996 0.2981501953125 0.3277863765625 0.287394125 0.3871697984375 0.2945787390625 0.39501901093749997 0.3000548625 0.39104717187500004 0.3087538609375 0.37558384375 0.32133897031249997 0.343865171875 0.32332934999999996 0.33500898125
1 0.343703175 0.4012287609375 0.3446755640625 0.40395915000000004 0.35349510781250004 0.4043395171875 0.3577380421875 0.3975675953125 0.364989346875 0.370352903125 0.36737872031249996 0.3294862625 0.36661946562500003 0.32483639062499997 0.35798921875 0.32154195625000004 0.35002357812499996 0.32435442812500004 0.34587735468749997 0.345975459375 0.3428465234375 0.37629440000000003 0.343703175 0.4012287609375
1 0.3772497171875 0.3953699671875 0.39083310937500004 0.38368241406250003 0.3954791609375 0.3775123234375 0.4148647890625 0.315987953125 0.414982584375 0.3100901265625 0.40656478281249997 0.2994408296875 0.39874145781250003 0.302785440625 0.3921758421875 0.31536010000000003 0.380373134375 0.34728785 0.3697811546875 0.3918918546875 0.37298226093750003 0.395711921875 0.3772497171875 0.3953699671875
1 0.45348914375 0.343603153125 0.45147218125000005 0.32972323124999997 0.44710938906250003 0.32608684062500004 0.4400916140625 0.3251997328125 0.42676902187500004 0.33695697812500003 0.41423226875 0.3761002046875 0.41060764531249994 0.397860621875 0.417058215625 0.4129253125 0.43559544062500005 0.3916911515625 0.45348914375 0.343603153125
1 0.4739330984375 0.40193592968749997 0.49313080468750004 0.35419639062499997 0.49659065 0.34178000937499997 0.49210868750000003 0.3331706859375 0.48599179687499994 0.33203020781250003 0.47648587343750004 0.340854490625 0.4554380421875 0.3816762171875 0.4489221578125 0.41254619375 0.448472746875 0.42082594687499997 0.4499428984375 0.4227011359375 0.4739330984375 0.40193592968749997
1 0.49202572499999997 0.427029190625 0.49434909375 0.4266618359375 0.498900496875 0.421948778125 0.50814424375 0.4021840421875 0.5183106468750001 0.3668543765625 0.520300340625 0.3525628078125 0.510532240625 0.3504466390625 0.5016670890625 0.364383240625 0.4919970796875 0.387986940625 0.48517203750000004 0.4113626703125 0.48920390156250004 0.42281636875000006 0.49202572499999997 0.427029190625
1 0.5279201546875 0.427233009375 0.5334909265625 0.42180413437500003 0.5415729875 0.40222307500000004 0.5443696015625 0.39457054999999996 0.546264646875 0.381736015625 0.5460929953125 0.3367262421875 0.53115793125 0.3460761609375 0.52667940625 0.3646437390625 0.518932396875 0.40901977343749996 0.5231780796875001 0.42398937343750004 0.5279201546875 0.427233009375
1 0.560091190625 0.41804199375 0.5720144453125 0.401957940625 0.573934009375 0.395553371875 0.575161009375 0.349435028125 0.569802684375 0.347509040625 0.5608884890625 0.3485857078125 0.5509822 0.3785496828125 0.5465744875 0.394665640625 0.5453195296875 0.40717711406249996 0.5551128375000001 0.4211586328125 0.560091190625 0.41804199375
1 0.5805548546875 0.4447570734375 0.58273590625 0.443857578125 0.59117410625 0.42832455625000004 0.61067959375 0.3772085046875 0.6052252453125 0.365868790625 0.5924221921874999 0.3614592765625 0.59038345625 0.3628909125 0.5840779515625 0.37009988437499997 0.5729650578125 0.419999884375 0.575955096875 0.442045578125 0.5805548546875 0.4447570734375
1 0.6184396640625 0.436104703125 0.6203122484375 0.43314634218750003 0.63493403125 0.3836898953125 0.63528741875 0.365996409375 0.6279135046875 0.3610612625 0.621986596875 0.36244209843749997 0.6130043374999999 0.387711909375 0.6066532296875 0.40923784999999996 0.6063931171875 0.4146035375 0.6097855828125 0.43181568124999997 0.6184396640625 0.436104703125
1 0.6576529984375 0.4342307609375 0.6683416906249999 0.4044758640625 0.6708053140625 0.38833450625 0.66779281875 0.3761649875 0.663074578125 0.3739159390625 0.6496110421875 0.39601180625 0.633233096875 0.4316580265625 0.63176363125 0.4352182203125 0.637503990625 0.45849297499999997 0.6492863015625 0.45274754218749996 0.6576529984375 0.4342307609375
1 0.6798013234375 0.47177230937500003 0.6925321859375 0.46776268125 0.698647703125 0.458032396875 0.6995955703125001 0.45433281875000003 0.706677284375 0.3984144984375 0.700157275 0.3966721890625 0.6827326921875 0.404862734375 0.67173828125 0.4543002890625 0.6716919875 0.46318187968749996 0.6748222796875 0.46945356875 0.6798013234375 0.47177230937500003
1 0.732526546875 0.45522705625000004 0.7379760828124999 0.4285191046875 0.7351542609374999 0.42430628125 0.7266186609374999 0.4195548140625 0.7134145515625 0.43084961093749996 0.6979170953125 0.4924247765625 0.7022560515625 0.49506658281249993 0.7180450171875 0.4889095015625 0.7218140203125001 0.483987365625 0.732526546875 0.45522705625000004
1 0.764768396875 0.44358441718749997 0.7664496203125 0.4272339828125 0.7494975953125 0.4227039796875 0.7308214875 0.47058290312500006 0.7284538875 0.49613798750000004 0.7316311609375 0.49896347187499995 0.749602553125 0.5027776578125 0.7592711921874999 0.4683031953125 0.764768396875 0.44358441718749997
1 0.760438375 0.5116025640624999 0.7731699265625 0.5130283171875 0.7814882671875 0.48708698124999994 0.789852903125 0.4522640578125 0.7882867250000001 0.4409751421875 0.7873381734375 0.4392393390625 0.7781393453125001 0.439251728125 0.768798884375 0.44416735625000003 0.7624709234375 0.461252503125 0.7576839296875 0.477761215625 0.752685178125 0.5070601734375 0.760438375 0.5116025640624999
1 0.79756668125 0.52004184375 0.8030196546875 0.520510796875 0.8137587640625 0.5144865984375 0.824019815625 0.4776999 0.827123525 0.46123547968749995 0.8228553828124999 0.4561420546875 0.805951025 0.453601225 0.8033906890625 0.454893475 0.79237313125 0.508771825 0.7936778203125 0.514555665625 0.79756668125 0.52004184375
1 0.8488462718750001 0.5080513718749999 0.8552940921875001 0.5013745390625 0.8672636390624999 0.4764088953125 0.8715058859375 0.4642015921875 0.8733777828125 0.45580784999999996 0.873187109375 0.44785115781249996 0.8558319640625 0.442719321875 0.8428178421875 0.45653543281250003 0.838390421875 0.5042690890625 0.8403590281250001 0.5107244546875 0.8488462718750001 0.5080513718749999
1 0.9048420421875001 0.482003803125 0.9053867906249999 0.47770239375 0.8968259828124999 0.4610855765625 0.8833358656250001 0.460445334375 0.8722651406249999 0.4688514625 0.86961084375 0.47703612656249994 0.874122140625 0.530123084375 0.8810452671875 0.5324672265625 0.8914752203124999 0.5189487765624999 0.9048420421875001 0.482003803125
1 0.8486413875000001 0.575195421875 0.8391865734374999 0.61318578125 0.840325796875 0.622878278125 0.8597469468750001 0.65474996875 0.8699174749999999 0.652032590625 0.8731573125000001 0.5871818828125 0.8616814093749999 0.5786800390625 0.8486413875000001 0.575195421875
1 0.80486106875 0.6460124031250001 0.8089623703125 0.6441437203125 0.8175197421875 0.6335836328125 0.8273545296875 0.6006358984375 0.8342966781250001 0.565926959375 0.8330859515625001 0.553250703125 0.820425215625 0.5493733296875 0.815589178125 0.5530221078124999 0.81267408125 0.56113708125 0.800304165625 0.6072424125 0.800522109375 0.643370596875 0.80486106875 0.6460124031250001
1 0.7814346375000001 0.625423121875 0.79589095625 0.5798753265625 0.7950833453125 0.5678009015625001 0.783346640625 0.559229365625 0.773247615625 0.5649305015625 0.7591671421874999 0.582908640625 0.7586285828125 0.636128475 0.766524096875 0.64120300625 0.7711708359375 0.6404682937499999 0.7814346375000001 0.625423121875
1 0.735558978125 0.6250226140625 0.752340040625 0.5899782250000001 0.7582165296875 0.56486669375 0.758665940625 0.5565869375 0.7461706671874999 0.5488009109374999 0.741785415625 0.55504069375 0.7346750531249999 0.5719167625 0.7294856281250001 0.5932590249999999 0.7272126765625 0.617357078125 0.7314100031249999 0.6249021234375001 0.735558978125 0.6250226140625
1 0.7147153421875 0.5932649078125001 0.7205434765625001 0.560728821875 0.7206129140625 0.5474064390625 0.7139737359375 0.540691196875 0.7088530640624999 0.543275696875 0.6956741640625 0.56643584375 0.6916723203124999 0.60489515625 0.6919807890625 0.6069540234375 0.7003264015624999 0.609184178125 0.7147153421875 0.5932649078125001
1 0.6535491703125 0.603601659375 0.657224209375 0.6055719390625 0.6734857328125 0.5866943109375 0.6777518125 0.575481590625 0.6837923921875 0.5355906421875 0.6812075328125 0.5304529265625 0.6678359 0.5293502359375 0.6660579656250001 0.5308515625 0.65214639375 0.572097946875 0.6497528984375001 0.5803523046875 0.6500395937500001 0.5977227265625 0.6535491703125 0.603601659375
1 0.6448119 0.50392740625 0.6354707546875 0.5034076546875 0.632934253125 0.505694490625 0.62139509375 0.5594334546875 0.6204254578125 0.5784445875 0.6412615296874999 0.55041310625 0.648489003125 0.522203828125 0.648653778125 0.5128597921875 0.6448119 0.50392740625
1 0.58616664375 0.576207303125 0.6012412734375 0.545648003125 0.612238434375 0.517951971875 0.6149390265625 0.50088571875 0.6114294499999999 0.49500678281250005 0.5941934765625 0.49484788281250003 0.5827938859375 0.5273774625 0.5805188718750001 0.5351693734375 0.5791005109375 0.5678956421875 0.583297840625 0.5754406875 0.58616664375 0.576207303125
1 0.57949400625 0.49240214375 0.5778338656249999 0.48800564218750003 0.5701045031249999 0.48445783750000004 0.564841515625 0.48651019843750004 0.5552906734375 0.51508683125 0.5478030890625 0.5486617984375 0.551004884375 0.5579172484375 0.56762116875 0.5322168953124999 0.5776704640625 0.5082204406249999 0.57949400625 0.49240214375
1 0.51429871875 0.5130267203125001 0.5168359078125 0.5161752640625 0.5205586156249999 0.5201347171874999 0.5254899890625 0.5204642859375 0.529045859375 0.5174616328125 0.5404706578125 0.4967973984375 0.54319576875 0.48616111249999994 0.542789903125 0.463817759375 0.5325233515625001 0.457121409375 0.5234443796875 0.4675421125 0.5133733125 0.506850121875 0.51429871875 0.5130267203125001
1 0.5000207 0.46869435312499996 0.49553942500000003 0.4655204125 0.47043383437499997 0.47758770625 0.4691543546875 0.4836692125 0.471887028125 0.5328221156249999 0.47413958125000005 0.53490638125 0.499932925 0.5245051968750001 0.5012362390625 0.5194182765625001 0.5000207 0.46869435312499996
1 0.422549459375 0.5285318484375 0.4333621328125 0.54179755 0.439502859375 0.5439326140625 0.44265561093750005 0.540328128125 0.46258805000000003 0.4908084921875 0.46483647968749997 0.460280471875 0.46395874375 0.4560930484375 0.4600698828125 0.4506068703125 0.44802677187500006 0.4562826078125 0.4328799515625 0.4784227671875 0.422454121875 0.5245535015625 0.422549459375 0.5285318484375
1 0.32873419375 0.5172971203125 0.3358970375 0.5404578890625 0.34462193281250003 0.5422952890625 0.3633968125 0.52557161875 0.3796535234375 0.468646321875 0.3649432265625 0.46902096406249993 0.3582022671875 0.4628816890625 0.3599916265625 0.4711680875 0.3529177 0.46060191718750004 0.3683551546875 0.4595217 0.34496707187500003 0.45937723750000004 0.3282350515625 0.5072815609375 0.32873419375 0.5172971203125
1 0.324323046875 0.506236175 0.3311425890625 0.4393774 0.32732523125 0.43687498125 0.314001265625 0.43776146562499996 0.289351271875 0.49046743125000003 0.286602325 0.5001091296875 0.2971099671875 0.5384928703125 0.3205547328125 0.5165936921875 0.32219034999999996 0.514560225 0.324323046875 0.506236175
1 0.20933527968750001 0.48736719375000004 0.21580762187500002 0.48712032812499995 0.2188657234375 0.48497287812499995 0.22901035625000002 0.46495476875 0.2482564171875 0.4246397828125 0.2503891140625 0.416315734375 0.2290273171875 0.4115955484375 0.2216316328125 0.42197195781249996 0.2164415203125 0.437878840625 0.21096746249999998 0.4581568234375 0.208078259375 0.4835725234375 0.20933527968750001 0.48736719375000004
1 0.30141340625 0.4477386140625 0.299492465625 0.44327241875 0.2710427640625 0.445552128125 0.266372878125 0.4507276328125 0.261064284375 0.46709696093749997 0.25291346875 0.505435784375 0.2548112609375 0.514342771875 0.25801236875 0.518162840625 0.2679220953125 0.5153757703124999 0.30141340625 0.4477386140625
1 0.1885876703125 0.46502321406249997 0.21446878749999998 0.3988111875 0.2101516015625 0.380857828125 0.20147437343750002 0.3810096015625 0.19334326875000002 0.38773072656249996 0.18464426875 0.40319405625 0.17364710781249998 0.4308900875 0.1701872625 0.4433064671875 0.16504825781250002 0.488379428125 0.17849070625000002 0.48703049531250003 0.1885876703125 0.46502321406249997
1 0.12718315625 0.4654141 0.1355287671875 0.46764425468750004 0.1441821625 0.466497896875 0.1466948296875 0.46321647343750005 0.1710363546875 0.4084516390625 0.164016515625 0.391258390625 0.15529161875 0.3894209890625 0.145785009375 0.39280989375 0.135688734375 0.4202525546875 0.127749675 0.4458011359375 0.12635308750000002 0.4632158484375 0.12718315625 0.4654141
1 0.0960090296875 0.48376547499999994 0.1033114390625 0.485716859375 0.121043803125 0.4741497984375 0.123034871875 0.47072899062499995 0.132298328125 0.41934655468750004 0.13267555 0.40264765625 0.1185208265625 0.3959005109375 0.1133531734375 0.40193121718749997 0.10711986250000001 0.41755932968750004 0.09818595625 0.45025369375 0.0938504359375 0.47478879375 0.0960090296875 0.48376547499999994
1 0.0514563921875 0.44666035 0.0502014328125 0.45917182187499994 0.0523123578125 0.4661593296875 0.05928315468749999 0.47049264375 0.064333009375 0.4703597640625 0.0909066921875 0.4438615140625 0.09045521875 0.435835128125 0.08092065000000001 0.4056171578125 0.07022783437499999 0.402759771875 0.06370851250000001 0.40645284375 0.0607695796875 0.4135732296875 0.055674117187500004 0.428023078125 0.0514563921875 0.44666035
1 0 0.614434178125 0.0308002171875 0.5849261734375 0.05101523125 0.520164675 0.0527202859375 0.504808825 0.0503002078125 0.4903270734375 0.0454634828125 0.48854047187500005 0.0315253265625 0.507050746875 0.015075879687499998 0.5397132078125 0.012682384375 0.5479675625 0 0.5965150343750001 0 0.614434178125
1 0.08465848125 0.5291549890625 0.076289034375 0.525930246875 0.058816095312500004 0.526696240625 0.05109360625 0.5775022421875 0.0518556109375 0.6038936359375 0.06145755625 0.6044830796875 0.088503796875 0.5652642796875 0.0910396109375 0.5575420609374999 0.08465848125 0.5291549890625
1 0.11181380468749999 0.60262215 0.1339974234375 0.54431601875 0.13477913749999998 0.5390897140625001 0.131293396875 0.53420536875 0.1111402640625 0.5258552953125 0.1056879765625 0.5308217234375 0.09217815 0.5617991796874999 0.08596866875 0.578421878125 0.099038025 0.6263841296875 0.1005789921875 0.625807696875 0.11181380468749999 0.60262215
1 0.1560435375 0.5235254125 0.16953365625 0.5241656546875 0.1724732765625 0.52248065 0.1676596984375 0.5162532546875 0.1586263328125 0.5123569875 0.1540987640625 0.51806463125 0.1560435375 0.5235254125
1 0.1679695421875 0.52918288125 0.1513967984375 0.5242601234375 0.1340226328125 0.5561813671875 0.12726840625 0.577105475 0.1248047828125 0.5932468328125 0.12260402031249999 0.6257640265625 0.1292425140625 0.6270438875 0.1661943578125 0.5524257312499999 0.1679695421875 0.52918288125
1 0.201358865625 0.5924573109375 0.2189447875 0.547745825 0.217000015625 0.5422850453125 0.19663375156250001 0.5358544562499999 0.1932910140625 0.5369376265625 0.18546837656249998 0.54571761875 0.17679389843749999 0.5676109140625 0.1663210890625 0.617187853125 0.1691435984375 0.6268360578125 0.17796520625 0.643522565625 0.201358865625 0.5924573109375
1 0.21713362187500002 0.6614009750000001 0.23273260312500002 0.65272258125 0.246832784375 0.6031267484375 0.2367316953125 0.5925217453125 0.22760368125000002 0.5900825125 0.2221990640625 0.5970381125 0.21236290000000002 0.6191150859375 0.20589330781249998 0.641103475 0.20475751875 0.65858788125 0.21288999999999997 0.662737515625 0.21713362187500002 0.6614009750000001
1 0.29014535937499997 0.5830779828125 0.2815627796875 0.5817727203125 0.276299790625 0.58382508125 0.251125446875 0.6146501390625 0.25845856718750004 0.6719499203125 0.263342271875 0.6702903140625 0.2831828125 0.6439692359375 0.2923080765625 0.6246669453125 0.29014535937499997 0.5830779828125
1 0.2985413890625 0.609038834375 0.2907201265625 0.6286895859375 0.28868276718749997 0.64099198125 0.296154078125 0.6662116171875 0.2994498359375 0.6685746515625001 0.307486978125 0.6687459421875 0.3282753828125 0.6387252859375 0.33171208124999996 0.6307496984375 0.33277843125 0.6265876734375 0.3314485328125 0.6089384828125 0.32459484375000003 0.593271959375 0.3218206890625 0.5910483109375 0.31150784531250003 0.59323355 0.30302128906250003 0.601342015625 0.2985413890625 0.609038834375
1 0.37194547031249997 0.633595321875 0.3731765953125 0.620089259375 0.3686183203125 0.570448509375 0.3548674 0.5697385749999999 0.351336053125 0.579171196875 0.3356240875 0.6317950828125001 0.3341328515625 0.6506668328125 0.334514196875 0.6665802203125 0.34857495781250003 0.68021978125 0.37194547031249997 0.633595321875
1 0.3997346921875 0.6578209921875 0.4188398109375 0.6278446296875 0.4199061609375 0.623682603125 0.4180525984375 0.5895878875 0.4136891203125 0.5805161140624999 0.40304397343750004 0.5796479015625 0.387611828125 0.5952884015625 0.3791518578125 0.6261329796874999 0.3866231703125 0.6513526140625 0.389729628125 0.6566297171875 0.3997346921875 0.6578209921875
1 0.46279315781249997 0.61290818125 0.4547770984375 0.5919899531249999 0.44567292031249994 0.590545309375 0.4399121640625 0.5934528718750001 0.42834435937500004 0.6081495828125 0.42334285937500005 0.615707015625 0.42277496406250004 0.6244492187499999 0.434848096875 0.66868649375 0.4622028046875 0.631526559375 0.46279315781249997 0.61290818125
1 0.459761640625 0.6377917421875 0.4545259203125 0.6680155937500001 0.45668382812499997 0.6715568921874999 0.46417553749999996 0.6705942109375 0.481408759375 0.6490115890625 0.4860302890625 0.6364115296875 0.4931126953125 0.585928590625 0.48844143593749995 0.5802333328125 0.480949725 0.581196015625 0.47727537187499997 0.584661115625 0.4727008234375 0.5938149671875 0.46447713124999995 0.61829926875 0.459761640625 0.6377917421875
1 0.5001694296875 0.7073886593750001 0.5023974625000001 0.7030429578125 0.5211191734375 0.6408470656249999 0.521044921875 0.6161217796875 0.5196455828125 0.6117949734375 0.509048103125 0.6129159328125 0.50454436875 0.619618165625 0.4978364359375 0.6316606859375 0.481032225 0.6711458671874999 0.4798235609375 0.674775753125 0.49538037187499995 0.7075912296875 0.5001694296875 0.7073886593750001
1 0.5445715 0.678737075 0.5501122484375001 0.6233951875 0.5452748374999999 0.616173203125 0.53643145625 0.6147982484375001 0.53081301875 0.6182379515624999 0.525243625 0.6345375890625 0.5179698578124999 0.6716284531250001 0.532196084375 0.6813593609375 0.5416795484375 0.682411253125 0.5445715 0.678737075
1 0.5909905328125 0.6639654109375 0.587549021875 0.6338933328125 0.5855095984375 0.6298895875 0.5770216687499999 0.6271272921875 0.5680128265625 0.6296609937500001 0.554554103125 0.689804525 0.5698718875 0.7072387578125 0.5757987953125 0.7058579218750001 0.5884091109375 0.6860045968749999 0.5909905328125 0.6639654109375
1 0.599507796875 0.7112053390625 0.6136577062499999 0.679904821875 0.6125150453125 0.643035421875 0.609906353125 0.636903115625 0.6030547281249999 0.637542734375 0.596227625 0.6446123218750001 0.588337609375 0.6830208375 0.5897158640625 0.7080945828125 0.5941739921875 0.7157093203125 0.599507796875 0.7112053390625
1 0.616102996875 0.7062519218750001 0.6242382281250001 0.73214308125 0.6288141515625 0.733859990625 0.641328446875 0.7045929390625 0.6437450890624999 0.6918977890625 0.6431744453125 0.67889846875 0.640755053125 0.6698520968749999 0.6356806749999999 0.663555009375 0.6299192312499999 0.6610271890625 0.625817928125 0.6628958734375 0.6231867765625 0.66663974375 0.6170971562500001 0.69367075625 0.616102996875 0.7062519218750001
1 0.6439834296875 0.7018436578125 0.6434162234375 0.7160212390625 0.6471157843750001 0.7244214875 0.650363871875 0.7247953500000001 0.6627848921874999 0.70785609375 0.665960790625 0.6998108140625 0.6737575328125 0.6737300937499999 0.67596104375 0.6629544218750001 0.6761019859374999 0.6526158015625 0.6688703890625 0.6482127953125 0.6644606171875 0.6480226124999999 0.6555246515625 0.664410834375 0.64784570625 0.6845937265625001 0.6439834296875 0.7018436578125
1 0.693562090625 0.7378213140625001 0.706910578125 0.743364796875 0.7096840453125 0.7401530671875001 0.7196380046875 0.712178265625 0.7224809125 0.6956441515625 0.7223596796875 0.6743650765625 0.7203910718750001 0.667909709375 0.7104343640625 0.6741429890624999 0.701307725 0.6825745171875 0.6989373734375001 0.68638808125 0.6967107171875 0.70160454375 0.693562090625 0.7378213140625001
1 0.735945821875 0.684419046875 0.734524025 0.6899684140625 0.7380860796875 0.7358841843749999 0.7606565453125 0.7369744875 0.7656777546875 0.6977993578125 0.76444319375 0.6841285125 0.75002698125 0.671876290625 0.735945821875 0.684419046875
1 0.760273134375 0.7047549578125001 0.754013925 0.703082340625 0.7447449703125 0.71098173125 0.7379437624999999 0.735352046875 0.738206625 0.7517278796875 0.7427587156250001 0.752450203125 0.7606565453125 0.7369744875 0.761554678125 0.7149795953125 0.760273134375 0.7047549578125001
1 0.8050340921875 0.7018929359375 0.7872050171875 0.6986108890625 0.777581984375 0.7187683812500001 0.7706861296875 0.74459573125 0.7958694093750001 0.784430621875 0.7998283953125 0.7820298 0.8051110953125 0.7483597421875 0.8070994109375 0.7231974109375 0.8050340921875 0.7018929359375
1 0.8421140421875 0.7029076640625 0.8521191078125 0.7040989375 0.8489649796875 0.6968326625000001 0.8397423171874999 0.6958504624999999 0.835404046875 0.698644040625 0.8349301140625001 0.70049383125 0.8421140421875 0.7029076640625
1 0.8461745531249999 0.7534036140625 0.850651703125 0.723965271875 0.8506271812499999 0.7175353062500001 0.849157028125 0.71566011875 0.833816784375 0.7081020609374999 0.820829934375 0.7500896640625 0.8145755343750001 0.7864647109375 0.815856390625 0.7912539671875 0.8284932921875001 0.794136753125 0.8461745531249999 0.7534036140625
1 0.8183133671875 0.9100025421875 0.8196609125000001 0.879727890625 0.8147513109375 0.86408676875 0.797089759375 0.873202209375 0.7875606921875 0.8864672875 0.7909341359375001 0.940732509375 0.79804725 0.9455979624999999 0.8136476046875 0.94779033125 0.8151170703125 0.9442301390625 0.8183133671875 0.9100025421875
1 0.6991065 0.8989000703125001 0.7008381421875 0.9062803296874999 0.7053677734375 0.916878828125 0.7140681468750001 0.9122862609375 0.7226724984375 0.8982799671875 0.7378417765624999 0.86626363125 0.7386214296875 0.8447311859375001 0.7312699765625 0.8299198640625001 0.7153373171874999 0.82467404375 0.7141994656249999 0.8258523078125 0.699176628125 0.8910130671875001 0.6991065 0.8989000703125001
1 0.6815382265625 0.8956877140625 0.6903298125 0.8624612109375001 0.6958964562500001 0.8244200515625 0.6835428140625 0.81173078125 0.665311309375 0.813282284375 0.662186515625 0.8504936421875 0.6655102296875001 0.8864635468750001 0.6670757203125001 0.8923170812500001 0.678527790625 0.8998243406249999 0.6815382265625 0.8956877140625
1 0.657539090625 0.845792971875 0.6587239203124999 0.8411685015625 0.654831625 0.8085054171875001 0.6466276421875 0.8013720203125001 0.6341099109375 0.8034621671875 0.621504403125 0.8613631578125001 0.6213886703125 0.8835671265625 0.6236419125 0.891086771875 0.6279093671875 0.890744815625 0.657539090625 0.845792971875
1 0.610048896875 0.826678996875 0.6047600109375 0.8114306265625 0.59605895 0.8105878125 0.5908197937499999 0.813634759375 0.5800343906250001 0.8285405484374999 0.57887339375 0.8341596078125001 0.5895962296875 0.8869300078125001 0.6034397359375 0.869876765625 0.6107625453125001 0.8456458359375001 0.610048896875 0.826678996875
1 0.560384525 0.8628183203124999 0.5631110125000001 0.863052796875 0.568444815625 0.8585488171875 0.57218998125 0.8526320953125 0.5771424406250001 0.832214725 0.5775897890625 0.8076288281249999 0.5763545390625 0.788522603125 0.5734135453125 0.7793368468749999 0.5593786796875 0.7829980140624999 0.5568666999999999 0.7917148171874999 0.5493811765625 0.8415959281250001 0.560384525 0.8628183203124999
1 0.5181334859375 0.840657396875 0.5467908218749999 0.7929751625 0.5477386859375 0.7892755859375 0.54707133125 0.76142715625 0.539531265625 0.7549652828125 0.52720283125 0.7541413640625 0.5253302484375 0.757099725 0.506320465625 0.791054434375 0.5055149171875 0.7952861515625 0.5093377734375 0.8412716171874999 0.5181334859375 0.840657396875
1 0.4631291234375 0.8323822765625 0.47147680000000003 0.8509185734375 0.47643200625000004 0.852242728125 0.4849192484375 0.84956964375 0.48600942968750005 0.8464022046874999 0.48678702031250004 0.8085636171875 0.48593174218749996 0.7945000203125 0.48351166093750003 0.780018265625 0.4794335046875 0.7774461546875 0.464450771875 0.7848068984375 0.46279269687499996 0.7967165390625001 0.4631291234375 0.8323822765625
1 0.4220901875 0.833768371875 0.42564743125 0.8416364796875 0.4362666828125 0.8252039640625 0.4438271453125 0.8054835203125 0.4570264421875 0.7561410562499999 0.45726134687500003 0.7389100187500001 0.4533724859375 0.733423840625 0.44360507499999996 0.7367430515625 0.436637028125 0.754151259375 0.43258476718749994 0.7688798765625 0.4221834609375 0.8214405749999999 0.4220901875 0.833768371875
1 0.4003688140625 0.7978232421875 0.4128585875 0.7621262234375 0.42101008906250004 0.7292227796875 0.4085624859375 0.723425928125 0.40147458281250004 0.730425821875 0.3959991484375 0.73983304375 0.38171104375 0.80321370625 0.38171173281250004 0.8086490875000001 0.389204128125 0.8131217843749999 0.4003688140625 0.7978232421875
1 0.6693466124999999 1 0.6694836515625 0.998205721875 0.6670628859375001 0.9782885875 0.6457732765624999 0.9819875421875001 0.6389485921875 1 0.6693466124999999 1
1 0.6197632359374999 1 0.6171104421875 0.9861867296875 0.6135062171875 0.9817648296874999 0.59214648125 0.9933507859375 0.5902615921875001 1 0.6197632359374999 1
1 0.5850861703125 1 0.5896773578125 0.9660090984374999 0.5893682 0.9585148515625 0.587185775 0.9485435843750001 0.5750228046875 0.943811009375 0.57232015 0.9445711203125 0.5482829703125 0.9687825328124999 0.5456518203125 0.9725264046875 0.5439036390624999 1 0.5850861703125 1
1 0.5321455937499999 1 0.5407885125 0.9480036937499999 0.5273923546875 0.9404710359375 0.4995616515625 0.9631746187499999 0.49787905468749993 0.9686542921875001 0.497353471875 1 0.5321455937499999 1
1 0.49625709375 1 0.4975978578125 0.9947669171875001 0.501742015625 0.956839740625 0.49801930937499994 0.9528802890625 0.4852639234375 0.9504599499999999 0.470210378125 0.960272315625 0.46734295000000003 0.9703764609375 0.46308918125 1 0.49625709375 1
1 0.438565246875 1 0.4547312578125 0.9793590218749999 0.4559160875 0.97473455 0.455936484375 0.9485522328125 0.452426909375 0.9426732984375 0.442231859375 0.9389607109375 0.430783225 0.9586303546874999 0.4196199140625 0.9847996609375 0.42492935625 1 0.438565246875 1
1 0.40380575625 1 0.414115834375 0.9551646328125001 0.4163404296875 0.923642025 0.4143010078125 0.9196382812499999 0.4021618734375 0.9159002921875 0.387111075 0.9474541796875 0.38433829531249997 0.9561012906249999 0.381211440625 0.9770065062500001 0.383109234375 0.9859134921875 0.39146316875 1 0.40380575625 1
1 0.3834802671875 0.92029616875 0.375110821875 0.9170714265625 0.3659596609375 0.9190729875000001 0.3519779625 0.968206375 0.36836415625 0.9977847234375 0.372157678125 0.9992925546875 0.38268021874999997 0.9680109328125001 0.384100640625 0.9515908046874999 0.3834802671875 0.92029616875
1 0.317549559375 0.9372654593749999 0.3141843640625 0.9482248078125 0.31093902500000004 0.9695924703125 0.3111858625 0.98645813125 0.31858806875 0.988436184375 0.33680249687499997 0.9513042828125 0.344788534375 0.9223094953125001 0.3425829609375 0.9167790234375 0.33781705156249997 0.9125408 0.33136854375 0.9137822515625 0.317549559375 0.9372654593749999
1 0.27286010625 0.94311124375 0.27205884999999996 0.9760024187499999 0.2865247 0.9798680546874999 0.28706593593749996 0.9790244687499999 0.2980848671875 0.9360168812499999 0.3015910046875 0.9147189125 0.284165046875 0.9120386953124999 0.27859427812500004 0.9174675703125 0.27286010625 0.94311124375
1 0.22795889374999997 0.9617472687499999 0.239882834375 0.9510985953125 0.25703836875 0.8776137875 0.25179783906250003 0.869789971875 0.2480043171875 0.868282140625 0.241271175 0.8684593125 0.23565273593749997 0.8718990140624999 0.230652609375 0.8903272078125 0.2233080296875 0.9298696953125001 0.22409455625 0.9626910578125001 0.22795889374999997 0.9617472687499999
1 0.15016887343750002 0.9379951859375 0.1653613 0.90153805625 0.16426561875 0.861222446875 0.15855115625 0.8552484218749999 0.14686349375000002 0.8595368203125 0.1440192109375 0.865200171875 0.13387801562499999 0.9123951828125 0.1415393140625 0.9401361328125001 0.147893171875 0.9403517156250001 0.15016887343750002 0.9379951859375
1 0.1935685359375 0.8567001968750001 0.184963496875 0.865271109375 0.1749401 0.9065682953125 0.1713645203125 0.9411886453125 0.1745688859375 0.9499506734375001 0.175728 0.9502604171875 0.1787622671875 0.947118378125 0.20331898593750003 0.90674020625 0.20573356875 0.8777389140625 0.20582615624999998 0.8599757390624999 0.20290968281250002 0.8572199484375 0.1935685359375 0.8567001968750001
1 0.11141641093750002 0.834747103125 0.103922640625 0.8194036421875 0.101717753125 0.81930855 0.089865315625 0.832940984375 0.0729222265625 0.8990709296875 0.0759102015625 0.90481048125 0.08430279375000001 0.9035944296875 0.1032649078125 0.8676505453125 0.11141641093750002 0.834747103125
1 0.022773609375 0.855529334375 0.0129156765625 0.8929178640625001 0.015098101562499999 0.9028891296875001 0.049875767187499996 0.8835242765625001 0.0473085578125 0.8304627171875 0.038204376562499996 0.829018071875 0.0303102390625 0.834814303125 0.022773609375 0.855529334375
1 0 0.7581550171875 0.0021355453125 0.762062959375 0.0084894046875 0.762278540625 0.034066178125 0.726619934375 0.037592715625 0.6791396484375001 0.03325375625 0.6764978421875 0.0203090734375 0.676991571875 0.0092397234375 0.6962684625 0 0.752531503125 0 0.7581550171875
1 0.035963970312499996 0.735526921875 0.039000990624999995 0.7541264062499999 0.0401865078125 0.7549373140625 0.051825814062499996 0.7432243625 0.06211345 0.729173775 0.07983962812499999 0.6686882859375001 0.067012740625 0.6632841875000001 0.0601141359375 0.6673700140625 0.0525999671875 0.6782088703125 0.046532118750000004 0.6899283281249999 0.0444940703125 0.6967953437500001 0.0393516265625 0.7146913984375 0.035963970312499996 0.735526921875
1 0.1137464296875 0.6994898171874999 0.11315263906249999 0.690931290625 0.1054457359375 0.6775073109374999 0.09880724375 0.6762274500000001 0.091885490625 0.6847540703125 0.0757676578125 0.7150346015625 0.070435228125 0.73040934375 0.066051353125 0.7475198875 0.0711018984375 0.752822390625 0.10917394375 0.7249498109375 0.1137464296875 0.6994898171874999
1 0.1258951875 0.779323134375 0.1555514953125 0.7571074 0.1592966640625 0.7511906781250001 0.1673752875 0.7044327140625 0.16725611875 0.6994597828125 0.15767663125 0.6889941625 0.1511096375 0.6906980609375 0.1457526890625 0.699642834375 0.135418759375 0.7225750109375 0.1259870890625 0.756124578125 0.12442366093749999 0.7665771859375 0.1258951875 0.779323134375
1 0.17826908749999998 0.79677750625 0.199152828125 0.770735196875 0.2125904671875 0.7313386015625001 0.2138930953125 0.720816303125 0.20708638750000002 0.7017035703125 0.1964433015625 0.7171415 0.1854692890625 0.7403967390624999 0.18125087499999998 0.7535986296875 0.1746410296875 0.79136101875 0.17459404843749998 0.7948072265625 0.17826908749999998 0.79677750625
1 0.253369978125 0.740753575 0.25493340625 0.7303009687500001 0.2496220609375 0.724928775 0.23662971093750002 0.7234333296875 0.2251340953125 0.7465491828124999 0.22091637031250003 0.76518645625 0.226231153125 0.7977355515625 0.23933992499999998 0.78246240625 0.244317590625 0.7739103875 0.253369978125 0.740753575
1 0.3603471828125 0.7821873765625 0.3718897796875 0.7556253171875 0.3717460875 0.744222415625 0.3677864125 0.7411878578125 0.359109184375 0.7413396296875 0.3551501984375 0.7437404515625 0.34344282656249997 0.779646546875 0.3382057328125 0.7989996359375 0.3418106453125 0.8088569171875 0.35563031562499997 0.7908090890625 0.3603471828125 0.7821873765625
1 0.29781237968749996 0.8435457140624999 0.30198518750000003 0.8446607937499999 0.3241947015625 0.8036553890624999 0.3294283578125 0.757125396875 0.3303264921875 0.7351305046875 0.32155392968749996 0.7313039296875 0.3165517390625 0.7334259828125 0.311574071875 0.7419780031250001 0.3085404921875 0.750555421875 0.299156490625 0.7860941625 0.2943245765625 0.8223552249999999 0.29781237968749996 0.8435457140624999
1 0.2917812015625 0.7702882546875001 0.30310791406250004 0.723904153125 0.3012577890625 0.7169863375000001 0.29831748281250003 0.7132359625 0.29113355625000004 0.7108221296874999 0.27949493593749997 0.7279704609375 0.2734985890625 0.7426736796875 0.270962775 0.7503958953125001 0.271323725 0.7924916015625 0.2802855875 0.79340410625 0.2917812015625 0.7702882546875001