1 0.9502808828125 0.9537703890625 0.951163059375 0.9321070234375 0.9003016234375 0.930626203125 0.8994194468750001 0.952289571875 0.9502808828125 0.9537703890625
1 0.9656915046875 0.880141365625 0.9664862515625 0.8606249890625 0.9071967937500001 0.8588987906250001 0.906402046875 0.8784151671875 0.9656915046875 0.880141365625
1 0.9699413546875 0.8061874 0.9709063859375 0.7824893890625 0.9207978000000001 0.7810304890624999 0.9198327687500001 0.8047285000000001 0.9699413546875 0.8061874
1 0.9671992890625001 0.7363851734375 0.9683183390625001 0.7089049640625 0.926764878125 0.7076951453125 0.925645828125 0.735175353125 0.9671992890625001 0.7363851734375
1 0.9780270953124999 0.6685651859374999 0.9788752140625 0.647738146875 0.9297541328125 0.6463079984375 0.9289060125 0.6671350375 0.9780270953124999 0.6685651859374999
1 0.8640187109375 0.6642929390625001 0.8647893156249999 0.64536948125 0.8200973453125 0.6440682843750001 0.8193267421874999 0.6629917437499999 0.8640187109375 0.6642929390625001
1 0.853145796875 0.7332207484375 0.8539878156249999 0.7125434984375 0.8064408796875 0.71115918125 0.805598859375 0.73183643125 0.853145796875 0.7332207484375
1 0.850851675 0.804700953125 0.8516393046875 0.7853593296875 0.8014916109374999 0.78389929375 0.8007039812500001 0.8032409140625001 0.850851675 0.804700953125
1 0.8476888921875 0.8822482968750001 0.848425690625 0.8641549234375001 0.7918347671875 0.8625072921875001 0.79109796875 0.8806006656250001 0.8476888921875 0.8822482968750001
1 0.8321704406249999 0.958645453125 0.833094553125 0.935952284375 0.7789772828125 0.9343766718750001 0.7780531703125 0.9570698421875001 0.8321704406249999 0.958645453125
1 0.699978434375 0.9588395890625 0.7007317546875 0.9403405359375 0.657613928125 0.9390851687499999 0.656860609375 0.9575842234374999 0.699978434375 0.9588395890625
1 0.7112494203125 0.880256715625 0.7121570140625 0.8579692234375 0.6555172015624999 0.8563201687499999 0.654609609375 0.878607659375 0.7112494203125 0.880256715625
1 0.72317634375 0.8005900515625 0.7239222937500001 0.78227199375 0.6660505453125001 0.780587071875 0.665304596875 0.7989051296875 0.72317634375 0.8005900515625
1 0.7257780625 0.7214360921875 0.72666506875 0.69965414375 0.675862296875 0.69817503125 0.6749752906250001 0.7199569796875 0.7257780625 0.7214360921875
1 0.739581425 0.656867675 0.7404422515625 0.635728575 0.6879089015625001 0.634199078125 0.6870480734375 0.6553381796875 0.739581425 0.656867675
1 0.74314320625 0.5999306125 0.7440551203125 0.57753701875 0.6967232828125 0.5761589640625 0.6958113703125 0.59855255625 0.74314320625 0.5999306125
1 0.8779906125 0.598470328125 0.8787093671875 0.580820084375 0.8366279328124999 0.5795948937500001 0.8359091796874999 0.5972451375000001 0.8779906125 0.598470328125
1 0.9738690890624999 0.6030051796875 0.9746752734375 0.583207946875 0.9239409406249999 0.581730828125 0.9231347578125 0.6015280609375 0.9738690890624999 0.6030051796875
1 0.9744202390625001 0.5436778359375001 0.975326053125 0.5214340328125 0.9324037734375 0.520184359375 0.9314979593749999 0.5424281625 0.9744202390625001 0.5436778359375001
1 0.8713838578124999 0.5442459328125 0.8721768265625001 0.52477324375 0.8205429843750001 0.5232699375000001 0.8197500171875 0.542742625 0.8713838578124999 0.5442459328125
1 0.7523634968749999 0.541177471875 0.7531983999999999 0.5206749765625001 0.7059936687499999 0.519300621875 0.7051587640625 0.5398031171875 0.7523634968749999 0.541177471875
1 0.987590184375 0.4945438796875 0.9884327125000001 0.4738541484375 0.9342274453125 0.4722759734375 0.933384915625 0.49296570624999997 0.987590184375 0.4945438796875
1 0.9743214359374999 0.43949440781250004 0.9750668765625001 0.42118883125 0.922963725 0.419671859375 0.922218284375 0.43797743593750005 0.9743214359374999 0.43949440781250004
1 0.8701450625 0.437648578125 0.8710679046875001 0.4149866140625 0.829348228125 0.4137719546875 0.8284253859374999 0.43643391875 0.8701450625 0.437648578125
1 0.8729543375000001 0.49041582968749997 0.87390640625 0.4670361203125 0.8178043468749999 0.465402721875 0.8168522765624999 0.48878243125000004 0.8729543375000001 0.49041582968749997
1 0.7688213640625 0.48738402187499996 0.769953884375 0.459573028125 0.7123363453125 0.457895509375 0.711203825 0.48570650156250006 0.7688213640625 0.48738402187499996
1 0.7738182734375 0.42573352187499997 0.77444781875 0.41027395312500003 0.7237721515625 0.40879854375 0.7231426046875 0.4242581109375 0.7738182734375 0.42573352187499997
1 0.8712556906250001 0.3798465703125 0.8718107671875 0.3662156890625 0.8318314499999999 0.3650517 0.831276371875 0.3786825828125 0.8712556906250001 0.3798465703125
1 0.9616800359375001 0.38406328749999996 0.9624798640625001 0.364422084375 0.9267438890624999 0.3633816390625 0.9259440578125 0.3830228421875 0.9616800359375001 0.38406328749999996
1 0.9653273984374999 0.32514476875 0.966123671875 0.30559094375 0.9241791171875 0.30436973749999996 0.9233828468749999 0.3239235625 0.9653273984374999 0.32514476875
1 0.972754559375 0.2647522640625 0.97347738125 0.24700215937499997 0.926575746875 0.24563662968750002 0.925852925 0.263386734375 0.972754559375 0.2647522640625
1 0.96888720625 0.20719898906249998 0.9697739578125001 0.1854232796875 0.9226278890625 0.1840506328125 0.9217411390624999 0.2058263421875 0.96888720625 0.20719898906249998
1 0.9774593765624999 0.1492174328125 0.9783242703124999 0.1279784734375 0.9329087828124999 0.12665621093749999 0.9320438890625 0.147895171875 0.9774593765624999 0.1492174328125
1 0.9882748749999999 0.096843740625 0.9891748421875001 0.07474348750000001 0.9410412687499999 0.0733420890625 0.9401413015625 0.0954423421875 0.9882748749999999 0.096843740625
1 0.8770235312500001 0.085684525 0.8777687171874999 0.06738519062500001 0.8395199796874999 0.0662715890625 0.8387747921875001 0.08457092187500001 0.8770235312500001 0.085684525
1 0.8697674078125001 0.1421172421875 0.8704968375 0.1242048640625 0.824807584375 0.1228746328125 0.82407815625 0.14078701093749998 0.8697674078125001 0.1421172421875
1 0.8662216390624999 0.1986611078125 0.8672705421875 0.172903484375 0.8238105109375 0.17163815625 0.8227616078125 0.1973957796875 0.8662216390624999 0.1986611078125
1 0.8772458765625 0.263155671875 0.8782500484375 0.23849650625000002 0.8290898609375 0.23706521875000003 0.8280856890624999 0.261724384375 0.8772458765625 0.263155671875
1 0.879774809375 0.32304758906250003 0.880608696875 0.302570059375 0.8279775734375001 0.3010377171875 0.8271436859374999 0.3215152453125 0.879774809375 0.32304758906250003
1 0.7637471328125 0.07882165625000001 0.764650659375 0.056634025 0.7244171328125 0.055462635937500004 0.7235136062499999 0.077650265625 0.7637471328125 0.07882165625000001
1 0.7690333593750001 0.1318203640625 0.7698179390625 0.11255363593750001 0.71817431875 0.11105004375000001 0.7173897390625 0.130316771875 0.7690333593750001 0.1318203640625
1 0.77700820625 0.19487643593749998 0.77800271875 0.1704544390625 0.7272390578125 0.16897646718749998 0.72624454375 0.1933984640625 0.77700820625 0.19487643593749998
1 0.6514608390625 0.12348583125000001 0.65230336875 0.1027960984375 0.6028596375 0.10135655625 0.602017109375 0.1220462890625 0.6514608390625 0.12348583125000001
1 0.6517301890625 0.0711987546875 0.652636765625 0.048936228124999995 0.6020784265625 0.0474642328125 0.6011718484374999 0.06972676093749999 0.6517301890625 0.0711987546875
1 0.6434225984374999 0.1838605421875 0.644358909375 0.160867790625 0.5975159375 0.15950396718749998 0.5965796250000001 0.18249671875 0.6434225984374999 0.1838605421875
1 0.640828678125 0.247558703125 0.6418331046875 0.222893296875 0.5880482578125 0.22132736406250003 0.5870438328125 0.2459927703125 0.640828678125 0.247558703125
1 0.643406028125 0.3062616640625 0.6442948125 0.284436025 0.590011328125 0.2828555734375 0.5891225421875 0.3046812125 0.643406028125 0.3062616640625
1 0.764679240625 0.3149445125 0.7654940671875 0.2949350765625 0.7286141484375 0.29386132656249997 0.727799321875 0.3138707625 0.764679240625 0.3149445125
1 0.7715499734375 0.252951778125 0.7724125796875 0.2317689890625 0.73267769375 0.23061211718750002 0.7318150875 0.2517949078125 0.7715499734375 0.252951778125
1 0.7703623515625 0.3733411078125 0.7710439984375 0.3566020859375 0.7241228093750001 0.3552359875 0.7234411609375 0.371975009375 0.7703623515625 0.3733411078125
1 0.636247703125 0.3599322 0.63707116875 0.3397105625 0.5892406921875 0.3383179890625 0.5884172265625 0.358539628125 0.636247703125 0.3599322
1 0.638540078125 0.42575344687500005 0.6395765265625 0.40030164218750003 0.5798373156250001 0.3985623484375 0.5788008671875 0.424014153125 0.638540078125 0.42575344687500005
1 0.6330301390625 0.4846177359375 0.6339928828125 0.46097589531249994 0.5709098406249999 0.45913924531249994 0.569947096875 0.4827810890625 0.6330301390625 0.4846177359375
1 0.6173221125 0.535261828125 0.618365678125 0.5096352703125 0.5713956015625 0.5082677484375 0.5703520375 0.5338943046875 0.6173221125 0.535261828125
1 0.6138197453124999 0.590619715625 0.6147629203125 0.56745845 0.5705207046874999 0.5661703484375 0.56957753125 0.5893316140625 0.6138197453124999 0.590619715625
1 0.6068362921875 0.6553804421875 0.6080272703125 0.6261339625 0.550272846875 0.62445245625 0.5490818703125 0.6536989359375001 0.6068362921875 0.6553804421875
1 0.599899659375 0.719352078125 0.600685003125 0.700066628125 0.5472619187500001 0.698511228125 0.546476575 0.7177966796875 0.599899659375 0.719352078125
1 0.5852054203125 0.8056773375 0.58627160625 0.779495309375 0.537561171875 0.7780771171875001 0.5364949859375 0.8042591437500001 0.5852054203125 0.8056773375
1 0.5757253875 0.955543796875 0.576536909375 0.9356154968749999 0.520513065625 0.933984375 0.5197015453125 0.953912675 0.5757253875 0.955543796875
1 0.57950544375 0.8867562796874999 0.5804023609375 0.8647309218749999 0.5241829734375 0.8630941078125 0.52328605625 0.8851194640625 0.57950544375 0.8867562796874999
1 0.43274003437499997 0.9569671015625 0.43355663906249997 0.9369139765625001 0.38351649375 0.9354570703125 0.3826998890625 0.95551019375 0.43274003437499997 0.9569671015625
1 0.43848115468750004 0.8876180640625 0.43953971562499994 0.861623271875 0.388912934375 0.8601492859375 0.3878543734375 0.886144078125 0.43848115468750004 0.8876180640625
1 0.44058266562500004 0.8058438562499999 0.44147017968749996 0.7840494234375 0.38852618125 0.782507971875 0.3876386671875 0.8043024046875 0.44058266562500004 0.8058438562499999
1 0.4422351046875 0.72644355625 0.4434309109375 0.6970784921875001 0.39460315 0.6956568828125 0.39340734374999997 0.725021946875 0.4422351046875 0.72644355625
1 0.449360234375 0.6487085171875 0.45054714531249995 0.619561896875 0.4085341515625 0.6183386984375 0.40734724218749996 0.6474853171875 0.449360234375 0.6487085171875
1 0.45754342968749995 0.584173303125 0.4585819125 0.5586715703125 0.4034184703125 0.5570655 0.4023799859375 0.5825672328125 0.45754342968749995 0.584173303125
1 0.471013653125 0.5258625796875 0.471936496875 0.5032006140624999 0.41392786406250004 0.5015117046875 0.413005021875 0.5241736718750001 0.471013653125 0.5258625796875
1 0.47510889218749996 0.46423894062500004 0.47598293593749996 0.44277529375 0.42716495156249995 0.44135396875 0.426290909375 0.462817615625 0.47510889218749996 0.46423894062500004
1 0.4711040125 0.4069378546875 0.4720723484375 0.38315870625000004 0.4226188421875 0.381718878125 0.42165050624999995 0.40549802812499997 0.4711040125 0.4069378546875
1 0.4661994796875 0.3521381515625 0.46733199843750006 0.3243271578125 0.4230995625 0.3230393421875 0.4219670421875 0.350850334375 0.4661994796875 0.3521381515625
1 0.4727529453125 0.288561521875 0.473577934375 0.26830243593750003 0.427918015625 0.26697305781249997 0.4270930234375 0.28723214218750004 0.4727529453125 0.288561521875
1 0.4757012359375 0.23551199843749998 0.47670286562499997 0.21091524687500002 0.43152203125 0.20959981875000003 0.4305204015625 0.23419657031250002 0.4757012359375 0.23551199843749998
1 0.479801234375 0.1738916234375 0.480942396875 0.14586842656250001 0.43354212031249995 0.14448837812499998 0.43240095937499995 0.172511575 0.479801234375 0.1738916234375
1 0.48555772499999994 0.11029491250000001 0.4865751125 0.08531120156250001 0.43791356718749996 0.0838944328125 0.43689617968750005 0.10887814062500001 0.48555772499999994 0.11029491250000001
1 0.483049403125 0.0550650828125 0.48419895312500005 0.026835928125000002 0.44028916718750005 0.025557503125 0.4391396171875 0.053786659375000004 0.483049403125 0.0550650828125
1 0.30221408437499997 0.037649614062499996 0.303100071875 0.0158926296875 0.25739126562500003 0.014561828125 0.256505275 0.0363188125 0.30221408437499997 0.037649614062499996
1 0.16315257656249998 0.026008765625000003 0.16414124375 0.0017303171874999998 0.1177578046875 0.000379875 0.1167691359375 0.024658323437499997 0.16315257656249998 0.026008765625000003
1 0.16049727656249999 0.0912141859375 0.1617540796875 0.060351223437500004 0.1122028015625 0.058908550000000004 0.110945996875 0.0897715140625 0.16049727656249999 0.0912141859375
1 0.161076340625 0.1549984796875 0.1624734375 0.1206903484375 0.116725521875 0.1193584078125 0.115328425 0.15366654062500001 0.161076340625 0.1549984796875
1 0.1651635671875 0.2102774 0.1662854125 0.182728540625 0.11483734062499999 0.1812306421875 0.1137154953125 0.20877950156249997 0.1651635671875 0.2102774
1 0.1677794578125 0.262985909375 0.16891807812499998 0.235025125 0.123483034375 0.2337022953125 0.1223444140625 0.261663078125 0.1677794578125 0.262985909375
1 0.1602852890625 0.330071884375 0.1615270984375 0.2995771546875 0.1151436578125 0.2982267109375 0.11390185 0.32872144062499997 0.1602852890625 0.330071884375
1 0.1629373375 0.3817722875 0.1638327296875 0.3597843765625 0.1196980671875 0.35849940468749997 0.118802675 0.3804873171875 0.1629373375 0.3817722875
1 0.1556997328125 0.4427982984375 0.15681370156250002 0.415442915625 0.11045959375 0.4140933265625 0.109345625 0.4414487078125 0.1556997328125 0.4427982984375
1 0.14812798124999998 0.5119097 0.14931235 0.4828254921875 0.100748575 0.48141157031250004 0.0995642078125 0.5104957765625 0.14812798124999998 0.5119097
1 0.148825803125 0.572657484375 0.15007650781249998 0.541944309375 0.0926349578125 0.5402719125 0.0913842546875 0.5709850859375 0.148825803125 0.572657484375
1 0.1373971828125 0.6391258921875 0.1383024890625 0.6168945734375 0.09527265625 0.6156417703125 0.094367353125 0.6378730890625001 0.1373971828125 0.6391258921875
1 0.29339401875000004 0.64366145625 0.2942662828125 0.6222414984375 0.2473255375 0.6208748296875 0.2464532734375 0.6422947875 0.29339401875000004 0.64366145625
1 0.2983171203125 0.5810590109375 0.299534784375 0.5511572 0.2533859984375 0.5498135890625 0.2521683359375 0.5797154 0.2983171203125 0.5810590109375
1 0.3040218828125 0.5189729671875 0.30521031718749997 0.4897889 0.256529215625 0.4883715609375 0.2553407796875 0.517555628125 0.3040218828125 0.5189729671875
1 0.2905241640625 0.46089248437499997 0.2917863046875 0.42989845468750004 0.2507021546875 0.42870229843749996 0.2494400140625 0.459696328125 0.2905241640625 0.46089248437499997
1 0.3030888125 0.40558911249999996 0.3045400453125 0.369951596875 0.2544314609375 0.3684926984375 0.252980228125 0.4041302125 0.3030888125 0.40558911249999996
1 0.30909723125 0.335926053125 0.310193915625 0.30899507656249997 0.26452421875 0.3076654125 0.263427534375 0.33459639218750004 0.30909723125 0.335926053125
1 0.3242132625 0.2761417046875 0.32521489375 0.2515449515625 0.2865164 0.250418253125 0.28551476875000004 0.27501500624999997 0.3242132625 0.2761417046875
1 0.310597040625 0.2210914875 0.3116970296875 0.19407937343749998 0.2698306953125 0.1928604453125 0.26873070625 0.219872559375 0.310597040625 0.2210914875
1 0.312192753125 0.162435040625 0.31329248593750003 0.13542916875 0.26207906875 0.1339381 0.260979334375 0.160943975 0.312192753125 0.162435040625
1 0.29028660781250004 0.097017534375 0.29129636875 0.0722210625 0.25512041406249997 0.0711678078125 0.2541106515625 0.0959642796875 0.29028660781250004 0.097017534375
1 0.28334499218750003 0.7226454546875 0.2845700265625 0.6925626453125 0.2290839328125 0.69094718125 0.22785890000000003 0.7210299890625 0.28334499218750003 0.7226454546875
1 0.13169324531249998 0.7072012875 0.1325207796875 0.6868797890625 0.079782103125 0.685344315625 0.07895456875 0.7056658125 0.13169324531249998 0.7072012875
1 0.12437622343750002 0.7858024265625 0.12541775625 0.7602258 0.0629702375 0.7584076546875 0.0619287046875 0.7839842828125 0.12437622343750002 0.7858024265625
1 0.27795310781250004 0.7944759968749999 0.2791143484375 0.7659597421875 0.23530233437499998 0.7646841640625001 0.23414109375 0.7932004203125 0.27795310781250004 0.7944759968749999
1 0.2783932265625 0.8848692265625001 0.27935012656249997 0.8613709359374999 0.22550661718749998 0.85980329375 0.22454971875 0.8833015859375 0.2783932265625 0.8848692265625001
1 0.11248229531250001 0.87583655625 0.11331948750000001 0.8552778906249999 0.0498844625 0.85343099375 0.049047271875 0.8739896593750001 0.11248229531250001 0.87583655625
1 0.0891134265625 0.9644868203125 0.0901636015625 0.9386979906249999 0.0354401375 0.9371047296875 0.034389965625000005 0.9628935609375 0.0891134265625 0.9644868203125
1 0.2554567375 0.9630218578124999 0.2563872046875 0.9401726546875 0.20993532343750002 0.9388202203124999 0.20900485781249997 0.9616694234375001 0.2554567375 0.9630218578124999