1 0.10985851875 0 0.10847580937500001 0.0057400953125000004 0.1691003703125 0.018005334375 0.1734376046875 0 0.10985851875 0
1 0.09366100625 0.06173541875000001 0.087766203125 0.0862067453125 0.13900315624999998 0.09657273281249999 0.14489795625 0.07210140468750001 0.09366100625 0.06173541875000001
1 0.082041878125 0.13480164687500001 0.0752062671875 0.1631785890625 0.11769544531250001 0.1717747734375 0.12453105625000001 0.14339783125 0.082041878125 0.13480164687500001
1 0.05687563125 0.20341030937500001 0.051694975 0.2249169796875 0.10192218281250001 0.235078678125 0.1071028390625 0.21357201093749997 0.05687563125 0.20341030937500001
1 0.173254178125 0.22798614218750002 0.1685470296875 0.2475271140625 0.2142453921875 0.2567725625 0.2189525390625 0.23723159218749998 0.173254178125 0.22798614218750002
1 0.198695990625 0.158233509375 0.19355259375 0.1795855015625 0.24217021249999998 0.1894215578125 0.24731361093749998 0.168069565625 0.198695990625 0.158233509375
1 0.2158421546875 0.0843118515625 0.211030990625 0.1042846296875 0.26230793124999996 0.11465870781250001 0.2671190953125 0.0946859296875 0.2158421546875 0.0843118515625
1 0.235136834375 0.0042348421875 0.230636165625 0.022918639062500003 0.28850142968750003 0.0346256296875 0.2930020953125 0.0159418328125 0.235136834375 0.0042348421875
1 0.3750584625 0.030400434375 0.3695145234375 0.053415212499999996 0.4274297734375 0.0651323171875 0.43297371250000005 0.0421175390625 0.3750584625 0.030400434375
1 0.34631109531250004 0.111133446875 0.3417545390625 0.13004926249999998 0.40092946874999996 0.14202121875 0.4054860265625 0.1231054046875 0.34631109531250004 0.111133446875
1 0.3272611453125 0.192980134375 0.3218429578125 0.21547287656249997 0.373789728125 0.22598246875 0.379207915625 0.2034897296875 0.3272611453125 0.192980134375
1 0.29970704375 0.257682265625 0.29444876249999996 0.27951117812500004 0.348165084375 0.290378778125 0.3534233640625 0.26854986406250003 0.29970704375 0.257682265625
1 0.28426546875 0.3162577609375 0.2786951375 0.339382103125 0.3270928109375 0.34917366250000004 0.33266314375 0.3260493203125 0.28426546875 0.3162577609375
1 0.14526728125 0.29396265312500003 0.14087683906249998 0.3121888609375 0.1839058828125 0.320894265625 0.1882963234375 0.3026680578125 0.14526728125 0.29396265312500003
1 0.0475904109375 0.27231542656249996 0.0426659140625 0.29275868437499997 0.094542703125 0.303254121875 0.0994672015625 0.2828108609375 0.0475904109375 0.27231542656249996
1 0.034750934375 0.333908059375 0.029217862500000004 0.3568777234375 0.0731066859375 0.365757075 0.0786397578125 0.3427874125 0.034750934375 0.333908059375
1 0.1408456125 0.35151317656250003 0.13600184531249998 0.37162129843749997 0.1887984 0.3823028171875 0.1936421671875 0.36219469531250004 0.1408456125 0.35151317656250003
1 0.26262820625 0.375722384375 0.257528278125 0.39689391875 0.3057959875 0.4066591828125 0.3108959140625 0.38548765 0.26262820625 0.375722384375
1 0.0110411390625 0.382672934375 0.0058946359375 0.404037815625 0.061320521875 0.41525128437500003 0.0664670234375 0.393886403125 0.0110411390625 0.382672934375
1 0.0133009265625 0.44225787812500006 0.0087474765625 0.46116080156250006 0.062023909375 0.4719394046875 0.066577359375 0.45303647968750005 0.0133009265625 0.44225787812500006
1 0.12006878437499999 0.46257436875 0.11443169687500002 0.485975840625 0.1570908328125 0.49460640937499994 0.1627279203125 0.47120493750000003 0.12006878437499999 0.46257436875
1 0.1280948875 0.4072096375 0.12227926250000001 0.43135227499999995 0.179644653125 0.442958134375 0.18546027812500002 0.4188154984375 0.1280948875 0.4072096375
1 0.2345727703125 0.428751675 0.227654878125 0.45747019843750003 0.2865698734375 0.46938956718749997 0.29348776718749997 0.44067104218750003 0.2345727703125 0.428751675
1 0.2166800734375 0.4919748765625 0.2128345578125 0.5079389187500001 0.2646513625 0.5184222171874999 0.268496878125 0.502458175 0.2166800734375 0.4919748765625
1 0.1069693953125 0.52248211875 0.10357875937500001 0.5365578046875 0.14445835 0.5448283453125 0.1478489859375 0.5307526593749999 0.1069693953125 0.52248211875
1 0.0148365171875 0.502128878125 0.009950832812500001 0.5224110125 0.0464915265625 0.52980373125 0.051377210937499994 0.509521596875 0.0148365171875 0.502128878125
1 0 0.584148725 0.03692215625 0.59161861875 0.0417861046875 0.5714267125 0 0.5629727718749999 0 0.584148725
1 0 0.64775431875 0.0223074546875 0.65226744375 0.0267227328125 0.6339381171875 0 0.628531715625 0 0.64775431875
1 0 0.71424600625 0.013628162499999999 0.7170031828125001 0.019044796875 0.6945168890625 0 0.6906638468749999 0 0.71424600625
1 0.0401858765625 0.8273401249999999 0.035633978125 0.84623660625 0.07474401562500001 0.8541491406249999 0.0792959140625 0.8352526593749999 0.0401858765625 0.8273401249999999
1 0.059322901562499995 0.7699414703125 0.0548672578125 0.788438365625 0.10158535937499999 0.797890121875 0.106041003125 0.7793932265625 0.059322901562499995 0.7699414703125
1 0.0746666703125 0.711772003125 0.068259546875 0.7383701515625 0.11269822968750001 0.7473607484375 0.119105353125 0.7207626 0.0746666703125 0.711772003125
1 0.0766692859375 0.6427622046875 0.0705354 0.66822605 0.1208025984375 0.678395840625 0.126936484375 0.6529319953125 0.0766692859375 0.6427622046875
1 0.086457559375 0.5800385859375 0.08136384218750001 0.6011843390625 0.1351801375 0.6120721640625 0.1402738546875 0.5909264109375 0.086457559375 0.5800385859375
1 0.1552756453125 0.854480484375 0.1497565453125 0.8773921437500001 0.19089606875 0.8857152718749999 0.19641516875 0.8628036124999999 0.1552756453125 0.854480484375
1 0.1608019828125 0.798437659375 0.1560094484375 0.8183331 0.20881599999999997 0.8290166390625 0.2136085359375 0.8091212000000001 0.1608019828125 0.798437659375
1 0.165643453125 0.73146215 0.1595685625 0.7566810859374999 0.21147534375000002 0.7671825890624999 0.21755023437499998 0.7419636515625 0.165643453125 0.73146215
1 0.2800060578125 0.8278669671875001 0.27485955624999997 0.8492318484375 0.32541668125 0.8594602968749999 0.3305631828125 0.8380954171875 0.2800060578125 0.8278669671875001
1 0.268912790625 0.8821887296875 0.2633750625 0.9051777265625001 0.3150718953125 0.9156367546874999 0.32060962656249997 0.8926477578125 0.268912790625 0.8821887296875
1 0.30076297812499997 0.7665074515625 0.2950436078125 0.79025050625 0.34294140781250004 0.7999409328125 0.3486607796875 0.7761978796875 0.30076297812499997 0.7665074515625
1 0.316607684375 0.700730690625 0.3104722453125 0.726200978125 0.365468240625 0.7373274750000001 0.371603678125 0.7118571859375 0.316607684375 0.700730690625
1 0.32610020781250004 0.6392348250000001 0.3206711515625 0.6617726796875 0.37617701718749996 0.6730023296875001 0.381606071875 0.6504644749999999 0.32610020781250004 0.6392348250000001
1 0.20316186875 0.6087898 0.1981845875 0.6294521843750001 0.235894984375 0.6370815515625 0.2408722640625 0.616419165625 0.20316186875 0.6087898
1 0.1832710734375 0.67203795 0.178001925 0.6939119796875 0.21863157656249999 0.702131953125 0.22390072499999997 0.680257925 0.1832710734375 0.67203795
1 0.2093966140625 0.5470640359375001 0.20523283750000001 0.5643492875 0.25321061875 0.5740558953125 0.2573743953125 0.55677064375 0.2093966140625 0.5470640359375001
1 0.34456525312499997 0.5846910765625 0.3395351875 0.6055725875 0.3884427328125 0.6154673015625 0.393472796875 0.5945857890624999 0.34456525312499997 0.5846910765625
1 0.355823390625 0.5158437796875 0.349492340625 0.5421261265624999 0.410576784375 0.5544844062500001 0.416907834375 0.5282020578125 0.355823390625 0.5158437796875
1 0.3736673953125 0.4556083453125 0.367786565625 0.48002166874999996 0.43229013906249997 0.49307168749999997 0.43817096875 0.4686583640625 0.3736673953125 0.4556083453125
1 0.4003001046875 0.40572141093749997 0.3939255828125 0.4321842171875 0.4419533515625 0.4419009375 0.44832787500000004 0.41543813281249997 0.4003001046875 0.40572141093749997
1 0.41535389843750004 0.3487774890625 0.4095926109375 0.37269455156250003 0.45483109062500005 0.38184696093750004 0.460592378125 0.35792989531249997 0.41535389843750004 0.3487774890625
1 0.435933225 0.28267101875 0.42865825781250005 0.312871871875 0.48771321875 0.32481955625 0.4949881828125 0.294618703125 0.435933225 0.28267101875
1 0.45630116249999997 0.2173767953125 0.4515039703125 0.237291571875 0.506130059375 0.24834322968749997 0.5109272515625001 0.2284284546875 0.45630116249999997 0.2173767953125
1 0.48927224062499997 0.1302087171875 0.4827595484375 0.15724511875 0.5325668640625 0.16732186875 0.53907955625 0.14028546718749998 0.48927224062499997 0.1302087171875
1 0.5119070812500001 0.0469075265625 0.5064283484375001 0.06965161875 0.5639137078124999 0.08128175 0.56939244375 0.0585376578125 0.5119070812500001 0.0469075265625
1 0.723564146875 0.0308782203125 0.7266372999999999 0.01812051875 0.67547033125 0.0077686906250000005 0.672397178125 0.0205263921875 0.723564146875 0.0308782203125
1 0.657134640625 0.0709157859375 0.650668521875 0.0977588390625 0.7024353390625 0.108232025 0.7089014578125 0.0813889703125 0.657134640625 0.0709157859375
1 0.6380571453125 0.155575403125 0.6326358515625 0.1780810328125 0.686772065625 0.1890335828125 0.6921933578125 0.166527953125 0.6380571453125 0.155575403125
1 0.6199326078125 0.23784587968749998 0.6126281453125 0.26816918749999996 0.66255543125 0.278270209375 0.66985989375 0.2479469015625 0.6199326078125 0.23784587968749998
1 0.5965236625 0.317418325 0.5892735375 0.3475160609375 0.632232596875 0.3562073078125 0.639482721875 0.326109571875 0.5965236625 0.317418325
1 0.5747570015625 0.3830784296875 0.5684135296874999 0.40941233749999995 0.6248191656250001 0.42082402500000005 0.6311626375 0.3944901171875 0.5747570015625 0.3830784296875
1 0.548840028125 0.44133249531249996 0.5432029390625 0.46473396562499997 0.6025178328125 0.4767342390625 0.6081549203125001 0.4533327671875 0.548840028125 0.44133249531249996
1 0.53188029375 0.5046869953125 0.5265412828125 0.5268510453124999 0.57645856875 0.53695004375 0.5817975796875 0.51478599375 0.53188029375 0.5046869953125
1 0.5241460390625 0.5649772546875 0.518231053125 0.589532365625 0.5687981765625 0.5997628359375 0.574713159375 0.5752077250000001 0.5241460390625 0.5649772546875
1 0.5178545578125 0.6228253890625 0.5109366671875 0.6515439125 0.556165146875 0.660694296875 0.5630830390625 0.6319757734375 0.5178545578125 0.6228253890625
1 0.49796243437500004 0.6877765421875 0.4929230546875 0.7086967234375 0.5396111640625 0.7181424125 0.5446505453125 0.6972222296874999 0.49796243437500004 0.6877765421875
1 0.48395604687500005 0.7424180218750001 0.47783768593750003 0.7678174156249999 0.5240359203125 0.7771639968749999 0.53015428125 0.7517646015625 0.48395604687500005 0.7424180218750001
1 0.46699209062499997 0.8057682875 0.46002141406249997 0.8347059390625 0.5084890703125 0.8445116562500001 0.515459746875 0.8155740046875 0.46699209062499997 0.8057682875
1 0.4479155375 0.8708810625 0.441700921875 0.896680040625 0.49145825 0.9067466765625 0.4976728640625 0.8809476999999999 0.4479155375 0.8708810625
1 0.439070475 0.9287532921875 0.43204856718749995 0.9579036249999999 0.4769471328125 0.9669872625 0.4839690421875 0.9378369296875 0.439070475 0.9287532921875
1 0.8248098625000001 0.9756619093750001 0.8289736031249999 0.9583767999999999 0.7783065062500001 0.948126103125 0.7712984484375001 0.9772189328125 0.8248098625000001 0.9756619093750001
1 0.7909054859375 0.8816994421875 0.7823714515625 0.9171271187500001 0.8291495375 0.9265910125 0.8376835734375 0.891163334375 0.7909054859375 0.8816994421875
1 0.7981367328125 0.823497334375 0.791284046875 0.8519451734375 0.84389065 0.8625882578124999 0.8507433359375 0.834140421875 0.7981367328125 0.823497334375
1 0.8063495890624999 0.7682278390625 0.7993944374999999 0.797101040625 0.84585260625 0.8065002078125 0.852807759375 0.7776270078125 0.8063495890624999 0.7682278390625
1 0.8279352140625 0.699793709375 0.8203497515624999 0.7312835468750001 0.8677776734375 0.740878909375 0.8753631359374999 0.709389075 0.8279352140625 0.699793709375
1 0.8359023421874999 0.645566078125 0.8304329218750001 0.6682715015625 0.8755614296875001 0.677401659375 0.8810308499999999 0.6546962375 0.8359023421874999 0.645566078125
1 0.8559705015624999 0.5833879375000001 0.849165940625 0.611635984375 0.8965638703125001 0.6212252781250001 0.90336843125 0.5929772328125 0.8559705015624999 0.5833879375000001
1 0.8780549093750001 0.512861425 0.8708203078125001 0.5428947109375 0.9204776640624999 0.552941121875 0.9277122640625001 0.5229078359375 0.8780549093750001 0.512861425
1 0.8899036015625 0.449571225 0.8822638015625 0.48128663125 0.9409988437499999 0.493169590625 0.9486386437500001 0.46145418437499997 0.8899036015625 0.449571225
1 0.9154082203125 0.38247406562499997 0.909878253125 0.40543084062499996 0.9538770484375 0.4143324421875 0.959407015625 0.3913756671875 0.9154082203125 0.38247406562499997
1 0.755897290625 0.35020942499999996 0.750569146875 0.3723283609375 0.7985669234375 0.38203901406249996 0.803895065625 0.3599200796875 0.755897290625 0.35020942499999996
1 0.7378835875 0.4144355125 0.7304456109374999 0.44531308281250004 0.77763359375 0.4548599015625 0.7850715703125 0.42398233281250003 0.7378835875 0.4144355125
1 0.7191727375 0.477986596875 0.7119132984375 0.508123 0.7616906203125 0.51819368125 0.7689500609375 0.488057278125 0.7191727375 0.477986596875
1 0.7210410296875 0.5407636890624999 0.71333136875 0.5727691171875 0.7553406703125 0.581268215625 0.76305033125 0.5492627859375 0.7210410296875 0.5407636890624999
1 0.6966775843749999 0.596050559375 0.6878128703125 0.632851003125 0.739049821875 0.6432169890625 0.7479145359375 0.6064165453125 0.6966775843749999 0.596050559375
1 0.6760870125 0.6674267765625 0.669388021875 0.6952365671875 0.7160861296875 0.7046842796874999 0.722785121875 0.6768744875 0.6760870125 0.6674267765625
1 0.64817241875 0.7269225109375 0.642054059375 0.75232190625 0.68162398125 0.7603274812499999 0.6877423421875 0.7349280859375 0.64817241875 0.7269225109375
1 0.650789446875 0.7865695890625 0.6440702734375 0.8144631656250001 0.6868793703125 0.8231240718749999 0.6935985453125 0.795230496875 0.650789446875 0.7865695890625
1 0.6370143796875001 0.8472801406249999 0.6302967578125 0.87516726875 0.682663421875 0.8857618125 0.68938104375 0.857874684375 0.6370143796875001 0.8472801406249999
1 0.6460133328125 0.9191713375000001 0.6398452921875 0.9447769703125 0.6768358703125 0.9522607078125 0.6830039125 0.9266550765625 0.6460133328125 0.9191713375000001
1 0.782571946875 0.269854634375 0.775088946875 0.30091910624999996 0.8318244968749999 0.3123975421875 0.839307496875 0.28133306875 0.782571946875 0.269854634375
1 0.9353571953125 0.31269497031250004 0.9303022890625 0.3336796 0.9842285546875 0.34458967500000004 0.9892834609375001 0.3236050453125 0.9353571953125 0.31269497031250004
1 0.9968700687500001 0.23988862812499998 0.959142671875 0.2322558234375 0.9527805703125001 0.25866707031249997 0.996548525 0.2675219671875 0.9968700687500001 0.23988862812499998
1 0.8029767578125 0.1961157375 0.7958834343750001 0.22556253750000002 0.8406820250000001 0.23462595 0.8477753484375 0.20517915000000003 0.8029767578125 0.1961157375
1 0.8212230359375001 0.1020450171875 0.8153779125 0.12631010781250002 0.870433890625 0.1374487390625 0.8762790125000001 0.11318365 0.8212230359375001 0.1020450171875