1 0.921678909375 0.051376340625 0.921550090625 0.0735274421875 0.9735832984374999 0.07504206875 0.97371211875 0.052890967187500006 0.921678909375 0.051376340625
1 0.9252999656249999 0.1271503625 0.9251839140625 0.14710613749999998 0.9858393109374999 0.148871746875 0.9859553640625001 0.12891597187499998 0.9252999656249999 0.1271503625
1 0.9355176984375 0.20311640312499998 0.9353767796874999 0.22734796093749998 0.98663979375 0.22884016875 0.9867807109375001 0.2046086109375 0.9355176984375 0.20311640312499998
1 0.9381493656250001 0.2744127828125 0.9379859578125 0.30251168906250003 0.9804967484375 0.303749128125 0.9806601562499999 0.2756502234375 0.9381493656250001 0.2744127828125
1 0.9382448125 0.3440140921875 0.9381209671875 0.3653100375 0.9883737234375 0.3667728375 0.98849756875 0.3454768921875 0.9382448125 0.3440140921875
1 0.8260956859374999 0.34172294375 0.8259831609375 0.36107245 0.8717047656249999 0.362403353125 0.87181729375 0.343053846875 0.8260956859374999 0.34172294375
1 0.8153441203125 0.2706784921875 0.8152211640625 0.291821275 0.8638635125 0.293237196875 0.8639864671874999 0.2720944140625 0.8153441203125 0.2706784921875
1 0.8137385484375 0.197548190625 0.813623534375 0.2173252765625 0.8649265578125 0.2188186484375 0.8650415703125001 0.1990415625 0.8137385484375 0.197548190625
1 0.807603 0.11806275468750001 0.8074954109375 0.1365634875 0.8653901078124999 0.1382487359375 0.8654976984375 0.119748003125 0.807603 0.11806275468750001
1 0.7979118578125 0.0392812484375 0.797776915625 0.0624853421875 0.8531409703125 0.0640969265625 0.8532759125 0.0408928328125 0.7979118578125 0.0392812484375
1 0.718227034375 0.0334519625 0.6827343328125 0.031798862500000004 0.6741194421875 0.03154809375 0.6740094390625 0.050463639062499996 0.7181206359375001 0.0517476671875 0.718227034375 0.0334519625
1 0.6680643421875 0.11197758124999999 0.6679318125 0.134766859375 0.7258765203124999 0.1364535640625 0.7260090515625001 0.1136642859375 0.6680643421875 0.11197758124999999
1 0.67520104375 0.19391764218750002 0.6750921171875001 0.2126481171875 0.7342971453125 0.2143715078125 0.734406071875 0.1956410328125 0.67520104375 0.19391764218750002
1 0.6813271453125 0.2750272359375 0.6811976203125 0.2972995921875 0.7331708140625001 0.298812471875 0.7333003375 0.27654011562499997 0.6813271453125 0.2750272359375
1 0.6905887125 0.3416624515625 0.6904630109375 0.3632774859375 0.744206653125 0.3648419015625 0.7443323546875 0.3432268671875 0.6905887125 0.3416624515625
1 0.6968416000000001 0.4001102578125 0.6967084390625 0.423008025 0.7451307296875 0.42441754375 0.745263890625 0.40151977343749995 0.6968416000000001 0.4001102578125
1 0.839910934375 0.409776853125 0.839805978125 0.42782448124999994 0.88285690625 0.42907764375 0.8829618625 0.4110300171875 0.839910934375 0.409776853125
1 0.929228959375 0.4105959859375 0.9291112359374999 0.430838940625 0.9810144109375001 0.4323497828125 0.981132134375 0.41210682812500005 0.929228959375 0.4105959859375
1 0.9349630421875 0.47138076875 0.934830771875 0.49412537343749996 0.9787419187499999 0.495403578125 0.9788741890624999 0.47265897187499994 0.9349630421875 0.47138076875
1 0.8208102515625001 0.46441330625 0.8206944578125001 0.4843244109375 0.8735178687499999 0.48586203906250003 0.8736336609375 0.4659509359375 0.8208102515625001 0.46441330625
1 0.703597853125 0.46059607812500003 0.7034759375 0.481560171875 0.751768196875 0.4829659046875 0.7518901125 0.4620018109375 0.703597853125 0.46059607812500003
1 0.988406578125 0.5446764234375 0.9884639312499999 0.542212296875 0.9885726234375 0.5235221296875 0.9345389078125 0.521949271875 0.9344158765625 0.5431048171875 0.988406578125 0.5446764234375
1 0.920515765625 0.5773781921875 0.9204069140625 0.59609590625 0.9737104437499999 0.5976475109375 0.9738192968750001 0.5789297984374999 0.920515765625 0.5773781921875
1 0.8246184734374999 0.5733739921875001 0.8244837171875 0.5965461750000001 0.86716455 0.5977885671875 0.86729930625 0.5746163828124999 0.8246184734374999 0.5733739921875001
1 0.8152839421875001 0.519285325 0.8151449156250001 0.5431914109375 0.8725394859375 0.5448621015625 0.8726785109374999 0.520956015625 0.8152839421875001 0.519285325
1 0.70720150625 0.5161391671875 0.70703613125 0.54457630625 0.76598109375 0.5462921265625 0.7661464687499999 0.5178549875 0.70720150625 0.5161391671875
1 0.7164769265625 0.5795323 0.716384996875 0.595339928125 0.7682281578125 0.596849025 0.768320084375 0.5810413953125 0.7164769265625 0.5795323
1 0.8247851031250001 0.6324552546875 0.82470405 0.646393025 0.8656044312500001 0.6475835890625 0.8656854859375 0.6336458171875 0.8247851031250001 0.6324552546875
1 0.9217091125 0.6336585515625 0.9215923171875 0.6537419609375 0.9581516000000001 0.6548061609375 0.9582683921875 0.63472275 0.9217091125 0.6336585515625
1 0.91628225625 0.6937929265625 0.91616598125 0.713786990625 0.9590768734375 0.715036078125 0.9591931468749999 0.6950420140625 0.91628225625 0.6937929265625
1 0.9159272812499999 0.7556929890624999 0.91582173125 0.773842725 0.9638039109375001 0.7752394328125 0.963909459375 0.7570896968749999 0.9159272812499999 0.7556929890624999
1 0.9089894453125 0.8141653312500001 0.9088599578125001 0.8364313031249999 0.9570922015625 0.8378352890625 0.9572216890625 0.8155693171875 0.9089894453125 0.8141653312500001
1 0.91676065 0.8738732656250001 0.9166343546875 0.895590409375 0.9630961484375 0.8969428562499999 0.96322244375 0.875225715625 0.91676065 0.8738732656250001
1 0.9225392609374999 0.9278616156249999 0.9224078421874999 0.9504594390625 0.97165034375 0.9518928328125 0.971781759375 0.9292950078125 0.9225392609374999 0.9278616156249999
1 0.8184608125 0.932922265625 0.8183519968749999 0.951633596875 0.8574819296875 0.952772625 0.8575907453125 0.9340612921875 0.8184608125 0.932922265625
1 0.806119021875 0.8747025296875 0.8060125093750001 0.8930181906250001 0.8527543734374999 0.8943787921874999 0.8528608875 0.8760631312499999 0.806119021875 0.8747025296875
1 0.8074657249999999 0.81687805625 0.8073125609374999 0.8432155968749999 0.8517738484375 0.8445098140624999 0.8519270125 0.8181722734375001 0.8074657249999999 0.81687805625
1 0.8159639359374999 0.7515736203125 0.815817303125 0.7767879703125 0.8661100703125 0.778251934375 0.8662567031249999 0.753037584375 0.8159639359374999 0.7515736203125
1 0.8178446046875001 0.6905253984375 0.8177228375000001 0.7114639671874999 0.87156650625 0.7130312937500001 0.8716882734375 0.6920927265625 0.8178446046875001 0.6905253984375
1 0.7003746703125 0.9331263249999999 0.700242734375 0.9558134953125 0.74140318125 0.957011628125 0.7415351171875 0.9343244578125001 0.7003746703125 0.9331263249999999
1 0.6966225015624999 0.8790373921875 0.696507934375 0.898737896875 0.7493413453125 0.9002758171874999 0.7494559125 0.8805753125000001 0.6966225015624999 0.8790373921875
1 0.7086685984375001 0.815214925 0.7085233750000001 0.8401867671875 0.7604565578125 0.8416984828125 0.76060178125 0.816726640625 0.7086685984375001 0.815214925
1 0.5783583171875 0.8806117718750001 0.5782352875 0.9017673171875 0.628818128125 0.9032397265625001 0.6289411578124999 0.88208418125 0.5783583171875 0.8806117718750001
1 0.5750069484375 0.9339322390625 0.5748745671875 0.956695990625 0.6265976953125 0.9582015921875 0.6267300765625 0.9354378406249999 0.5750069484375 0.9339322390625
1 0.5756775234375 0.8186233406250001 0.5755407984375001 0.842133759375 0.6234629640625 0.84352871875 0.6235996874999999 0.8200183015625001 0.5756775234375 0.8186233406250001
1 0.56895449375 0.753284334375 0.5688078234375 0.7785050640625 0.6238317921875 0.7801067484375 0.6239784625 0.7548860187499999 0.56895449375 0.753284334375
1 0.573868865625 0.6935403515624999 0.5737390828125 0.7158573796875001 0.6292731781249999 0.7174739140625 0.6294029640625001 0.6951568859374999 0.573868865625 0.6935403515624999
1 0.7159855312500001 0.6924145515625 0.7158665484375 0.7128744859375 0.7535961265625 0.7139727515625001 0.7537151109375 0.6935128171875 0.7159855312500001 0.6924145515625
1 0.7171365328125 0.7559765031250001 0.7170105734375001 0.777636209375 0.757660890625 0.77881949375 0.7577868515625 0.7571597875 0.7171365328125 0.7559765031250001
1 0.7142958703125 0.63288364375 0.714196334375 0.649999534375 0.7621985203125 0.6513968218749999 0.7622980562499999 0.6342809328125 0.7142958703125 0.63288364375
1 0.5757092578125 0.6385578515625 0.5755890109374999 0.659234765625 0.6245214328124999 0.6606591328125 0.6246416796875 0.6399822171875 0.5757092578125 0.6385578515625
1 0.5689979953125001 0.5711958265625 0.568846646875 0.5972206578125 0.6299621625 0.5989996609375 0.6301135078125 0.572974828125 0.5689979953125001 0.5711958265625
1 0.5627468875 0.5107215187499999 0.562606303125 0.5348956390625 0.6271426859375 0.5367742203125 0.6272832703125 0.5126001 0.5627468875 0.5107215187499999
1 0.5655910421875 0.45860541093749996 0.56543865625 0.4848089328125 0.613490853125 0.48620767656249997 0.6136432390625 0.46000415468750006 0.5655910421875 0.45860541093749996
1 0.567435821875 0.4020081765625 0.567298096875 0.4256909015625 0.6125595859375 0.42700841250000005 0.6126973109375 0.40332568750000003 0.567435821875 0.4020081765625
1 0.54955703125 0.33512850781250003 0.5493831203124999 0.365033453125 0.6084681187500001 0.36675334843749996 0.6086420296874999 0.3368484046875 0.54955703125 0.33512850781250003
1 0.5499431828125 0.269587940625 0.549828503125 0.289307590625 0.6044823765625 0.29089850156249997 0.60459705625 0.2711788515625 0.5499431828125 0.269587940625
1 0.5438567625 0.1807945546875 0.5437010734375 0.207566053125 0.5935337234375 0.20901662499999998 0.5936894125000001 0.1822451265625 0.5438567625 0.1807945546875
1 0.5338157375 0.027135295312500002 0.5336972359375001 0.0475122671875 0.5910117859375 0.0491806296875 0.5911302859374999 0.0288036578125 0.5338157375 0.027135295312500002
1 0.5342067328125 0.0975239140625 0.5340757609375 0.12004516093749999 0.5915903609375001 0.12171934375 0.5917213328125001 0.0991981 0.5342067328125 0.0975239140625
1 0.44499714843750005 0.0393517046875 0.445100303125 0.0216135921875 0.39390730937499996 0.020123421875 0.3938041546875 0.037861534375 0.44499714843750005 0.0393517046875
1 0.3958911203125 0.088423346875 0.3957365453125 0.1150033921875 0.44752969218749994 0.11651103125 0.44768426874999995 0.0899309859375 0.3958911203125 0.088423346875
1 0.39177914999999996 0.17189656874999998 0.391649553125 0.1941816875 0.4458133015625 0.19575833125 0.44594290000000003 0.1734732125 0.39177914999999996 0.17189656874999998
1 0.3939029375 0.253113059375 0.3937283203125 0.2831392578125 0.4436810015625 0.2845933234375 0.4438556171875 0.254567125 0.3939029375 0.253113059375
1 0.40445780625000005 0.3330367046875 0.40428448906250003 0.362839540625 0.4472653984375 0.364090665625 0.447438715625 0.3342878296875 0.40445780625000005 0.3330367046875
1 0.39629611875 0.3989636890625 0.3961444765625 0.425039575 0.4525788015625 0.4266823140625 0.45273044531249995 0.40060642812499997 0.39629611875 0.3989636890625
1 0.40437460156249994 0.45916247343750005 0.4042398453125 0.4823346578125 0.4635849078125 0.4840621234375 0.46371966562500005 0.460889940625 0.40437460156249994 0.45916247343750005
1 0.41503068593750003 0.522541540625 0.4149030546875 0.5444884265625001 0.46484573281249997 0.5459422015625 0.46497336406249995 0.523995315625 0.41503068593750003 0.522541540625
1 0.40756423750000004 0.5807367984375 0.40742283749999997 0.60505131875 0.45801568125000003 0.60652401875 0.45815708125 0.5822094984375 0.40756423750000004 0.5807367984375
1 0.40528911718750005 0.636501309375 0.405123740625 0.6649384484375 0.45037522812499997 0.6662556671875 0.450540603125 0.6378185281250001 0.40528911718750005 0.636501309375
1 0.4075010359375 0.70170261875 0.40738056718750004 0.722417825 0.45409242499999997 0.7237775531249999 0.45421289375 0.703062346875 0.4075010359375 0.70170261875
1 0.408480775 0.756007653125 0.4083345140625 0.781158184375 0.4545562453125 0.782503646875 0.454702509375 0.757353115625 0.408480775 0.756007653125
1 0.40746891874999996 0.8190438890625 0.40730228124999995 0.8476980093750001 0.4557945890625 0.849109565625 0.4559612265625 0.8204554453125 0.40746891874999996 0.8190438890625
1 0.40903569375000004 0.884223228125 0.4088871296875 0.909769428125 0.458669765625 0.9112185437500001 0.458818328125 0.8856723437499999 0.40903569375000004 0.884223228125
1 0.408708096875 0.94055505625 0.4085402359375 0.9694197750000001 0.45346163749999996 0.9707273859375001 0.4536294984375 0.9418626671875 0.408708096875 0.94055505625
1 0.22128837343750002 0.9475109234374999 0.22115899843750003 0.9697577515625 0.26792086875 0.9711189359375 0.26805024375 0.9488721078125 0.22128837343750002 0.9475109234374999
1 0.07797191406250001 0.9510943 0.0778275453125 0.9759193609375 0.125279590625 0.9773006359374999 0.125423959375 0.952475575 0.07797191406250001 0.9510943
1 0.07511882812500001 0.8843264874999999 0.07493530625 0.9158843093750001 0.1256281734375 0.917359921875 0.125811696875 0.8858020984375001 0.07511882812500001 0.8843264874999999
1 0.0826343765625 0.819408334375 0.08243036718749999 0.8544888890625 0.1292322484375 0.8558512390624999 0.129436259375 0.8207706828125 0.0826343765625 0.819408334375
1 0.08360715625000001 0.76309209375 0.0834433390625 0.7912611984375 0.1360767 0.7927932953125 0.136240515625 0.7646241921875 0.08360715625000001 0.76309209375
1 0.09493755468750001 0.7096592140625 0.0947712890625 0.738249515625 0.1412530875 0.739602546875 0.1414193546875 0.7110122453125001 0.09493755468750001 0.7096592140625
1 0.089500815625 0.64075134375 0.08931948281249999 0.671932640625 0.13677152812499999 0.673313915625 0.1369528625 0.64213261875 0.089500815625 0.64075134375
1 0.0969692421875 0.588236871875 0.0968384953125 0.6107198265625 0.14198995625 0.612034134375 0.1421207046875 0.5895511796874999 0.0969692421875 0.588236871875
1 0.090206140625 0.5254881359375 0.0900434734375 0.55345940625 0.1374655125 0.5548398078125001 0.137628178125 0.5268685375 0.090206140625 0.5254881359375
1 0.08349611875 0.4544719671875 0.0833231734375 0.4842109859375 0.133005784375 0.485657190625 0.13317873125 0.45591817187499994 0.08349611875 0.4544719671875
1 0.07801531874999999 0.3922807578125 0.0778326859375 0.42368541875 0.136597603125 0.42539599843750003 0.1367802359375 0.39399133750000004 0.07801531874999999 0.3922807578125
1 0.0842435546875 0.3242262609375 0.084111359375 0.3469581046875 0.1281325328125 0.3482395109375 0.128264728125 0.3255076671875 0.0842435546875 0.3242262609375
1 0.23983301250000003 0.3287616765625 0.239705640625 0.3506638875 0.2877278296875 0.352061759375 0.2878552015625 0.330159546875 0.23983301250000003 0.3287616765625
1 0.2426961640625 0.392938346875 0.24251835625 0.4235133765625 0.28973034062499997 0.42488766250000004 0.2899081484375 0.39431263437499997 0.2426961640625 0.392938346875
1 0.24298159375 0.456535740625 0.242808053125 0.48637686718750006 0.29261069375000004 0.4878265640625 0.2927842359375 0.4579854375 0.24298159375 0.456535740625
1 0.23420182500000003 0.5152065875 0.23401752187499997 0.5468984265625 0.27604819062499997 0.5481218890624999 0.27623249375 0.5164300515625 0.23420182500000003 0.5152065875
1 0.2351765171875 0.5720997171875 0.23496460312499998 0.6085395874999999 0.286227615625 0.6100317953125 0.2864395296875 0.573591925 0.2351765171875 0.5720997171875
1 0.2425437 0.6436520234375 0.24238355781249998 0.671189334375 0.28910541875 0.6725493546875 0.2892655609375 0.64501204375 0.2425437 0.6436520234375
1 0.2622761046875 0.7057442609375 0.26212984375000004 0.73089479375 0.3017198921875 0.7320472140625001 0.3018661546875 0.7068966828125001 0.2622761046875 0.7057442609375
1 0.24250656093749998 0.7609963375000001 0.24234593593749998 0.7886166140624999 0.2851768078125 0.7898633703125 0.2853374328125 0.7622430953125 0.24250656093749998 0.7609963375000001
1 0.23178527031249999 0.82064788125 0.2316246828125 0.8482617749999999 0.2840179828125 0.849786884375 0.2841785703125 0.8221729921875 0.23178527031249999 0.82064788125
1 0.221678053125 0.8865246171875001 0.221530603125 0.911879365625 0.258539996875 0.9129566671875 0.258687446875 0.8876019171875 0.221678053125 0.8865246171875001
1 0.22457987343750002 0.2473385328125 0.2244009890625 0.2780986328125 0.281165396875 0.2797509796875 0.28134428125 0.248990878125 0.22457987343750002 0.2473385328125
1 0.0717205828125 0.25415469218750003 0.07159974375 0.274933715625 0.1255534390625 0.2765042453125 0.125674278125 0.255725221875 0.0717205828125 0.25415469218750003
1 0.058050098437499996 0.1732499484375 0.0578980109375 0.199402415625 0.121784228125 0.2012620703125 0.1219363171875 0.1751096046875 0.058050098437499996 0.1732499484375
1 0.23442982343750002 0.17409169687499998 0.23426025468749997 0.203249975 0.2790816328125 0.20455467500000002 0.2792512015625 0.175396396875 0.23442982343750002 0.17409169687499998
1 0.22891508906250002 0.0816097140625 0.22877535781249997 0.105637053125 0.28385934062499996 0.10724048593749999 0.283999071875 0.0832131453125 0.22891508906250002 0.0816097140625
1 0.0491695109375 0.0806699875 0.0490472609375 0.1016915171875 0.11394373437500001 0.10358057968750001 0.114065984375 0.08255905 0.0491695109375 0.0806699875
1 0.09425307499999999 0.0171070921875 0.094286253125 0.01140179375 0.0383020421875 0.009772159375 0.038268864062500005 0.015477456249999999 0.09425307499999999 0.0171070921875
1 0.26414621875 0.0254896484375 0.264199384375 0.016347771875 0.2166773203125 0.014964459375 0.21662415625000003 0.0241063359375 0.26414621875 0.0254896484375