1 0.9476455296875 1 0.9478614000000001 0.9926141359375 0.8956112578125 0.98775815 0.895253459375 1 0.9476455296875 1
1 0.9621639203125 0.9402036671875 0.962748153125 0.9202145421875001 0.901839875 0.91455389375 0.9012556421875001 0.93454301875 0.9621639203125 0.9402036671875
1 0.96564944375 0.8645395062500001 0.96635885625 0.840267453125 0.9148821203124999 0.835483346875 0.9141727078124999 0.8597554000000001 0.96564944375 0.8645395062500001
1 0.96200390625 0.7926802296875 0.9628265375 0.764534365625 0.9201385140625 0.7605670578125 0.91931588125 0.788712921875 0.96200390625 0.7926802296875
1 0.9723176062500001 0.7237463749999999 0.9729410734374999 0.7024148390625 0.92247880625 0.697725015625 0.9218553390625001 0.71905655 0.9723176062500001 0.7237463749999999
1 0.8551850484375001 0.711882903125 0.8557515328124999 0.69250105625 0.8098393046875 0.6882341000000001 0.809272821875 0.7076159453125 0.8551850484375001 0.711882903125
1 0.8448381859375 0.7819514140625 0.84545716875 0.760773296875 0.7966120234375 0.7562337640625 0.795993040625 0.7774118796875 0.8448381859375 0.7819514140625
1 0.843331715625 0.8552035375000001 0.843910715625 0.8353933984375 0.792393803125 0.8306055578124999 0.7918148015625001 0.8504156953124999 0.843331715625 0.8552035375000001
1 0.8410052703125 0.9346290015625 0.841546903125 0.91609735 0.7834108359374999 0.9106943421875 0.782869203125 0.9292259953125 0.8410052703125 0.9346290015625
1 0.8263289828125 1 0.8266557390625 0.9888202265625001 0.771060865625 0.9836533921875 0.7705830953125 1 0.8263289828125 1
1 0.6903281515625 1 0.6907768953125 0.9846465359375 0.646481790625 0.98052986875 0.6459280125 0.9994770296875 0.6515551453125 1 0.6903281515625 1
1 0.7008640359375 0.9236365609374999 0.7015312234375 0.9008091984375 0.6433449328124999 0.8954015234374999 0.642677746875 0.9182288875 0.7008640359375 0.9236365609374999
1 0.7121656953125 0.842609509375 0.7127140562500001 0.8238477281250001 0.65326219375 0.8183224359375 0.6527138328125 0.8370842156249999 0.7121656953125 0.842609509375
1 0.7138968593749999 0.7614974265625001 0.7145489109375001 0.7391878515625 0.6623590359375 0.734337465625 0.6617069812499999 0.7566470437499999 0.7138968593749999 0.7614974265625001
1 0.727304975 0.69609771875 0.7279377828125 0.6744465609375 0.6739700765625 0.66943095 0.6733372671875 0.6910821078125 0.727304975 0.69609771875
1 0.7302861125 0.6378629828125 0.7309564749999999 0.614926946875 0.68233230625 0.61040795 0.68166194375 0.633343984375 0.7302861125 0.6378629828125
1 0.86875134375 0.6452063203125 0.8692797109375 0.62712853125 0.8260492968750001 0.6231108140625 0.8255209296875 0.6411886046874999 0.86875134375 0.6452063203125
1 0.9672683734374999 0.65615055625 0.9678610140625 0.6358737703124999 0.9157414484374999 0.6310299203125 0.915148809375 0.6513067078125 0.9672683734374999 0.65615055625
1 0.967129315625 0.5952638296874999 0.9677951953124999 0.5724812125 0.9237009781250001 0.568383215625 0.9230350984375001 0.5911658328125 0.967129315625 0.5952638296874999
1 0.8613220625 0.589090384375 0.8619049875 0.56914600625 0.8088613499999999 0.5642162749999999 0.8082784249999999 0.584160653125 0.8613220625 0.589090384375
1 0.73905671875 0.5781343984375 0.739670471875 0.5571352703125 0.6911768765625 0.55262840625 0.6905631249999999 0.5736275359375 0.73905671875 0.5781343984375
1 0.9800703671875001 0.5456721296875 0.9806897250000001 0.5244812265625 0.9250044531249999 0.5193059890625 0.9243850968749999 0.54049689375 0.9800703671875001 0.5456721296875
1 0.9657896984375001 0.4882720546875 0.9663376843749999 0.46952306093749996 0.912811925 0.4645485234375 0.9122639375 0.48329751718749997 0.9657896984375001 0.4882720546875
1 0.8587830328124999 0.4795450078125 0.8594614296875 0.45633409843750006 0.8166026531250001 0.45235092187500003 0.81592425625 0.47556183125 0.8587830328124999 0.4795450078125
1 0.8622951421874999 0.5339155828125 0.862995025 0.5099695453125 0.8053611703125 0.5046132125 0.8046612874999999 0.5285592515624999 0.8622951421874999 0.5339155828125
1 0.7553189546875 0.523973509375 0.7561514890625001 0.49548884531250004 0.6969607765625 0.48998782187499995 0.6961282421874999 0.5184724859375 0.7553189546875 0.523973509375
1 0.75971789375 0.4609926875 0.7601806812499999 0.445158640625 0.7081213796875 0.44032039218749996 0.7076585921875 0.45615443750000007 0.75971789375 0.4609926875
1 0.8592366640625 0.42026132812499994 0.8596447093749999 0.4063002640625 0.8185738078125 0.40248324531249996 0.8181657609374999 0.4164443109375 0.8592366640625 0.42026132812499994
1 0.9521487499999999 0.43052120625 0.95273671875 0.41040423125 0.9160250187500001 0.40699234687499997 0.9154370500000001 0.4271093203125 0.9521487499999999 0.43052120625
1 0.9551942328124999 0.370257340625 0.9557795859375 0.35022986093749997 0.9126897906250001 0.3462252140625 0.9121044390625 0.3662526921875 0.9551942328124999 0.370257340625
1 0.9621038875 0.3087277171875 0.9626352453125 0.29054765 0.9144530218750001 0.286069725 0.9139216640625 0.3042497921875 0.9621038875 0.3087277171875
1 0.9574482953125001 0.2493730171875 0.9581001609375001 0.22706983281249998 0.9096668328125 0.22256857187499998 0.9090149640625 0.24487175625000002 0.9574482953125001 0.2493730171875
1 0.965562478125 0.190394265625 0.9661982765625 0.16864083125 0.9195427781250001 0.164304796875 0.9189069796875 0.1860582328125 0.965562478125 0.190394265625
1 0.9760471125000001 0.13732130625 0.9767086953125 0.114685715625 0.9272608953124999 0.110090171875 0.9265993124999999 0.1327257625 0.9760471125000001 0.13732130625
1 0.86166406875 0.1185664453125 0.8622118671875001 0.0998238421875 0.8229187984375 0.0961720515625 0.822370996875 0.11491465625 0.86166406875 0.1185664453125
1 0.8548830046875 0.17604100625000002 0.8554192203125 0.15769473437499998 0.8084824812500001 0.1533325609375 0.8079462656249999 0.171678834375 0.8548830046875 0.17604100625000002
1 0.8519136359375 0.23387301875 0.8526847015625 0.2074914640625 0.8080380515625001 0.203342128125 0.8072669843750001 0.22972368125 0.8519136359375 0.23387301875
1 0.8640015343749999 0.300825009375 0.8647397203124999 0.2755685234375 0.814237275 0.2708749625 0.8134990906249999 0.29613144999999996 0.8640015343749999 0.300825009375
1 0.86731041875 0.36249347656249997 0.8679234234375001 0.341519915625 0.8138552734375001 0.33649497031250003 0.81324226875 0.3574685296875 0.86731041875 0.36249347656249997
1 0.7452524406250001 0.1040906796875 0.7459166374999999 0.08136559531250001 0.7045845859375001 0.0775243078125 0.7039203875 0.1002493921875 0.7452524406250001 0.1040906796875
1 0.7513110234375 0.1588613671875 0.7518877828125 0.1391279390625 0.6988341015625 0.134197275 0.69825734375 0.15393070312499998 0.7513110234375 0.1588613671875
1 0.7602502343750001 0.22413621250000001 0.7609813187500001 0.1991226375 0.70883161875 0.1942759875 0.7081005359375 0.21928956249999998 0.7602502343750001 0.22413621250000001
1 0.6304699703125001 0.1425926328125 0.6310893281250001 0.12140173125 0.5802956 0.1166811015625 0.5796762421875 0.137872003125 0.6304699703125001 0.1425926328125
1 0.630125184375 0.08891703281249999 0.630791625 0.06611523750000001 0.5788528546875 0.0612881921875 0.5781864140625 0.0840899859375 0.630125184375 0.08891703281249999
1 0.6229325484375 0.20406391250000003 0.6236208484375 0.18051420468749999 0.5754988890625 0.17604188125 0.5748105906250001 0.199591590625 0.6229325484375 0.20406391250000003
1 0.6210257140625 0.2693050453125 0.621764084375 0.24404216406249998 0.566510715625 0.23890706874999998 0.56577234375 0.2641699484375 0.6210257140625 0.2693050453125
1 0.6243701875000001 0.32975575468749996 0.62502355 0.30740142812500004 0.5692579234374999 0.3022187234375 0.5686045625 0.3245730484375 0.6243701875000001 0.32975575468749996
1 0.7490158390625 0.346624853125 0.74961483125 0.326130725 0.7117279546875 0.3226096234375 0.7111289625 0.34310375 0.7490158390625 0.346624853125
1 0.7553350484375 0.28341547500000003 0.755969165625 0.26171957031250004 0.71514936875 0.25792589062500004 0.7145152515625 0.27962179374999996 0.7553350484375 0.28341547500000003
1 0.7555461578125 0.40696462499999997 0.7560472500000001 0.389820128125 0.7078449359375 0.3853403390625 0.7073438453125 0.40248483281249997 0.7555461578125 0.40696462499999997
1 0.61765673125 0.3844002640625 0.6182620765625 0.36368879375 0.5691256484375 0.3591221890625 0.5685203046875 0.3798336578125 0.61765673125 0.3844002640625
1 0.62079314375 0.45214200625 0.62155505625 0.42607367968750004 0.56018474375 0.42037009062499997 0.55942283125 0.44643841718750005 0.62079314375 0.45214200625
1 0.6158342343750001 0.5122280421875 0.6165419640625001 0.48801352187499997 0.5517365203125 0.48199068125 0.551028790625 0.5062052015625 0.6158342343750001 0.5122280421875
1 0.600304628125 0.56320405 0.6010717718749999 0.5369567359375 0.5528192375 0.5324722765625001 0.5520520953125 0.5587195921875 0.600304628125 0.56320405
1 0.5973657343750001 0.6198210343749999 0.5980590796875 0.5960987296875 0.5526088890625 0.5918747140625 0.5519155453125 0.6155970187500001 0.5973657343750001 0.6198210343749999
1 0.590963665625 0.6858654578125 0.5918391734374999 0.655910534375 0.5325078390625 0.6503964437499999 0.5316323328125 0.680351365625 0.590963665625 0.6858654578125
1 0.5846002953125 0.7511026359375 0.5851776140625 0.7313500312500001 0.53029588125 0.726249471875 0.5297185625 0.746002078125 0.5846002953125 0.7511026359375
1 0.5705358515625 0.8387858859374999 0.5713196234375 0.8119696484375 0.5212792140625 0.807319028125 0.5204954421875 0.8341352687500001 0.5705358515625 0.8387858859374999
1 0.5625813234375 0.9920611203125 0.5631778875 0.9716500937499999 0.505624384375 0.9663012296875 0.505027821875 0.9867122546875 0.5625813234375 0.9920611203125
1 0.5656457875 0.921671546875 0.5663051265625 0.8991126640625 0.5085507406249999 0.8937451296875001 0.5078914015625 0.9163040109375 0.5656457875 0.921671546875
1 0.4157583296875 0.9841461484374999 0.4163586296875 0.9636072734375001 0.364952203125 0.9588297015625 0.364351903125 0.9793685765625 0.4157583296875 0.9841461484374999
1 0.42083005 0.913308553125 0.42160821718749997 0.8866840859374999 0.3695991359375 0.881850503125 0.3688209703125 0.908474971875 0.42083005 0.913308553125
1 0.4220163796875 0.8294729515625001 0.4226688046875 0.8071505906249999 0.368279240625 0.8020957734374999 0.3676268125 0.824418134375 0.4220163796875 0.8294729515625001
1 0.42276974375 0.74804565625 0.42364880156250007 0.7179692765625 0.3734878625 0.7133074578125 0.3726088046875 0.7433838359375 0.42276974375 0.74804565625
1 0.4291631234375 0.6686872859374999 0.430035640625 0.6388346406250001 0.38687553750000003 0.634823459375 0.3860030203125 0.6646761031249999 0.4291631234375 0.6686872859374999
1 0.43679995937499994 0.60295311875 0.437563365625 0.576833653125 0.3808937578125 0.5715669343750001 0.38013035 0.5976864 0.43679995937499994 0.60295311875
1 0.4499403234375 0.5439575484375 0.4506187203125 0.5207466375 0.391026240625 0.5152082765625 0.39034784375 0.5384191859375 0.4499403234375 0.5439575484375
1 0.45341360625 0.48094518124999996 0.45405613125000005 0.45896161874999997 0.4039052359375 0.45430073125000003 0.40326271093750005 0.47628429375000003 0.45341360625 0.48094518124999996
1 0.448619778125 0.4218404359375 0.44933161874999994 0.3974852796875 0.3985278484375 0.392763715625 0.39781600625 0.4171188734375 0.448619778125 0.4218404359375
1 0.44293176875 0.3652453484375 0.44376430468750006 0.336760684375 0.398324159375 0.3325376 0.3974916234375 0.361022265625 0.44293176875 0.3652453484375
1 0.44890633593749996 0.3003886703125 0.4495128015625 0.2796388453125 0.402606196875 0.27527947343750003 0.40199973125 0.29602929843750003 0.44890633593749996 0.3003886703125
1 0.451303646875 0.24610579531250001 0.45203996249999995 0.2209132328125 0.40562552500000004 0.21659960156250002 0.40488920781250004 0.241792165625 0.451303646875 0.24610579531250001
1 0.45478185781249997 0.183097090625 0.4556207453125 0.154395084375 0.40692626406250004 0.14986955156249998 0.4060873765625 0.1785715578125 0.45478185781249997 0.183097090625
1 0.45993772499999996 0.1181675296875 0.460685625 0.0925786375 0.4106954359375 0.0879326859375 0.4099475359375 0.113521578125 0.45993772499999996 0.1181675296875
1 0.4567054125 0.061287885937499995 0.4575504671875 0.032374928125 0.41244178125 0.028182649999999997 0.41159672656249996 0.057095607812500004 0.4567054125 0.061287885937499995
1 0.22918443906250002 0.0053343265625 0.22447313124999999 0.0052246703125000005 0.2238313921875 0.02718136875 0.27078821875000003 0.031545407812499995 0.271439525 0.0092614 0.22918443906250002 0.0053343265625
1 0.0803117203125 0.0018692765625 0.080189709375 0.0060438046874999995 0.12783958906249998 0.0104722546875 0.12805855156249998 0.0029805953124999998 0.0803117203125 0.0018692765625
1 0.12588763281249998 0.0772571578125 0.12681153125 0.045646595312499996 0.0759073171875 0.040915696875000004 0.07498341875 0.072526259375 0.12588763281249998 0.0772571578125
1 0.1272403421875 0.14279481249999998 0.12826737187499998 0.1076556296875 0.0812703671875 0.10328785625 0.0802433375 0.1384270390625 0.1272403421875 0.14279481249999998
1 0.132094703125 0.19982841093749998 0.132919390625 0.17161222812500002 0.0800665953125 0.16670023437499998 0.0792419078125 0.194916415625 0.132094703125 0.19982841093749998
1 0.1354075171875 0.25412598124999997 0.1362445375 0.2254878984375 0.08956894843749999 0.221149996875 0.0887319296875 0.2497880796875 0.1354075171875 0.25412598124999997
1 0.128508596875 0.3225246953125 0.129421471875 0.2912912859375 0.08177159218749999 0.2868628359375 0.08085871875 0.31809624531249997 0.128508596875 0.3225246953125
1 0.1318465640625 0.3757894203125 0.13250478125 0.35326889375000003 0.08716507812499999 0.34905514531250004 0.086506859375 0.37157567343750003 0.1318465640625 0.3757894203125
1 0.125139103125 0.43798201875 0.125958 0.4099640015625 0.078338253125 0.40553835312500003 0.07751935625 0.43355637031249994 0.125139103125 0.43798201875
1 0.1181845765625 0.5084555421875 0.1190552265625 0.4786668234375 0.0691654828125 0.47403020625 0.0682948328125 0.503818925 0.1181845765625 0.5084555421875
1 0.11962315781249999 0.5708828125000001 0.12054257187499999 0.5394256687500001 0.0615326546875 0.5339414484375 0.060613242187500006 0.5653985921875 0.11962315781249999 0.5708828125000001
1 0.1086763828125 0.6383893421875 0.1093418875 0.6156195078125 0.0651371828125 0.6115112453125 0.0644716765625 0.634281078125 0.1086763828125 0.6383893421875
1 0.26893243437500003 0.6532766921875 0.2695736515625 0.6313378734375 0.22135125000000003 0.6268562156249999 0.2207100328125 0.6487950328125 0.26893243437500003 0.6532766921875
1 0.2732442640625 0.5893134828125 0.274139390625 0.55868735625 0.22673057187499998 0.5542813109375 0.22583544687499998 0.5849074375 0.2732442640625 0.5893134828125
1 0.2783649625 0.5259318265624999 0.2792386015625 0.49604082656250004 0.229228325 0.49139300781250006 0.2283546859375 0.5212840078125 0.2783649625 0.5259318265624999
1 0.2638131265625 0.46540420937500004 0.26474094843749996 0.43365940625 0.22253504687499998 0.4297369046875 0.22160722656249998 0.46148170781250003 0.2638131265625 0.46540420937500004
1 0.27605924531250003 0.4094374828125 0.277126071875 0.3729367125 0.22564933593749997 0.36815260625 0.2245825109375 0.404653375 0.27605924531250003 0.4094374828125
1 0.2814017390625 0.33829495 0.28220793125 0.3107116171875 0.23529128125 0.30635131250000003 0.2344850890625 0.33393464375000004 0.2814017390625 0.33829495
1 0.2962147671875 0.277894046875 0.29695108124999997 0.2527014828125 0.2571959765625 0.2490067515625 0.2564596609375 0.274199315625 0.2962147671875 0.277894046875
1 0.2815772453125 0.2204704203125 0.28238586718750003 0.1928039875 0.239376428125 0.188806809375 0.23856780625 0.21647324218750003 0.2815772453125 0.2204704203125
1 0.2825188828125 0.1603411328125 0.283327315625 0.13268109374999998 0.23071558125 0.127791503125 0.22990714687499997 0.15545154375 0.2825188828125 0.1603411328125
1 0.2592447515625 0.0917277765625 0.2599870453125 0.0663306546875 0.22282335468749997 0.0628767640625 0.2220810609375 0.088273884375 0.2592447515625 0.0917277765625
1 0.2595511828125 0.7337258671875 0.26045172656250004 0.7029143578125 0.2034506578125 0.6976168359375 0.20255011406249998 0.72842834375 0.2595511828125 0.7337258671875
1 0.10362770937500002 0.7079214796875 0.10423604375 0.6871077328124999 0.050057407812499996 0.6820725171875 0.049449073437500005 0.702886265625 0.10362770937500002 0.7079214796875
1 0.09704755937500001 0.7881566578125 0.0978132078125 0.7619604843750001 0.033660640625 0.7559983203125 0.0328949921875 0.7821944937499999 0.09704755937500001 0.7881566578125
1 0.254867603125 0.8071346078125 0.2557212515625 0.7779275984375 0.2107130078125 0.77374465625 0.209859359375 0.8029516640625 0.254867603125 0.8071346078125
1 0.25639385312499996 0.8999877 0.257097284375 0.875920203125 0.20178364843750002 0.8707795046875001 0.201080215625 0.8948470015625001 0.25639385312499996 0.8999877
1 0.0356601484375 0.8751627265625 0.085902996875 0.879832159375 0.08651843125 0.8587754984375 0.034796554687499995 0.8539686078125 0.0356601484375 0.8751627265625
1 0.039371978125 0.9662575421874999 0.062983490625 0.9684519328125001 0.063729709375 0.942920571875 0.038324864062500005 0.9405595140624999 0.039371978125 0.9662575421874999
1 0.23376783906249998 0.978738028125 0.2344518421875 0.9553353453125 0.1867316515625 0.9509003609375 0.18604765 0.97430304375 0.23376783906249998 0.978738028125