1 0.923478209375 0 0.9240258140625001 0.0234915328125 0.9471077875 0.0222837 0.9465883375 0 0.923478209375 0
1 0.8468372703125 0 0.8473800046875001 0.0232825234375 0.8681743953125001 0.02219439375 0.8676570265624999 0 0.8468372703125 0
1 0.763445059375 0 0.7638315578125 0.016580246875 0.7890814140625 0.0152589734375 0.7887257156249999 0 0.763445059375 0
1 0.68511963125 0 0.685527871875 0.0175129234375 0.7148075953124999 0.015980775 0.714435071875 0 0.68511963125 0
1 0.6196176296875 0 0.620093571875 0.020417298437500002 0.6422844515625 0.01925609375 0.641835578125 0 0.6196176296875 0
1 0.642877225 0.08824262499999999 0.62271458125 0.089297696875 0.6238206859375001 0.1367481703125 0.6439833312500001 0.1356931 0.642877225 0.08824262499999999
1 0.71676803125 0.09294025312500001 0.69473675 0.09409310625 0.695913515625 0.1445747625 0.717944796875 0.1434219109375 0.71676803125 0.09294025312500001
1 0.7928947046875 0.0883019109375 0.7722865125 0.089380296875 0.7735276453125 0.14262323593749998 0.7941358390625 0.14154485156250002 0.7928947046875 0.0883019109375
1 0.8755204453125 0.08398346875 0.8562422421875 0.084992259375 0.8576428421875001 0.1450761234375 0.87692104375 0.144067334375 0.8755204453125 0.08398346875
1 0.9576115578125 0.0928614765625 0.9334323437500001 0.0941267265625 0.9347717203125001 0.15158425625 0.9589509375 0.15031900781250002 0.9576115578125 0.0928614765625
1 0.9651816984374999 0.23281298593750002 0.94547125 0.23384439375000002 0.9465383968750001 0.279623565625 0.9662488453125 0.2785921578125 0.9651816984374999 0.23281298593750002
1 0.8810032984375 0.228648490625 0.85725633125 0.229891121875 0.858658140625 0.290026890625 0.882405109375 0.28878425937499996 0.8810032984375 0.228648490625
1 0.7956360609375001 0.2238966171875 0.7761184609375 0.224917934375 0.7775507609375001 0.286361678125 0.7970683609375 0.2853403609375 0.7956360609375001 0.2238966171875
1 0.711333396875 0.2289679875 0.6881250734375 0.2301824328125 0.68938241875 0.284120884375 0.7125907421875 0.2829064390625 0.711333396875 0.2289679875
1 0.641914325 0.22073645156250002 0.6193909484375 0.22191505312499998 0.6206911265625 0.27769089999999996 0.6432145031250001 0.2765122984375 0.641914325 0.22073645156250002
1 0.581179534375 0.222594615625 0.5573195171875 0.2238431625 0.5584909578125 0.27409644218749996 0.5823509765625 0.27284789531250003 0.581179534375 0.222594615625
1 0.5721152875 0.07995663750000001 0.55330923125 0.0809407203125 0.5543507265625001 0.1256195296875 0.5731567828124999 0.12463544687500001 0.5721152875 0.07995663750000001
1 0.5509896671875001 0 0.5517579312499999 0.03295749375 0.5728515703125 0.03185370625 0.5721090375 0 0.5509896671875001 0
1 0.48690704531250006 0 0.48515024687499997 0.0000919296875 0.48584933750000003 0.030081957812499997 0.50954975625 0.0288417625 0.5088774328125 0 0.48690704531250006 0
1 0.5148310828125 0.0923134859375 0.49408324062500003 0.09339917812500001 0.49536115625 0.14821999531250002 0.516108996875 0.14713430156250001 0.5148310828125 0.0923134859375
1 0.5181986546874999 0.21864086249999998 0.496353571875 0.219783971875 0.4975218671875 0.26990230312499996 0.5193669515625 0.26875919375 0.5181986546874999 0.21864086249999998
1 0.4568553796875 0.0317342671875 0.45615314375000005 0.0016092890625000003 0.43410856249999996 0.0027628375 0.4348107984375 0.032887815625 0.4568553796875 0.0317342671875
1 0.3990130203125 0.048994840625 0.39797938906249997 0.0046534046874999995 0.3784750875 0.005674025 0.37950871875000003 0.0500154609375 0.3990130203125 0.048994840625
1 0.40156410468750003 0.10416477187499999 0.3774181390625 0.10542828125 0.3784506828125 0.149723003125 0.4025966484375 0.14845949375 0.40156410468750003 0.10416477187499999
1 0.4575105875 0.0959729328125 0.4325998765625 0.0972764609375 0.433988378125 0.15684128749999998 0.4588990875 0.1555377609375 0.4575105875 0.0959729328125
1 0.4600878296875 0.206533265625 0.4304556578125 0.2080838578125 0.431881665625 0.2692577015625 0.4615138390625 0.267707109375 0.4600878296875 0.206533265625
1 0.3942616953125 0.207337884375 0.3777897703125 0.20819982656249997 0.37904397031250003 0.2620033265625 0.39551589531250003 0.261141384375 0.3942616953125 0.207337884375
1 0.34004623125 0.1087038421875 0.3255227421875 0.1094638265625 0.3265122125 0.15191077343749998 0.34103570156249996 0.15115078906249999 0.34004623125 0.1087038421875
1 0.3394924375 0.01254165625 0.318565046875 0.01363674375 0.3194494953125 0.0515784375 0.3403768875 0.05048335 0.3394924375 0.01254165625
1 0.27664616406250003 0.0145051125 0.2558118734375 0.015595329687500001 0.25684998124999997 0.0601288078125 0.2776842734375 0.059038590625 0.27664616406250003 0.0145051125
1 0.21318297187500002 0.06240861875 0.212063434375 0.0143820109375 0.19315097812499998 0.0153716625 0.1942705140625 0.06339826875 0.21318297187500002 0.06240861875
1 0.1510460578125 0.022397478125000002 0.127844384375 0.023611575000000003 0.1290112265625 0.0736676203125 0.1522129 0.0724535234375 0.1510460578125 0.022397478125000002
1 0.09004565625 0.06727234374999999 0.0889629015625 0.020823614062500002 0.066333121875 0.022007784375 0.0674158765625 0.0684565140625 0.09004565625 0.06727234374999999
1 0.033825914062500004 0.06388461250000001 0.032890528125 0.023757768749999998 0.0093430578125 0.0249899609375 0.010278443750000001 0.0651168046875 0.033825914062500004 0.06388461250000001
1 0.0269672140625 0.131681265625 0.0074695640625000006 0.13270153906249998 0.008416203125 0.17331108906249998 0.027913853125 0.1722908171875 0.0269672140625 0.131681265625
1 0.08737156874999999 0.13378469843750002 0.06828621406249999 0.13478339687500002 0.069417003125 0.1832927078125 0.0885023578125 0.1822940109375 0.08737156874999999 0.13378469843750002
1 0.14768741406250002 0.13194845625 0.120243075 0.13338456406250002 0.12131868906250001 0.1795270625 0.14876303125 0.1780909546875 0.14768741406250002 0.13194845625
1 0.2156449453125 0.1138987421875 0.1893709984375 0.1152736046875 0.190587690625 0.1674680890625 0.2168616390625 0.1660932265625 0.2156449453125 0.1138987421875
1 0.279182103125 0.1052993078125 0.2573636203125 0.106441025 0.25866621562500003 0.1623206796875 0.28048470000000003 0.1611789625 0.279182103125 0.1052993078125
1 0.025980546875 0.2523018453125 0.0023399781250000003 0.253538909375 0.0033357390625 0.29625575312499997 0.026976309375 0.29501869062499997 0.025980546875 0.2523018453125
1 0.0820351390625 0.24146442031249998 0.061506746875 0.2425386296875 0.062784903125 0.2973698265625 0.08331329531250001 0.2962956171875 0.0820351390625 0.24146442031249998
1 0.1486331109375 0.2267857609375 0.12261186093750001 0.22814739999999997 0.1238682390625 0.28204433125 0.1498894890625 0.280682690625 0.1486331109375 0.2267857609375
1 0.0797230890625 0.3667794296875 0.0576785078125 0.367932978125 0.05890221875 0.420428503125 0.0809468 0.4192749546875 0.0797230890625 0.3667794296875
1 0.024115640625 0.3716640046875 0.0003952734375 0.37290524375 0.0016465703125000002 0.4265841765625 0.0253669375 0.42534293749999996 0.024115640625 0.3716640046875
1 0.1443622015625 0.3693212484375 0.11986378906249999 0.3706032 0.12102313125 0.4203374421875 0.1455215453125 0.4190554890625 0.1443622015625 0.3693212484375
1 0.2122315828125 0.3657697796875 0.185950984375 0.367144990625 0.1872821359375 0.424249575 0.213562734375 0.4228743640625 0.2122315828125 0.3657697796875
1 0.2745019234375 0.35723663437500003 0.251247053125 0.3584535140625 0.25259054375 0.41608751875000005 0.275845415625 0.4148706390625 0.2745019234375 0.35723663437500003
1 0.27697816406250003 0.22796872812500002 0.255658428125 0.22908434687499998 0.2565711890625 0.268240590625 0.2778909265625 0.267124971875 0.27697816406250003 0.22796872812500002
1 0.2106837796875 0.22682309687500002 0.188113853125 0.22800413593750002 0.189097271875 0.2701915640625 0.2116672 0.269010525 0.2106837796875 0.22682309687500002
1 0.3387497671875 0.2161773578125 0.320914603125 0.2171106359375 0.32207588125000003 0.2669279234375 0.339911046875 0.2659946453125 0.3387497671875 0.2161773578125
1 0.331964040625 0.35950961875 0.31041820468750003 0.36063706875 0.3116019875 0.4114197671875 0.333147821875 0.41029231718750003 0.331964040625 0.35950961875
1 0.4018185265625 0.3505744125 0.374700034375 0.35199346875000004 0.37617855312500004 0.4154199390625 0.40329704531250005 0.41400088437499993 0.4018185265625 0.3505744125
1 0.4647108984375 0.3505884921875 0.439520890625 0.351906634375 0.44108216875000006 0.41888332500000003 0.466272175 0.4175651828125 0.4647108984375 0.3505884921875
1 0.5194315078125 0.36221350937499996 0.49212681406250003 0.363642309375 0.49328930312499997 0.4135115 0.520593996875 0.41208270156250004 0.5194315078125 0.36221350937499996
1 0.5784839828125 0.360448575 0.5538060234375 0.36173992187500004 0.5549009984375 0.40871288124999994 0.5795789578125 0.4074215328125 0.5784839828125 0.360448575
1 0.6477276203125 0.3614398765625 0.6165659578125 0.363070503125 0.61799535625 0.424389678125 0.649157015625 0.4227590515625 0.6477276203125 0.3614398765625
1 0.7161296765625 0.362459625 0.695581334375 0.3635348796875 0.69690353125 0.4202553765625 0.717451875 0.4191801234375 0.7161296765625 0.362459625
1 0.808730590625 0.3694833 0.7808340546875 0.37094306875 0.782039615625 0.42266003750000003 0.8099361515625001 0.42120026875 0.808730590625 0.3694833
1 0.9685990546875001 0.3647034390625 0.9473657671875 0.365814534375 0.94875233125 0.4252963140625 0.96998561875 0.42418521875000004 0.9685990546875001 0.3647034390625
1 0.8952525171874999 0.367502171875 0.8717848453125001 0.36873018750000003 0.8731762515625 0.42841958281250003 0.8966439203125001 0.4271915671875 0.8952525171874999 0.367502171875
1 0.9780773078125 0.5159618874999999 0.9567110218750001 0.5170799421875001 0.9579494937499999 0.5702086937499999 0.979315778125 0.5690906390625 0.9780773078125 0.5159618874999999
1 0.9040245125 0.516739678125 0.8763274750000001 0.5181890078125 0.8775804656249999 0.57194060625 0.905277503125 0.5704912765625 0.9040245125 0.516739678125
1 0.8169638234375001 0.5225997640625 0.7937421984374999 0.5238149046875 0.7950525390625 0.58002674375 0.8182741640625 0.578811603125 0.8169638234375001 0.5225997640625
1 0.7324521234375 0.5287006296875 0.7011641140625 0.53033786875 0.702372578125 0.5821794046875 0.7336605890625 0.5805421671875 0.7324521234375 0.5287006296875
1 0.6494061 0.52884211875 0.6183508375 0.530467178125 0.619390640625 0.5750733234375 0.650445903125 0.5734482640625 0.6494061 0.52884211875
1 0.580335403125 0.5265581796875 0.5531637078125 0.5279800203125 0.5545289796875 0.5865482921875 0.5817006734375 0.585126453125 0.580335403125 0.5265581796875
1 0.517588165625 0.518060665625 0.49344219999999994 0.5193241765625001 0.49487788750000006 0.5809132515625001 0.5190238546875 0.5796497421875 0.517588165625 0.518060665625
1 0.4518408171875 0.5198173578125 0.4289716421875 0.5210140562500001 0.430179865625 0.5728452125 0.45304903906250005 0.5716485140625001 0.4518408171875 0.5198173578125
1 0.391140490625 0.529723428125 0.365804184375 0.5310492250000001 0.3670281375 0.58355513125 0.39236444375 0.582229334375 0.391140490625 0.529723428125
1 0.3331497921875 0.540334771875 0.30351761875 0.5418853640625 0.3046123515625 0.5888479421875 0.3342445234375 0.5872973499999999 0.3331497921875 0.540334771875
1 0.2651890578125 0.53968168125 0.243603321875 0.5408112203125001 0.2447333859375 0.5892893890625001 0.266319121875 0.5881598515625 0.2651890578125 0.53968168125
1 0.208621734375 0.541805065625 0.182414284375 0.5431764484375 0.18353249062500002 0.5911459609375 0.209739940625 0.589774578125 0.208621734375 0.541805065625
1 0.142877590625 0.5435563921875 0.1130193171875 0.545118815625 0.114192453125 0.5954447609375 0.144050725 0.5938823375 0.142877590625 0.5435563921875
1 0.0749399015625 0.5437491609375 0.04832015625 0.5451421171875 0.0495245078125 0.5968071828125 0.076144253125 0.5954142250000001 0.0749399015625 0.5437491609375
1 0 0.5993987 0.0174451515625 0.59848583125 0.0163584046875 0.5518658171874999 0 0.55272181875 0 0.5993987
1 0 0.7940675875000001 0.009046675 0.7935941921875 0.007915403125000001 0.7450641171875 0 0.7454783140625 0 0.7940675875000001
1 0 0.9429378375 0.0044330359375000005 0.942705865625 0.0032850671875 0.89345951875 0 0.8936314187500001 0 0.9429378375
1 0.07276041093749999 0.8898240140624999 0.0398764125 0.8915447671875001 0.041102785937500004 0.94415448125 0.073986784375 0.942433728125 0.07276041093749999 0.8898240140624999
1 0.14054461875 0.8829043359375 0.1039898484375 0.8848171734375001 0.1051220875 0.9333887687500001 0.14167685937500002 0.9314759312499999 0.14054461875 0.8829043359375
1 0.19909036093750002 0.8731110109375001 0.1697374859375 0.8746469875 0.17101080156249998 0.92927056875 0.200363678125 0.9277345921875 0.19909036093750002 0.8731110109375001
1 0.25498515781250003 0.865129746875 0.22519338437499997 0.8666886890625 0.2263178828125 0.9149281031250001 0.2561096546875 0.913369159375 0.25498515781250003 0.865129746875
1 0.326729484375 0.8664319125000001 0.29423783281250004 0.8681321359374999 0.29538580312499996 0.9173784828124999 0.32787745468749996 0.915678259375 0.326729484375 0.8664319125000001
1 0.38155043593750004 0.8585120375 0.358122665625 0.859737965625 0.3592149796875 0.9065967359375 0.3826427484375 0.9053708078125 0.38155043593750004 0.8585120375
1 0.44683742187500003 0.8601417093749999 0.41769069375 0.8616668984375 0.41883793750000003 0.9108821046875001 0.44798466406250004 0.9093569140625 0.44683742187500003 0.8601417093749999
1 0.5207395359375 0.861325765625 0.4897507734375 0.8629473453125 0.49095270468749996 0.914508603125 0.5219414671875 0.9128870234375001 0.5207395359375 0.861325765625
1 0.585288665625 0.8545805703125 0.5525642640624999 0.8562929718750001 0.5539859171875 0.9172799625 0.5867103171875 0.9155675609375 0.585288665625 0.8545805703125
1 0.6565955531250001 0.8601097687499999 0.6329084328125 0.8613492671874999 0.633973403125 0.9070350125 0.657660521875 0.9057955124999999 0.6565955531250001 0.8601097687499999
1 0.6527280578125 0.6944850203125 0.6299054328125 0.6956792828125 0.6310671953125 0.7455173312500001 0.6538898203125 0.7443230703125 0.6527280578125 0.6944850203125
1 0.5858939125 0.6954619109375 0.55403400625 0.697129075 0.55517616875 0.7461262828125 0.587036075 0.7444591171875 0.5858939125 0.6954619109375
1 0.5195652703125 0.6955600875 0.48847010781250005 0.6971872343750001 0.48967494218749996 0.7488730609375 0.52077010625 0.7472459140625001 0.5195652703125 0.6955600875
1 0.4585650734375 0.7155946546874999 0.42554142500000003 0.717322715625 0.42655824062500003 0.7609426859374999 0.4595818875 0.759214625 0.4585650734375 0.7155946546874999
1 0.39906574687499996 0.7077586578124999 0.3610945390625 0.7097456156249999 0.362334703125 0.7629470328125 0.4003059125 0.7609600750000001 0.39906574687499996 0.7077586578124999
1 0.3246641875 0.7082844703125 0.29596965625 0.709785996875 0.2970999609375 0.7582745484375 0.32579449375 0.7567730218750001 0.3246641875 0.7082844703125
1 0.26025848749999997 0.69819000625 0.2340510375 0.6995613890625 0.23500880937500002 0.7406484546875001 0.261216259375 0.7392770718749999 0.26025848749999997 0.69819000625
1 0.20248672031249998 0.7180504390625 0.1737057390625 0.7195564890624999 0.17474191249999999 0.764006921875 0.20352289375 0.762500871875 0.20248672031249998 0.7180504390625
1 0.1400333734375 0.7221603625 0.11125904375 0.723666065625 0.1125265515625 0.7780405109374999 0.1413008828125 0.7765348078125001 0.1400333734375 0.7221603625
1 0.07170072968749999 0.751823575 0.0452804796875 0.75320609375 0.04617581875 0.791614921875 0.0725960671875 0.790232403125 0.07170072968749999 0.751823575
1 0.7372648671875 0.6973159921875001 0.7052121125 0.6989932484375 0.70658536875 0.757904084375 0.7386381234375 0.756226828125 0.7372648671875 0.6973159921875001
1 0.7292921234375 0.859418534375 0.7076398890625 0.8605515515625 0.708945146875 0.916545396875 0.7305973812500001 0.915412378125 0.7292921234375 0.859418534375
1 0.8132696859375 0.8593945953125001 0.78601819375 0.8608206109375001 0.7875637421875 0.927122553125 0.8148152328125 0.9256965375 0.8132696859375 0.8593945953125001
1 0.8139365875 0.695923059375 0.78355296875 0.6975129718749999 0.784637296875 0.744029178125 0.8150209140625 0.7424392640625 0.8139365875 0.695923059375
1 0.9100195765624999 0.686519596875 0.88498251875 0.687829734375 0.8863151203124999 0.74499660625 0.9113521796875 0.7436864671875 0.9100195765624999 0.686519596875
1 0.9096579359374999 0.8630864671875 0.8877530046875 0.8642327078125 0.8893229937499999 0.93158310625 0.911227925 0.930436865625 0.9096579359374999 0.8630864671875
1 0.9795198609375 0.703856721875 0.9700448937499999 0.704352528125 0.9711945578125001 0.753671540625 0.9780808828125 0.75331119375 0.9795198609375 0.703856721875