1 1 0.11460348281249999 0.96339980625 0.10883846718750001 0.9607576953124999 0.13023838125 1 0.136419565625 1 0.11460348281249999
1 1 0.1891150484375 0.9583212203125001 0.1825500890625 0.9559409609375 0.201829125 1 0.20876900781250002 1 0.1891150484375
1 1 0.2636266171875 0.9596514734375001 0.2572711890625 0.9567612109375 0.28068100625 1 0.2874916875 1 0.2636266171875
1 0.9541170921875001 0.32653020312500003 0.95076554375 0.3536762171875 0.9920658609374999 0.360181565625 0.9954174078125 0.33303555 0.9541170921875001 0.32653020312500003
1 0.9463028953125001 0.39383366249999996 0.943762784375 0.4144074203125 0.9925846171874999 0.42209750625 0.995124728125 0.40152374843749994 0.9463028953125001 0.39383366249999996
1 0.8372365765625001 0.37761277187500003 0.8349286296875 0.39630609843750003 0.8793483343749999 0.403302790625 0.8816562812500001 0.3846094640625 0.8372365765625001 0.37761277187500003
1 0.8348267937499999 0.30758326875 0.8323049499999999 0.3280090578125 0.8795622328125001 0.33545270625 0.8820840750000001 0.31502691718750003 0.8348267937499999 0.30758326875
1 0.84156979375 0.23667933749999998 0.8392108453124999 0.25578574375 0.8890530390625001 0.26363655 0.8914119875000001 0.24453014374999998 0.84156979375 0.23667933749999998
1 0.8446188171875001 0.15906544375 0.8424121109374999 0.1769387796875 0.8986582828125 0.1857982984375 0.9008649906249999 0.1679249609375 0.8446188171875001 0.15906544375
1 0.844121759375 0.0816880765625 0.84135405 0.1041052734375 0.8951416406250001 0.11257753125 0.8979093515625 0.0901603359375 0.844121759375 0.0816880765625
1 0.7243234375000001 0.0587517015625 0.7220672515625 0.07702578593750001 0.764922403125 0.083776040625 0.7671785875 0.06550195625 0.7243234375000001 0.0587517015625
1 0.7092833234375 0.1357558875 0.7065650921875 0.1577723359375 0.7628598531249999 0.1666395078125 0.765578084375 0.144623059375 0.7092833234375 0.1357558875
1 0.7069313937499999 0.2158679765625 0.70469728125 0.233963265625 0.7622164765624999 0.2430233 0.7644505875000001 0.2249280125 0.7069313937499999 0.2158679765625
1 0.7036886421874999 0.29505095 0.70103206875 0.31656800625 0.75152535 0.3245213671875 0.7541819249999999 0.3030043109375 0.7036886421874999 0.29505095
1 0.7051468484375001 0.3606314609375 0.7025686765625 0.3815134859375 0.754781996875 0.389737775 0.7573601671875 0.3688557515625 0.7051468484375001 0.3606314609375
1 0.7046022468750001 0.41792052812499997 0.7018710765625 0.4400417890625 0.748914565625 0.4474517609375 0.7516457390625 0.4253305015625 0.7046022468750001 0.41792052812499997
1 0.84297268125 0.44513358593749996 0.84082001875 0.46256918125 0.8826450906250001 0.46915718437500004 0.8847977546875001 0.4517215890625 0.84297268125 0.44513358593749996
1 0.9299497328124999 0.457080040625 0.9275352171875 0.476636515625 0.977960475 0.48457916250000005 0.9803749906249999 0.46502268593749996 0.9299497328124999 0.457080040625
1 0.9286338859375001 0.5165637390625 0.925920984375 0.5385370296875001 0.9685817812499999 0.5452566703125 0.971294684375 0.5232833796875 0.9286338859375001 0.5165637390625
1 0.8181455953125001 0.4955714953125 0.8157706640625 0.514807371875 0.8670899515625001 0.522890840625 0.869464884375 0.5036549625 0.8181455953125001 0.4955714953125
1 0.7043168109375 0.47724284062500005 0.70181628125 0.49749600000000005 0.7487334421875 0.5048860734375 0.7512339703124999 0.48463291406250003 0.7043168109375 0.47724284062500005
1 0.9224754562499999 0.5654011203125 0.9199520921875 0.585839240625 0.9738271390625 0.5943252734375 0.9763505046875001 0.573887153125 0.9224754562499999 0.5654011203125
1 0.9025080937500001 0.617239309375 0.9002755046875001 0.6353222671875 0.9520612421875001 0.6434792078125 0.95429383125 0.62539625 0.9025080937500001 0.617239309375
1 0.8094792046875 0.6013918312500001 0.8067153015624999 0.6237782000000001 0.8481808203125001 0.63030956875 0.8509447218749999 0.6079232 0.8094792046875 0.6013918312500001
1 0.8065244874999999 0.5479323890625001 0.803673046875 0.5710277734375 0.8594333328125 0.5798107578125 0.862284775 0.5567153734375 0.8065244874999999 0.5479323890625001
1 0.701519646875 0.531392734375 0.69812775625 0.5588655140625 0.7553942890625 0.5678857515625 0.7587861796875 0.540412971875 0.701519646875 0.531392734375
1 0.7033596796875 0.5938404859374999 0.701474196875 0.6091120453125 0.75184115 0.6170455078125 0.75372663125 0.6017739484375 0.7033596796875 0.5938404859374999
1 0.80292955625 0.65853325 0.8012671046875001 0.6719983625 0.8410028687500001 0.6782572734375 0.8426653203125 0.6647921593749999 0.80292955625 0.65853325
1 0.8972775265624999 0.6718009953124999 0.8948820421875 0.6912033375 0.9304003140624999 0.6967979359375 0.9327957984375 0.67739559375 0.8972775265624999 0.6718009953124999
1 0.885155521875 0.729262034375 0.8827706953125001 0.7485780609375 0.9244597203125 0.755144634375 0.9268445484375001 0.7358286078125 0.885155521875 0.729262034375
1 0.877777159375 0.7890635671874999 0.8756123171875 0.8065978093749999 0.9222282281249999 0.81394043125 0.92439306875 0.7964061906250001 0.877777159375 0.7890635671874999
1 0.864371025 0.844729028125 0.8617152109375 0.8662399171875 0.908574065625 0.8736208078125 0.9112298796875 0.8521099187500001 0.864371025 0.844729028125
1 0.86516336875 0.9034260218749999 0.8625730203125 0.9244066921874999 0.9077118359374999 0.931516653125 0.9103021859375 0.9105359828124999 0.86516336875 0.9034260218749999
1 0.8646630546875 0.9563443906250001 0.8619676593750001 0.97817588125 0.9098080046874999 0.98571136875 0.9125033984375 0.9638798796874999 0.8646630546875 0.9563443906250001
1 0.7626290765625 0.948239234375 0.76039725 0.9663160265625 0.7984129765625 0.9723040078125 0.8006448031250001 0.954227215625 0.7626290765625 0.948239234375
1 0.75721210625 0.890410253125 0.755027475 0.9081047953124999 0.8004383875000001 0.915257615625 0.8026230203125 0.8975630734375001 0.75721210625 0.890410253125
1 0.7650942203125 0.8346729125 0.7619527640625 0.8601172937499999 0.8051480375000001 0.866921121875 0.80828949375 0.841476740625 0.7650942203125 0.8346729125
1 0.7807976359375 0.772596953125 0.7777901515625001 0.796956234375 0.82665085625 0.8046524421875001 0.8296583406250001 0.7802931609375 0.7807976359375 0.772596953125
1 0.7895665203125 0.713809528125 0.7870690359375 0.734038028125 0.83937953125 0.7422776234375 0.841877015625 0.7220491250000001 0.7895665203125 0.713809528125
1 0.6474916859375 0.9336893015625 0.644785634375 0.9556071046874999 0.6847740578125 0.9619058109375 0.687480109375 0.9399880093749999 0.6474916859375 0.9336893015625
1 0.64997886875 0.8809267578125001 0.6476290546875 0.899959178125 0.6989580609375 0.908044178125 0.701307875 0.8890117562500001 0.64997886875 0.8809267578125001
1 0.6689725156249999 0.8207266656250001 0.66599395625 0.8448516640625 0.716448365625 0.8527989015624999 0.7194269265625 0.8286739046875 0.6689725156249999 0.8207266656250001
1 0.5345122390625 0.8676794359375 0.5319888749999999 0.8881175562499999 0.5811313921875 0.8958581546875 0.58365475625 0.8754200328125 0.5345122390625 0.8676794359375
1 0.5251876015625 0.9188118875000001 0.5224724140625 0.9408036765625001 0.5727227515625 0.9487187703125001 0.5754379390625 0.9267269812500001 0.5251876015625 0.9188118875000001
1 0.5389412734375 0.8074133437500001 0.5361370265625001 0.8301264765624999 0.5826946328125 0.8374599171874999 0.585498878125 0.814746784375 0.5389412734375 0.8074133437500001
1 0.539810459375 0.743403053125 0.5368022125 0.7677684984375001 0.5902594 0.7761887140625 0.593267646875 0.7518232671875 0.539810459375 0.743403053125
1 0.5513885234375 0.68625545 0.5487266203125001 0.7078156625 0.6026794109375 0.7163139421875 0.6053413140624999 0.6947537296874999 0.5513885234375 0.68625545
1 0.6900563640625 0.7029152890625 0.6876159703125 0.7226813875 0.724271215625 0.7284550734375 0.7267116109375 0.7086889765625 0.6900563640625 0.7029152890625
1 0.6839572734375 0.764511634375 0.6813737734374999 0.7854368171874999 0.7208665953125 0.791657459375 0.7234500953125 0.7707322765625 0.6839572734375 0.764511634375
1 0.6951723953125 0.6451489421875001 0.6931308671874999 0.6616844000000001 0.7397662140625 0.669030084375 0.7418077421875 0.652494628125 0.6951723953125 0.6451489421875001
1 0.55942903125 0.6333274203125 0.5569627546875 0.6533031390625 0.60450185 0.6607911765625001 0.6069681250000001 0.6408154578125 0.55942903125 0.6333274203125
1 0.560539515625 0.5673627140625 0.5574353578125 0.59250499375 0.6168106375 0.6018573875000001 0.6199147953125 0.5767151078125 0.560539515625 0.5673627140625
1 0.5613160796875001 0.50811461875 0.55843266875 0.5314689484375 0.62113140625 0.54134483125 0.6240148171875 0.5179905015624999 0.5613160796875001 0.50811461875
1 0.5700094421874999 0.45808321406249997 0.5668839703125 0.4833981234375 0.61356790625 0.4907514625 0.616693378125 0.465436553125 0.5700094421874999 0.45808321406249997
1 0.5782376734375 0.40359458750000005 0.5754128734374999 0.42647418437500006 0.619385565625 0.433400465625 0.6222103640625 0.41052086875000005 0.5782376734375 0.40359458750000005
1 0.568406890625 0.3367015703125 0.564839925 0.36559237968749997 0.6222425078125 0.374634046875 0.6258094734374999 0.34574323749999997 0.568406890625 0.3367015703125
1 0.5762292343750001 0.2733842390625 0.5738771390624999 0.29243515625 0.62697476875 0.3007987359375 0.6293268640624999 0.28174781875 0.5762292343750001 0.2733842390625
1 0.580383603125 0.18677742343749998 0.5771903859374999 0.21264104687500002 0.6256040765625 0.2202668453125 0.62879729375 0.19440322031249999 0.580383603125 0.18677742343749998
1 0.5880521578125 0.03696348125 0.5856216578125 0.056649428125 0.6413042015625 0.0654201671875 0.6437347015625 0.04573421875 0.5880521578125 0.03696348125
1 0.580436625 0.10506503125 0.5777503640625 0.12682253593749998 0.6336272640625 0.1356238875 0.636313525 0.113866384375 0.580436625 0.10506503125
1 0.4527914578125 0.0100391203125 0.4503457359375 0.029848375 0.5000810343750001 0.03768234375 0.5025267578125 0.017873087500000003 0.4527914578125 0.0100391203125
1 0.44663596875 0.07899288593750001 0.4434655875 0.10467154999999999 0.4937839484375 0.112597359375 0.4969543296875 0.0869186953125 0.44663596875 0.07899288593750001
1 0.4331442890625 0.1591824671875 0.4304861921875 0.180711853125 0.483107653125 0.18900043125 0.48576575 0.16747104375 0.4331442890625 0.1591824671875
1 0.425987809375 0.23796896093750003 0.42240638124999996 0.26697690937499996 0.4709366828125 0.274621075 0.4745181109375 0.245613125 0.425987809375 0.23796896093750003
1 0.4271970984375 0.31655842968750003 0.4236423109375 0.3453505921875 0.4653993609375 0.35192788125 0.4689541484375 0.3231357171875 0.4271970984375 0.31655842968750003
1 0.4117510109375 0.3792783046875 0.4086407625 0.40446990468750005 0.4634681484375 0.4131059453125 0.46657839531249995 0.38791434375 0.4117510109375 0.3792783046875
1 0.4127871328125 0.43848823125 0.41002322968750005 0.4608746 0.4676784734375 0.4699560640625 0.470442375 0.4475696953125 0.4127871328125 0.43848823125
1 0.4159746828125 0.5010948078124999 0.4133569296875 0.5222974312499999 0.4618775140625 0.529940065625 0.4644952671875 0.5087374421875 0.4159746828125 0.5010948078124999
1 0.40208472031250003 0.5564263640625 0.3991845625 0.57991633125 0.44833679843749996 0.5876584593749999 0.45123695625 0.5641684921875 0.40208472031250003 0.5564263640625
1 0.39353158125 0.6100561609375 0.390139690625 0.637528940625 0.43410266406250003 0.644453690625 0.4374945546875 0.6169809109375 0.39353158125 0.6100561609375
1 0.3882804640625 0.673369953125 0.3858096203125 0.693382665625 0.43119138125 0.70053089375 0.43366222343749994 0.68051818125 0.3882804640625 0.673369953125
1 0.38306607656249997 0.7259951906250001 0.380066203125 0.7502928171875001 0.42497179375 0.75736604375 0.42797166875 0.7330684171875 0.38306607656249997 0.7259951906250001
1 0.37491828437499997 0.7868131578125 0.3715005140625 0.814495559375 0.418612028125 0.821916246875 0.42202979999999995 0.7942338453125 0.37491828437499997 0.7868131578125
1 0.36904075468749997 0.8500251406249999 0.3659936875 0.87470501875 0.4143587875 0.8823231625 0.41740585625 0.857643284375 0.36904075468749997 0.8500251406249999
1 0.362321678125 0.9044466453125001 0.3588787875 0.932332503125 0.40252107343750004 0.9392067421875 0.405963965625 0.9113208828125 0.362321678125 0.9044466453125001
1 0.1788286046875 0.8877657125 0.1761750734375 0.90925810625 0.221605421875 0.9164139890625 0.22425895156250003 0.89492159375 0.1788286046875 0.8877657125
1 0.038711965625 0.87333205625 0.035750910937500005 0.8973152499999999 0.0818517828125 0.9045767484375 0.0848128375 0.8805935546875 0.038711965625 0.87333205625
1 0.04351601875 0.8084236734375001 0.0397519046875 0.83891130625 0.08900131875 0.8466687421874999 0.0927654328125 0.8161811078125 0.04351601875 0.8084236734375001
1 0.058217620312499996 0.7465984546875 0.0540333265625 0.780489359375 0.0995025453125 0.7876513640625 0.103686840625 0.753760459375 0.058217620312499996 0.7465984546875
1 0.0655638734375 0.692272596875 0.06220395468749999 0.71948643125 0.11333860468750001 0.7275408156250001 0.116698525 0.7003269828125 0.0655638734375 0.692272596875
1 0.08267949999999999 0.642027925 0.07926934062499999 0.669648671875 0.12442759218749999 0.6767616953125 0.1278377515625 0.6491409484374999 0.08267949999999999 0.642027925
1 0.085208053125 0.5747278437500001 0.08148884843750001 0.6048517203125 0.12758971875 0.61211321875 0.131308925 0.5819893421875 0.085208053125 0.5747278437500001
1 0.0984545640625 0.5248888015625 0.09577286874999999 0.5466093140625 0.139638665625 0.5535187578125 0.142320359375 0.5317982453125001 0.0984545640625 0.5248888015625
1 0.098990409375 0.4633778140625 0.0956540875 0.4904005234375 0.1417258046875 0.49765742968750004 0.145062128125 0.47063472031250003 0.098990409375 0.4633778140625
1 0.10051724375 0.3938803875 0.0969700703125 0.42261089687500003 0.14523799375 0.430213734375 0.14878516718749998 0.40148322500000005 0.10051724375 0.3938803875
1 0.1022397796875 0.333068565625 0.09849393437500001 0.3634082296875 0.1555855484375 0.372400915625 0.1593313953125 0.3420612515625 0.1022397796875 0.333068565625
1 0.11604277968750001 0.2680503203125 0.1133313984375 0.29001128125000003 0.156099090625 0.296747759375 0.15881047343750002 0.2747867984375 0.11604277968750001 0.2680503203125
1 0.2672011796875 0.29186605625 0.264588753125 0.313025521875 0.311243534375 0.32037426875 0.313855959375 0.2992148015625 0.2672011796875 0.29186605625
1 0.262701309375 0.3542705453125 0.25905441875 0.38380871562499996 0.304922065625 0.3910334765625 0.3085689546875 0.36149530625000004 0.262701309375 0.3542705453125
1 0.255754403125 0.41579305624999996 0.25219505 0.4446222125 0.3005795859375 0.4522434171875 0.3041389390625 0.42341426249999997 0.255754403125 0.41579305624999996
1 0.24053014374999998 0.47142040625000003 0.2367500421875 0.5020375125000001 0.27758390781250003 0.5084693875 0.28136400781250004 0.47785228125 0.24053014374999998 0.47142040625000003
1 0.23501680937499997 0.526547221875 0.230670378125 0.56175134375 0.2804737015625 0.5695960265625 0.28482013125 0.5343919046875001 0.23501680937499997 0.526547221875
1 0.2340696859375 0.596645065625 0.230785125 0.62324853125 0.27617660312500003 0.630398290625 0.2794611640625 0.603794825 0.2340696859375 0.596645065625
1 0.2462513203125 0.659141015625 0.243251446875 0.6834386421875001 0.2817141890625 0.689497034375 0.2847140640625 0.6651994078125 0.2462513203125 0.659141015625
1 0.2207022671875 0.7100905875 0.2174078109375 0.736774203125 0.2590190953125 0.74332853125 0.262313553125 0.716644915625 0.2207022671875 0.7100905875
1 0.203473934375 0.7664236203125 0.2001802390625 0.7931010703125 0.2510816640625 0.80111871875 0.2543753578125 0.77444126875 0.203473934375 0.7664236203125
1 0.18613698750000002 0.8288519453125 0.1831127546875 0.8533468640624999 0.219068325 0.8590103421874999 0.2220925578125 0.834515425 0.18613698750000002 0.8288519453125
1 0.2615822171875 0.2112401046875 0.2579132515625 0.2409570703125 0.3130613203125 0.249643621875 0.31673028593749997 0.21992665625000002 0.2615822171875 0.2112401046875
1 0.1117956484375 0.1987401921875 0.10931719375 0.21881455781249998 0.161734584375 0.227070990625 0.1642130390625 0.206996625 0.1117956484375 0.1987401921875
1 0.107660615625 0.11881308906250002 0.10454123281250001 0.1440786734375 0.16660832187500002 0.1538550625 0.1697277046875 0.128589478125 0.107660615625 0.11881308906250002
1 0.2795056703125 0.14165413437500002 0.2760277640625 0.16982359687499998 0.3195728765625 0.1766825296875 0.32305078125 0.1485130671875 0.2795056703125 0.14165413437500002
1 0.2846363890625 0.0515525234375 0.2817704859375 0.07476504843750001 0.33528597968749996 0.08319444687500001 0.338151884375 0.059981921875 0.2846363890625 0.0515525234375
1 0.10952132187500001 0.0281964046875 0.1070139421875 0.0485050546875 0.1700625203125 0.058436040625 0.1725699 0.0381273921875 0.10952132187500001 0.0281964046875