1 0.9236637468750001 0.058513312500000005 0.9220179749999999 0.0802721375 0.97298589375 0.0823527265625 0.974631665625 0.0605939 0.9236637468750001 0.058513312500000005
1 0.9220206 0.132991709375 0.9205379375 0.15259408593749998 0.9799515203125001 0.1550194390625 0.9814341828125001 0.1354170609375 0.9220206 0.132991709375
1 0.926839075 0.20773388124999997 0.9250387312499999 0.23153631875 0.975252221875 0.23358610937500002 0.9770525640625 0.209783671875 0.926839075 0.20773388124999997
1 0.9245319375 0.277802365625 0.9224442609375 0.3054036625 0.96408471875 0.307103490625 0.9661723953125 0.27950219062500004 0.9245319375 0.277802365625
1 0.9198517078125 0.3461767953125 0.9182694734375 0.3670956109375 0.9674933906250001 0.36910500625 0.969075625 0.348186190625 0.9198517078125 0.3461767953125
1 0.809931875 0.3426486359375 0.80849425625 0.361655484375 0.8532797921874999 0.36348369687500004 0.8547174109375 0.34447685 0.809931875 0.3426486359375
1 0.8042518609375 0.2727351453125 0.8026810062499999 0.29350350937499997 0.8503274859375001 0.2954485109375 0.8518983406249999 0.27468014687500003 0.8042518609375 0.2727351453125
1 0.8076919203124999 0.2008767828125 0.8062225328125001 0.220303634375 0.856475215625 0.2223550265625 0.8579446031250001 0.2029281734375 0.8076919203124999 0.2008767828125
1 0.8071216 0.1227238078125 0.80574704375 0.1408969125 0.862456446875 0.14321187500000002 0.8638310046875001 0.125038771875 0.8071216 0.1227238078125
1 0.8030130968750001 0.045221845312499995 0.801289090625 0.0680150171875 0.8555196625000001 0.07022879062500001 0.85724366875 0.047435620312499996 0.8030130968750001 0.045221845312499995
1 0.68203836875 0.036215071875 0.680632990625 0.054795640624999996 0.7238410875 0.05655946093749999 0.725246465625 0.0379788921875 0.68203836875 0.036215071875
1 0.6705785343749999 0.11515658437500001 0.6688853484374999 0.1375422859375 0.725643740625 0.13985925 0.727336925 0.11747354843749999 0.6705785343749999 0.11515658437500001
1 0.6719631515625 0.195732278125 0.670571525 0.21413105468750002 0.7285644328124999 0.2164984140625 0.729956059375 0.19809963749999998 0.6719631515625 0.195732278125
1 0.6724128 0.27548065 0.670758021875 0.29735858125000003 0.7216671531250001 0.2994367703125 0.72332193125 0.2775588390625 0.6724128 0.27548065
1 0.676932771875 0.341045721875 0.67532683125 0.362277975 0.727970165625 0.36442695468749997 0.7295761062499999 0.343194703125 0.676932771875 0.341045721875
1 0.679061225 0.3985335671875 0.6773599781249999 0.42102583750000006 0.724790909375 0.42296203906249996 0.7264921546875 0.40046976875 0.679061225 0.3985335671875
1 0.8188240828125 0.4096592453125 0.8174831890625001 0.4273872671875 0.8596527249999999 0.429108690625 0.8609936171875001 0.41138067031250003 0.8188240828125 0.4096592453125
1 0.9064356218749999 0.41148130156249996 0.9049316218750001 0.4313657703125 0.95577216875 0.43344115937499994 0.95727616875 0.41355668906250004 0.9064356218749999 0.41148130156249996
1 0.9078945624999999 0.47125898125 0.9062046984375 0.4936008015625 0.9492168390625 0.49535662187499996 0.95090670625 0.4730148015625 0.9078945624999999 0.47125898125
1 0.796328834375 0.463114190625 0.7948494890625 0.4826726859375 0.84659143125 0.4847848703125 0.848070775 0.465226375 0.796328834375 0.463114190625
1 0.68154395625 0.458029203125 0.679986378125 0.4786220421875 0.7272899374999999 0.480553046875 0.7288475156249999 0.4599602046875 0.68154395625 0.458029203125
1 0.9040098000000001 0.520930478125 0.902437996875 0.5417113796875 0.9567567468749999 0.543928753125 0.9583285500000001 0.523147853125 0.9040098000000001 0.520930478125
1 0.886443921875 0.5752217468749999 0.88505324375 0.5936079875 0.9372654765625 0.5957393703125 0.9386561562500001 0.5773531296875001 0.886443921875 0.5752217468749999
1 0.792593140625 0.5701958765625 0.79087150625 0.592957703125 0.8326785265625001 0.5946643296875 0.8344001593750001 0.571902503125 0.792593140625 0.5701958765625
1 0.7871409921875 0.5169551609374999 0.78536483125 0.54043789375 0.8415843453124999 0.542732859375 0.84336050625 0.519250128125 0.7871409921875 0.5169551609374999
1 0.6812713578125 0.5126334015625 0.67915855 0.5405669453125 0.7368967171875 0.54292390625 0.7390095234375 0.5149903625000001 0.6812713578125 0.5126334015625
1 0.6860272968750001 0.5750137515625 0.6848528296875 0.5905414421875 0.7356345921874999 0.59261443125 0.7368090578125 0.577086740625 0.6860272968750001 0.5750137515625
1 0.7887043421875 0.6282366765625 0.7876688015625 0.6419276234375 0.82773181875 0.64356305625 0.828767359375 0.629872109375 0.7887043421875 0.6282366765625
1 0.8837549812500001 0.630522753125 0.8822628359375001 0.650250503125 0.918073628125 0.6517123546875 0.919565775 0.6319846046875 0.8837549812500001 0.630522753125
1 0.8743038109375 0.6895343734375 0.872818303125 0.7091743609375001 0.9148506703124999 0.7108901875 0.916336178125 0.691250196875 0.8743038109375 0.6895343734375
1 0.8697097046875 0.7503382984375 0.8683612265624999 0.7681666203125 0.9153610546875001 0.770085225 0.9167095328125001 0.7522569031249999 0.8697097046875 0.7503382984375
1 0.8588894734375 0.807699996875 0.8572351687499999 0.8295716609375001 0.904479940625 0.8315002640625 0.9061342453125001 0.8096286015624999 0.8588894734375 0.807699996875
1 0.862421759375 0.8664430328125 0.8608082296875 0.8877755828125 0.9063188 0.88963339375 0.907932328125 0.8683008421875 0.862421759375 0.8664430328125
1 0.86439056875 0.91954469375 0.8627116078125001 0.9417423328125001 0.9109459515625 0.9437113328125 0.9126249124999999 0.92151369375 0.86439056875 0.91954469375
1 0.7618880406249999 0.9233305578125 0.760497834375 0.9417105296875 0.79882665 0.94327516875 0.8002168546874999 0.9248951968749999 0.7618880406249999 0.9233305578125
1 0.75376754375 0.865997403125 0.7524067375 0.8839887125000001 0.79819164375 0.885857721875 0.79955245 0.8678664125 0.75376754375 0.865997403125
1 0.7590555140624999 0.809208459375 0.7570987015624999 0.8350795859375 0.8006497187500001 0.836857403125 0.80260653125 0.8109862781249999 0.7590555140624999 0.809208459375
1 0.7718759000000001 0.7451529781249999 0.7700025375 0.7699208046875 0.8192656453125 0.7719317984375 0.8211390078124999 0.7471639734375 0.7718759000000001 0.7451529781249999
1 0.777909084375 0.68520324375 0.7763534 0.70577100625 0.8290947125000001 0.7079239875 0.8306503953125001 0.687356225 0.777909084375 0.68520324375
1 0.6459697421875 0.922185959375 0.6442841421875001 0.9444713609375001 0.684601903125 0.9461171937499999 0.686287503125 0.9238317921875 0.6459697421875 0.922185959375
1 0.64599683125 0.86900856875 0.644533134375 0.888360196875 0.6962848734375 0.89047278125 0.697748571875 0.8711211531249999 0.64599683125 0.86900856875
1 0.6621979046875001 0.806449325 0.660342559375 0.8309789375 0.7112125 0.8330555265624999 0.71306784375 0.8085259125 0.6621979046875001 0.806449325
1 0.5298097953124999 0.8692080875 0.5282379921875 0.8899889906249999 0.5777852359375 0.8920115828125 0.5793570390625 0.8712306828124999 0.5298097953124999 0.8692080875
1 0.5228631265625 0.9215496578125 0.5211718390625 0.9439102828125 0.5718360265625 0.9459784734375001 0.573527315625 0.9236178453124999 0.5228631265625 0.9215496578125
1 0.5314302828125 0.8082827734375 0.5296835203125 0.83137684375 0.576624559375 0.8332930484375 0.578371325 0.8101989796875 0.5314302828125 0.8082827734375
1 0.5293130406250001 0.7440199546875 0.5274392046874999 0.7687940484375 0.58133665 0.7709942234375 0.5832104859375 0.7462201296875 0.5293130406250001 0.7440199546875
1 0.5382344171875 0.6853860046875 0.53657631875 0.7073078171875 0.59097345 0.7095283921875 0.5926315484375 0.6876065765625 0.5382344171875 0.6853860046875
1 0.677802453125 0.6858988421875 0.6762823328125 0.70599645 0.7132394625 0.7075050953125 0.714759584375 0.6874074875 0.677802453125 0.6858988421875
1 0.674572509375 0.7483524906250001 0.6729632484375 0.769628621875 0.7127813234375 0.77125405625 0.714390584375 0.7499779234374999 0.674572509375 0.7483524906250001
1 0.6802272031250001 0.62739898125 0.6789555359375 0.6442117656249999 0.725974959375 0.64613116875 0.7272466265624999 0.6293183859375 0.6802272031250001 0.62739898125
1 0.5438120234375 0.6313945125 0.5422757812500001 0.651705259375 0.5902063953125001 0.653661859375 0.5917426375 0.6333511140625 0.5438120234375 0.6313945125
1 0.5418450859374999 0.5651445015625 0.5399115078125 0.5907084578124999 0.5997757859374999 0.593152209375 0.6017093640625 0.567588253125 0.5418450859374999 0.5651445015625
1 0.5398573765625 0.505665928125 0.5380613015625 0.5294119484375 0.6012764125000001 0.531992484375 0.6030724875 0.508246465625 0.5398573765625 0.505665928125
1 0.5462235953125 0.4545016921875 0.544276740625 0.480241175 0.5913451515625 0.48216257812499996 0.5932920078125 0.45642309687499993 0.5462235953125 0.4545016921875
1 0.5519162625 0.398924009375 0.550156696875 0.42218733437499995 0.5944915359375 0.42399715000000004 0.5962511015625 0.400733825 0.5519162625 0.398924009375
1 0.53895505 0.3330206375 0.5367331875 0.36239599375 0.5946085234375 0.36475855468749996 0.5968303859375 0.33538319687499996 0.53895505 0.3330206375
1 0.5438294578125 0.2686407921875 0.5423643375 0.288011225 0.59589926875 0.290196603125 0.5973643875 0.27082616875 0.5438294578125 0.2686407921875
1 0.5439457828125 0.1813446484375 0.5419567296875 0.20764204843749998 0.5907691421875 0.20963464531249998 0.592758196875 0.1833372453125 0.5439457828125 0.1813446484375
1 0.5446296859374999 0.0302820015625 0.5431157296875 0.050298115624999994 0.5992568609375 0.05258988437499999 0.6007708187499999 0.032573767187500005 0.5446296859374999 0.0302820015625
1 0.5401855421875 0.0994332203125 0.538512271875 0.1215556328125 0.594849359375 0.12385539999999999 0.5965226296874999 0.10173298593749999 0.5401855421875 0.0994332203125
1 0.4079927875 0.019082712499999998 0.4064693484375 0.0392242 0.45661425468749994 0.041271190624999995 0.45813769375 0.021129703125 0.4079927875 0.019082712499999998
1 0.40504974843749997 0.0889177296875 0.40307491874999996 0.1150270671875 0.453807690625 0.11709805468750001 0.4557825203125 0.09098871875 0.40504974843749997 0.0889177296875
1 0.3952883734375 0.170871409375 0.3936326453125 0.192761878125 0.4466874859375 0.19492765781250002 0.4483432140625 0.1730371890625 0.3952883734375 0.170871409375
1 0.391802325 0.2506792015625 0.3895714546875 0.2801736640625 0.4385014390625 0.2821710609375 0.4407323109375 0.2526765984375 0.391802325 0.2506792015625
1 0.3966802578125 0.3293129921875 0.3944659828125 0.35858804843750003 0.4365669328125 0.3603066734375 0.4387812078125 0.331031615625 0.3966802578125 0.3293129921875
1 0.38414747656250003 0.393983871875 0.382210103125 0.419597978125 0.4374890359375 0.42185454843750003 0.43942640624999996 0.3962404421875 0.38414747656250003 0.393983871875
1 0.38794769375 0.45321259375 0.386226059375 0.4759744203125 0.44435613749999997 0.47834737968749996 0.44607777187500003 0.455585553125 0.38794769375 0.45321259375
1 0.3940597546875 0.5155948546875 0.39242915625 0.5371530828125 0.4413493453125 0.5391500796875001 0.4429799421875 0.5175918515625 0.3940597546875 0.5155948546875
1 0.3827396828125 0.5726783359375001 0.380933175 0.59656226875 0.43049021718749997 0.5985852625 0.4322967234375 0.57470133125 0.3827396828125 0.5726783359375001
1 0.376681740625 0.6274330875 0.374568934375 0.6553666328125 0.4188939734375 0.6571760484375 0.42100678125 0.629242503125 0.376681740625 0.6274330875
1 0.3743806703125 0.6915092578125 0.3728415859375 0.7118576140624999 0.418597096875 0.7137254234375 0.4201361828125 0.6933770671875 0.3743806703125 0.6915092578125
1 0.37161755625000004 0.7448673546875 0.369748934375 0.7695724921875 0.4150243578125 0.7714207046875 0.41689297812500004 0.746715565625 0.37161755625000004 0.7448673546875
1 0.3663007734375 0.806779928125 0.3641718453125 0.8349266078124999 0.4116713578125 0.8368656109374999 0.41380028593749996 0.8087189296874999 0.3663007734375 0.806779928125
1 0.36336798593749997 0.8708271640625 0.3614699671875 0.8959209640625 0.410233390625 0.8979115609375 0.412131409375 0.8728177609375001 0.36336798593749997 0.8708271640625
1 0.3591826734375 0.9261614078125 0.3570380984375 0.95451495625 0.4010398125 0.9563111734374999 0.4031843890625 0.927957625 0.3591826734375 0.9261614078125
1 0.1747487515625 0.9308597531249999 0.17309586875 0.952712609375 0.2189003703125 0.9545824187499999 0.22055325468750003 0.9327295609374999 0.1747487515625 0.9308597531249999
1 0.0338345234375 0.9327474656250001 0.0319900859375 0.9571328984375 0.0784706328125 0.9590303046875001 0.080315071875 0.934644871875 0.0338345234375 0.9327474656250001
1 0.035613721875 0.8671251281250001 0.03326905625 0.8981240890625 0.082924075 0.9001510828124999 0.08526874062499999 0.8691521218749999 0.035613721875 0.8671251281250001
1 0.0474431078125 0.8034379203125 0.0448367109375 0.83789723125 0.09068040625 0.8397686406249999 0.0932868 0.8053093296875 0.0474431078125 0.8034379203125
1 0.05226061093749999 0.7481263390625 0.05016771875 0.7757965953125 0.10172350156250001 0.7779011812500001 0.1038163953125 0.750230925 0.05226061093749999 0.7481263390625
1 0.06704659375000001 0.6957652249999999 0.06492240625 0.7238492187500001 0.1104525703125 0.7257078296875 0.11257675781250001 0.6976238359375 0.06704659375000001 0.6957652249999999
1 0.0664366609375 0.628011159375 0.0641199703125 0.6586402640625 0.11060051562499999 0.6605376703125 0.11291720624999999 0.629908565625 0.0664366609375 0.628011159375
1 0.0773690328125 0.5765082625 0.0756986078125 0.5985930640625 0.11992566874999999 0.60039848125 0.12159609687499999 0.5783136796874999 0.0773690328125 0.5765082625
1 0.0750347921875 0.5147895578125 0.072956596875 0.5422654828125 0.11940775 0.5441616890625001 0.12148594374999999 0.5166857625 0.0750347921875 0.5147895578125
1 0.0733197078125 0.4449498875 0.07111017343750001 0.4741622546875 0.1197756203125 0.47614885156250003 0.1219851546875 0.446936484375 0.0733197078125 0.4449498875
1 0.07220583281250001 0.383793478125 0.0698725484375 0.414641990625 0.1274343546875 0.41699175000000005 0.12976764062499999 0.38614323906250003 0.07220583281250001 0.383793478125
1 0.08298681249999999 0.317010596875 0.08129789375 0.3393398796875 0.12441781249999999 0.34110010156250004 0.12610672812499998 0.31877081875 0.08298681249999999 0.317010596875
1 0.23539040781249998 0.32323823125 0.23376312968750002 0.344752578125 0.2808021484375 0.34667278125 0.2824294265625 0.3251584359375 0.23539040781249998 0.32323823125
1 0.233798815625 0.3863152578125 0.2315271703125 0.4163488328125 0.27777257031249997 0.41823663906249997 0.280044215625 0.3882030640625 0.233798815625 0.3863152578125
1 0.22971686249999998 0.4487938609375 0.22749974218750002 0.47810653125 0.2762827625 0.4800979265625 0.27849988125 0.450785259375 0.22971686249999998 0.4487938609375
1 0.21707511406250002 0.5063295828125 0.21472049218749997 0.5374601890624999 0.25589065624999996 0.5391408171875 0.25824527812500003 0.5080102125 0.21707511406250002 0.5063295828125
1 0.21412953125 0.562230059375 0.211422140625 0.5980246140625 0.26163563125 0.6000744046875 0.2643430203125 0.5642798499999999 0.21412953125 0.562230059375
1 0.2164528578125 0.6326038953124999 0.21440690624999997 0.6596535453125 0.26017221875 0.6615217546875 0.2622181703125 0.6344721046874999 0.2164528578125 0.6326038953124999
1 0.23156180312500002 0.6938254125000001 0.22969318125 0.71853055 0.26847269375 0.7201135890625 0.27034131562499997 0.69540845 0.23156180312500002 0.6938254125000001
1 0.208367825 0.7478775 0.2063157109375 0.77500864375 0.24826969375000002 0.7767212703124999 0.2503218109375 0.7495901265625 0.208367825 0.7478775
1 0.19375316250000002 0.8063545015625 0.191701521875 0.8334793765624999 0.243022159375 0.8355743625000001 0.24507380156249997 0.8084494875000001 0.19375316250000002 0.8063545015625
1 0.1793142453125 0.8709538562500001 0.177430453125 0.8958595953125 0.21368214531250002 0.89733944375 0.2155659390625 0.8724337046875 0.1793142453125 0.8709538562500001
1 0.2260038640625 0.24307788281249998 0.22371846562500003 0.2732932515625 0.279320721875 0.2755630203125 0.2816061203125 0.2453476515625 0.2260038640625 0.24307788281249998
1 0.0755013921875 0.24803264687499998 0.07395756406250001 0.26844369375 0.12680665156249998 0.2706010734375 0.1283504796875 0.250190028125 0.0755013921875 0.24803264687499998
1 0.0676327046875 0.1683995796875 0.06568964375 0.1940889109375 0.128267903125 0.19664345 0.1302109640625 0.17095412031249999 0.0676327046875 0.1683995796875
1 0.2406957796875 0.171235528125 0.23852939375 0.1998774390625 0.2824331296875 0.20166965625 0.2845995171875 0.1730277453125 0.2406957796875 0.171235528125
1 0.2416262265625 0.08032237343750001 0.23984105625000002 0.1039242109375 0.29379729062500004 0.1061267859375 0.2955824609375 0.0825249484375 0.2416262265625 0.08032237343750001
1 0.0652662078125 0.07735183906250001 0.0637043625 0.098001096875 0.12727219375 0.10059603125000001 0.1288340390625 0.0799467734375 0.0652662078125 0.07735183906250001
1 0.060035785937499996 0 0.0590384875 0.013185323437499999 0.1138765203125 0.0154238953125 0.1150431359375 0 0.060035785937499996 0
1 0.23524237343749999 0.00074363125 0.23350651406249998 0.02369351875 0.2800556453125 0.0255937234375 0.281791503125 0.0026438375 0.23524237343749999 0.00074363125