1 0.8574348671875001 0 0.817863871875 0.0121006828125 0.8233000781250001 0.0357998453125 0.8744414203125 0.020160987499999998 0.869816815625 0 0.8574348671875001 0
1 0.8368774406249999 0.080814715625 0.8431812609374999 0.1082962578125 0.88559115625 0.09532744843749999 0.879287334375 0.06784590625 0.8368774406249999 0.080814715625
1 0.8529877484374999 0.14871999687499998 0.8577653656249999 0.169548046875 0.9078988515624999 0.1542173875 0.9031212343749999 0.13338933749999998 0.8529877484374999 0.14871999687499998
1 0.74132878125 0.1838835515625 0.7456697265625001 0.202807928125 0.7912828171874999 0.18885959218749998 0.7869418718750001 0.169935215625 0.74132878125 0.1838835515625
1 0.7143269453125 0.11812327656249999 0.719070203125 0.13880153125 0.7675970999999999 0.1239621625 0.7628538453125 0.1032839078125 0.7143269453125 0.11812327656249999
1 0.6959081671875 0.0472769875 0.7003450359375 0.0666195484375 0.751526296875 0.050968484375 0.7470894265625 0.031625921875000004 0.6959081671875 0.0472769875
1 0.5721938421874999 0 0.531865084375 0.012332403124999999 0.536977721875 0.0346209765625 0.5947849046875 0.016943728124999998 0.5908982875000001 0 0.5721938421874999 0
1 0.557792003125 0.08993326562500001 0.561994071875 0.10825221249999999 0.62105858125 0.0901904765625 0.6168565125 0.0718715296875 0.557792003125 0.08993326562500001
1 0.5825263890625 0.1670605375 0.5875230578124999 0.188843546875 0.639372896875 0.1729880328125 0.634376228125 0.1512050234375 0.5825263890625 0.1670605375
1 0.607037146875 0.2290138921875 0.61188635 0.2501540203125 0.6655024375 0.23375839375 0.660653234375 0.21261826562500002 0.607037146875 0.2290138921875
1 0.62668254375 0.28397894687499997 0.6318195203125 0.3063736265625 0.680126884375 0.291601390625 0.6749899078125 0.2692067109375 0.62668254375 0.28397894687499997
1 0.7706783625 0.2457031 0.774727240625 0.2633542015625 0.817675990625 0.2502206125 0.8136271125000001 0.23256951093749997 0.7706783625 0.2457031
1 0.859374621875 0.216716528125 0.86391600625 0.23651472187499997 0.9156959921875 0.22068056875000003 0.91115460625 0.200882375 0.859374621875 0.216716528125
1 0.879043671875 0.2741356953125 0.8841462890624999 0.296380578125 0.9279532140625 0.2829845625 0.9228506 0.2607396796875 0.879043671875 0.2741356953125
1 0.7643231671875 0.305402940625 0.768790103125 0.3248765765625 0.8214881374999999 0.30876168593750003 0.8170212015624999 0.2892880515625 0.7643231671875 0.305402940625
1 0.6472957 0.3407654234375 0.65199886875 0.3612689140625 0.700176509375 0.346536346875 0.695473340625 0.32603285625 0.6472957 0.3407654234375
1 0.890259534375 0.323636525 0.8950056546875 0.3443272609375 0.9503281156250001 0.3274098296875 0.9455819968749999 0.30671909375 0.890259534375 0.323636525
1 0.889118171875 0.38241660624999996 0.893317378125 0.4007230703125 0.9464943984374999 0.384461709375 0.9422951906250001 0.3661552453125 0.889118171875 0.38241660624999996
1 0.793169425 0.4104883453125 0.798367965625 0.4331514125 0.8409474984375 0.4201307265625 0.8357489578124999 0.3974676625 0.793169425 0.4104883453125
1 0.7714734078125 0.360805878125 0.7768365937499999 0.384186721875 0.8340949406249999 0.366677303125 0.8287317546875 0.343296459375 0.7714734078125 0.360805878125
1 0.6636474984375 0.39377869374999996 0.6700272 0.4215910390625 0.7288322593750001 0.403608640625 0.7224525578125001 0.3757962953125 0.6636474984375 0.39377869374999996
1 0.6874259578124999 0.45256286562500003 0.6909723046875 0.46802318437499996 0.74269241875 0.45220734062499995 0.7391460734375 0.43674702187500003 0.6874259578124999 0.45256286562500003
1 0.8069295375 0.46810138281249997 0.8100563921875 0.4817329265625 0.8508597015625 0.46925540625 0.8477328453125 0.45562386093749996 0.8069295375 0.46810138281249997
1 0.9032511796874999 0.43695331406250004 0.907756771875 0.4565954703125 0.9442292812499999 0.4454422953125 0.9397236890625 0.4258001390625 0.9032511796874999 0.43695331406250004
1 0.911710875 0.4974596203125 0.9161964234375001 0.51701439375 0.9590054703125 0.5039235265625 0.954519921875 0.48436875312499994 0.911710875 0.4974596203125
1 0.9256027375 0.557998003125 0.9296745234375001 0.5757489687499999 0.9775428203125 0.5611109984375 0.9734710359375001 0.54336003125 0.9256027375 0.557998003125
1 0.9841016734375 0.6248135453125 0.9842193859374999 0.6197561234375 0.980300484375 0.60267164375 0.9321827171875 0.6173859 0.9371779546875001 0.6391626671874999 0.9841016734375 0.6248135453125
1 0.983188821875 0.6640333703125 0.9536226203125 0.6730746203125 0.9584947296875 0.6943146140625001 0.9826559859374999 0.6869261796874999 0.983188821875 0.6640333703125
1 0.8698020859375 0.7634931421875 0.873999859375 0.7817933640625 0.9130369203124999 0.76985595625 0.9088391453125 0.751555734375 0.8698020859375 0.7634931421875
1 0.844175503125 0.7107812515624999 0.8482845125 0.7286944984375 0.8949154390625 0.7144349109375 0.8908064296875 0.696521665625 0.844175503125 0.7107812515624999
1 0.83220419375 0.653890284375 0.8381128609375 0.679649159375 0.882468621875 0.6660853109375 0.8765599546875 0.640326434375 0.83220419375 0.653890284375
1 0.825598325 0.5873132921875001 0.8312550125 0.611973653125 0.8814284125 0.5966307890625 0.8757717250000001 0.5719704265625001 0.825598325 0.5873132921875001
1 0.8134143296874999 0.5270975859375 0.8181117703125 0.5475761109375 0.87182764375 0.5311499703125 0.8671302015625001 0.5106714453125 0.8134143296874999 0.5270975859375
1 0.752834125 0.8030721421875 0.7579238546875 0.8252608499999999 0.7989866109375 0.8127039921874999 0.7938968796875 0.7905152828124999 0.752834125 0.8030721421875
1 0.73666976875 0.7515277874999999 0.7410894578125 0.7707954499999999 0.7937974750000001 0.754677509375 0.789377784375 0.7354098453125 0.73666976875 0.7515277874999999
1 0.7339206125 0.6852141656249999 0.73952289375 0.7096373484375 0.7913328171875 0.693794040625 0.7857305343750001 0.6693708578125 0.7339206125 0.6852141656249999
1 0.6198407031250001 0.7925037171875 0.6245868203125 0.8131944531249999 0.67504960625 0.7977630953125 0.6703034890625 0.777072359375 0.6198407031250001 0.7925037171875
1 0.6287891296875 0.8456668953124999 0.6338960421875 0.8679305046874999 0.685496409375 0.8521512781249999 0.6803895 0.82988766875 0.6287891296875 0.8456668953124999
1 0.6029202734375 0.732891459375 0.6081946953124999 0.755885328125 0.65600311875 0.7412656656250001 0.6507286984375 0.718271796875 0.6029202734375 0.732891459375
1 0.5812232921875 0.6713567609375 0.586881409375 0.6960233625 0.6417747828125 0.679237146875 0.6361166640625 0.65457054375 0.5812232921875 0.6713567609375
1 0.5723455921875 0.61140241875 0.57735228125 0.63322911875 0.6327545734375 0.616287275 0.6277478828125 0.5944605765625 0.5723455921875 0.61140241875
1 0.712913984375 0.5629099234375 0.7175040484374999 0.58292033125 0.755144075 0.5714101312500001 0.7505540125 0.5513997234375 0.712913984375 0.5629099234375
1 0.7286805734375 0.624568240625 0.7335397984375 0.645752059375 0.7740936375 0.6333508265625001 0.7692344109375 0.61216700625 0.7286805734375 0.624568240625
1 0.697541190625 0.5053658999999999 0.7013810375 0.5221057359375 0.7492692921875 0.5074616625 0.7454294453125 0.49072182656249996 0.697541190625 0.5053658999999999
1 0.561517446875 0.55712083125 0.5661561875000001 0.5773434546875 0.6149724734375 0.5624155921875 0.61033373125 0.54219296875 0.561517446875 0.55712083125
1 0.5393666140625 0.4936075609375 0.545205128125 0.5190606015625 0.6061755890625 0.50041603125 0.6003370734375 0.474962990625 0.5393666140625 0.4936075609375
1 0.5192566703125 0.43666386562500004 0.5246799890625 0.4603068546875 0.5890632 0.4406186765625 0.58363988125 0.4169756875 0.5192566703125 0.43666386562500004
1 0.510082759375 0.3848453953125 0.5159613625 0.4104731984375 0.5638995109375 0.3958138671875 0.5580209093749999 0.3701860640625 0.510082759375 0.3848453953125
1 0.498887403125 0.3289862234375 0.5042004796875 0.3521486140625 0.5493545453124999 0.338340646875 0.5440414687499999 0.31517825625 0.498887403125 0.3289862234375
1 0.4657813421875 0.269667965625 0.4724903359375 0.298915865625 0.5314351 0.28089074687500004 0.5247261046875 0.25164284531250003 0.4657813421875 0.269667965625
1 0.451082665625 0.20556572499999998 0.4555066515625 0.22485211249999998 0.5100308078125 0.20817880312499998 0.5056068218750001 0.188892415625 0.451082665625 0.20556572499999998
1 0.4246195078125 0.12092515468750001 0.43062553281250004 0.1471084546875 0.48033990937500004 0.1319059578125 0.474333884375 0.10572265781250001 0.4246195078125 0.12092515468750001
1 0.3958958875 0.04286368125 0.40094839374999997 0.064890109375 0.4583264859375 0.0473440734375 0.4532739828125 0.025317645312499998 0.3958958875 0.04286368125
1 0.25674091250000003 0.0801067328125 0.2627039875 0.10610278437500001 0.31437420625 0.09030219843750001 0.308411134375 0.0643061453125 0.25674091250000003 0.0801067328125
1 0.2718739921875 0.16295534843749998 0.276873525 0.18475083750000001 0.33090872031249996 0.16822705 0.3259091890625 0.14643155937500002 0.2718739921875 0.16295534843749998
1 0.2926669703125 0.24152166875 0.29940316718750004 0.270888159375 0.3492372875 0.2556490453125 0.34250109218749997 0.22628255312499998 0.2926669703125 0.24152166875
1 0.3215170546875 0.3160144265625 0.3282031421875 0.3451624625 0.37108204218749996 0.3320502328125 0.3643959546875 0.302902196875 0.3215170546875 0.3160144265625
1 0.3285996484375 0.38308685625 0.3344496171875 0.40858982812500005 0.39074999843749997 0.391373353125 0.3849000296875 0.36587038125000004 0.3285996484375 0.38308685625
1 0.3504569890625 0.43915221875 0.355655528125 0.46181528437499997 0.41485974218750005 0.44371082656249994 0.4096612015625 0.42104775937500005 0.3504569890625 0.43915221875
1 0.375600353125 0.4974622328125 0.38052400625 0.518926921875 0.430348146875 0.503690859375 0.425424496875 0.48222617031250004 0.375600353125 0.4974622328125
1 0.3815927578125 0.5567559546874999 0.387047571875 0.580536259375 0.4375203359375 0.5651018515625 0.43206551875 0.541321546875 0.3815927578125 0.5567559546874999
1 0.3921700609375 0.611945828125 0.3985497609375 0.639758171875 0.443693846875 0.62595325625 0.4373141453125 0.5981409125 0.3921700609375 0.611945828125
1 0.40936517187500004 0.67485050625 0.41401250312500004 0.695110575 0.46061349375000005 0.68086014375 0.45596616250000005 0.6606000734374999 0.40936517187500004 0.67485050625
1 0.42283197499999997 0.7275303546874999 0.42847434375000004 0.7521283015625 0.4745863734375 0.738027390625 0.468944003125 0.7134294453125001 0.42283197499999997 0.7275303546874999
1 0.4363343546875 0.78939680625 0.4427627328125 0.8174213625 0.4911399515625 0.802627765625 0.48471157187499997 0.7746032078125 0.4363343546875 0.78939680625
1 0.4528851203125 0.8524951843749999 0.45861625625 0.87748010625 0.5082807359375 0.8622928671875 0.5025496015625001 0.8373079453125 0.4528851203125 0.8524951843749999
1 0.46552282500000003 0.9075893390625 0.4719984515625 0.9358198703125 0.5168132359375 0.9221156515625 0.5103376109375 0.8938851234375 0.46552282500000003 0.9075893390625
1 0.33188538749999996 0.9793142484375 0.32805476875 0.9626146484375001 0.281403884375 0.9768803390624999 0.2826203703125 0.9821836078124999 0.33188538749999996 0.9793142484375
1 0.12826542968750002 0.9911737593750001 0.144011771875 0.990256640625 0.1796735234375 0.9793513921875 0.172593715625 0.9484869296875 0.1220211640625 0.9639518515625 0.12826542968750002 0.9911737593750001
1 0.11453043593750001 0.8980796062499999 0.1224005453125 0.932389403125 0.169091346875 0.91811150625 0.161221234375 0.883801709375 0.11453043593750001 0.8980796062499999
1 0.10253564531249999 0.84278550625 0.10885521406250001 0.87033570625 0.161363653125 0.8542787953125 0.155044084375 0.8267285953125001 0.10253564531249999 0.84278550625
1 0.10146799687500001 0.7868517265625 0.10788205937499999 0.8148138656249999 0.154253534375 0.80063361875 0.14783947343749998 0.7726714765625 0.10146799687500001 0.7868517265625
1 0.0802244171875 0.7214045375 0.087219753125 0.7519007484375 0.13455917343749998 0.7374245046875 0.1275638359375 0.70692829375 0.0802244171875 0.7214045375
1 0.07554116093749999 0.6676551125 0.08058507499999999 0.6896440921875 0.1256293734375 0.6758696921875 0.1205854578125 0.6538807109375 0.07554116093749999 0.6676551125
1 0.0544005078125 0.608662109375 0.06067569375 0.636018821875 0.107985178125 0.621551734375 0.101709990625 0.5941950234375 0.0544005078125 0.608662109375
1 0.0314100609375 0.5415816546875 0.038081831249999996 0.570667275 0.0876465234375 0.555510553125 0.08097475312499999 0.5264249328124999 0.0314100609375 0.5415816546875
1 0.011668365625 0.48270522343750005 0.0187138125 0.5134198890625 0.07733925625 0.4954924171875 0.070293809375 0.4647777515625 0.011668365625 0.48270522343750005
1 0.0021803078125 0.41420092343750003 0.007280059375 0.43643332343749996 0.05119675312500001 0.4230037390625 0.0460970015625 0.40077134062499997 0.0021803078125 0.41420092343750003
1 0.1574019546875 0.3667413234375 0.1623155828125 0.388162321875 0.21022379687499998 0.3735121453125 0.2053101671875 0.352091146875 0.1574019546875 0.3667413234375
1 0.1750066140625 0.4284286875 0.1818659375 0.45833195 0.22896586718749998 0.44392894375 0.22210654375 0.41402568124999994 0.1750066140625 0.4284286875
1 0.18992363750000002 0.49041025312500003 0.196618315625 0.5195957359375 0.2463027546875 0.5044023953125001 0.23960807812499998 0.4752169109375 0.18992363750000002 0.49041025312500003
1 0.19472407187500002 0.5506061640625 0.20183394531249998 0.5816016984375 0.24376485625000002 0.5687793625 0.23665498281250003 0.5377838265625 0.19472407187500002 0.5506061640625
1 0.208781409375 0.605813909375 0.216956475 0.64145315625 0.2680978203125 0.6258142984374999 0.2599227546875 0.5901750515625 0.208781409375 0.605813909375
1 0.2325464265625 0.673198534375 0.23872425625 0.7001308171875 0.28533522499999997 0.685877334375 0.27915739375 0.6589450484375 0.2325464265625 0.673198534375
1 0.266387665625 0.7272256796875001 0.2720300375 0.7518236265625 0.3115261234375 0.73974585 0.305883753125 0.7151479046875 0.266387665625 0.7272256796875001
1 0.2595113359375 0.7877494781250001 0.265707778125 0.8147629046875 0.3084369953125 0.8016964484375 0.302240553125 0.7746830203124999 0.2595113359375 0.7877494781250001
1 0.2626135234375 0.8495501046875 0.268808534375 0.8765572890625 0.3210774828125 0.8605736140625 0.3148824703125 0.833566428125 0.2626135234375 0.8495501046875
1 0.267756671875 0.9172222906249999 0.2734448578125 0.9420199671875 0.31036641249999997 0.9307294734375 0.304678228125 0.9059317984374999 0.267756671875 0.9172222906249999
1 0.1235511734375 0.29235171875 0.1304520171875 0.3224359875 0.18708170156249998 0.30511881406249997 0.18018085781249998 0.2750345453125 0.1235511734375 0.29235171875
1 0 0.363670346875 0.0321342921875 0.3538437828125 0.027472643749999998 0.3335213 0 0.3419223453125 0 0.363670346875
1 0 0.2850475765625 0.0110855453125 0.281657653125 0.0052183953125000005 0.256079784375 0 0.257675553125 0 0.2850475765625
1 0.11645718281249999 0.21757145000000003 0.12299866718750001 0.246089090625 0.1677136671875 0.2324153875 0.16117218125 0.203897746875 0.11645718281249999 0.21757145000000003
1 0.0897117546875 0.1291398265625 0.0951021421875 0.1526392609375 0.1500553875 0.1358347359375 0.1446649984375 0.1123353015625 0.0897117546875 0.1291398265625