1 0.12272838125 0.033661253125 0.16972997343750001 0.0342403296875 0.1818567609375 0.024050003125 0.1892555375 0.012025728125 0.18367870625 0.0106899859375 0.1199845046875 0.0163236546875 0.1139616578125 0.020882909375 0.1140806359375 0.0300310609375 0.12272838125 0.033661253125
1 0.1175856515625 0.1047248484375 0.12768103749999998 0.10757090625000001 0.1544352078125 0.1077433046875 0.171046725 0.1026023765625 0.1771506640625 0.09697130312499999 0.1658374765625 0.085687575 0.123523346875 0.08747835468750001 0.1265197640625 0.0886940671875 0.12418211875 0.0977225390625 0.1175856515625 0.1047248484375
1 0.11719271406250001 0.1925918890625 0.13865388125 0.1876771828125 0.14140308125 0.183503021875 0.137767175 0.177955415625 0.1213610546875 0.1696609203125 0.11149956718750001 0.1713521140625 0.097796775 0.18093112656250002 0.1004622203125 0.18858466406250002 0.11719271406250001 0.1925918890625
1 0.081569434375 0.2667600015625 0.089489996875 0.269280671875 0.1284493859375 0.268946803125 0.1444959078125 0.2605527203125 0.136818625 0.25481659687499997 0.11119710625000001 0.2503946328125 0.0892520390625 0.2509843640625 0.0833508328125 0.25393589375 0.07946898125 0.2623596203125 0.081569434375 0.2667600015625
1 0.23018903281249997 0.20001401093750001 0.2641771328125 0.2010616484375 0.2839812 0.19660744531250002 0.277879921875 0.1914826375 0.2438944859375 0.1796791203125 0.220857315625 0.1839825109375 0.2185514703125 0.193017553125 0.22380392656249998 0.1986405671875 0.23018903281249997 0.20001401093750001
1 0.2248341875 0.2815098546875 0.2588222859375 0.2825574921875 0.264036859375 0.2779605328125 0.2655749765625 0.268351878125 0.2572110609375 0.260970325 0.2442381125 0.26090297812499996 0.2180489375 0.2639837375 0.21388325937500002 0.2761588265625 0.2248341875 0.2815098546875
1 0.2416857046875 0.12310706874999999 0.27308679062499996 0.12618523125 0.28209945625 0.1249922421875 0.29139594999999996 0.12004789375 0.2917203234375 0.115760621875 0.25814035625 0.0985980171875 0.25248243125 0.0983340921875 0.238133553125 0.10573176718749999 0.2365548875 0.11587632968749999 0.2416857046875 0.12310706874999999
1 0.29699141406249996 0.0460924765625 0.3061662671875 0.0427558546875 0.3069366578125 0.0325735875 0.2993810171875 0.0252297375 0.2702425671875 0.024408320312500002 0.2637737046875 0.034862571875 0.26546868749999997 0.044622040625 0.29699141406249996 0.0460924765625
1 0.41427238906249997 0.050487665625 0.42340669531249997 0.04768695 0.41981399843749995 0.0308475546875 0.394676378125 0.030750565624999997 0.381500696875 0.0333627640625 0.381254753125 0.047334095312500005 0.41427238906249997 0.050487665625
1 0.345469284375 0.12364584375000001 0.3517732984375 0.12609110625 0.37909246093750004 0.1295166609375 0.40669811562499997 0.118434971875 0.40055628906249996 0.11384607499999999 0.3830986140625 0.1087293265625 0.354971175 0.10526606875 0.34656405 0.10917630625000001 0.344582578125 0.1139240765625 0.345469284375 0.12364584375000001
1 0.3532874578125 0.21328536874999998 0.3732105078125 0.21797931718750002 0.3884487546875 0.2095475296875 0.3903896796875 0.20533566718750002 0.3858238578125 0.20135808437499997 0.3573341578125 0.1919621265625 0.3540199640625 0.19288312968750002 0.34892703125 0.1958723625 0.34952991093749997 0.2093454890625 0.3532874578125 0.21328536874999998
1 0.3473676203125 0.291528053125 0.3654740453125 0.288070259375 0.375822096875 0.27994816093749997 0.36014315625000004 0.27276318593750004 0.334156715625 0.27316440000000003 0.32590911562499997 0.28568688125 0.336900590625 0.290502 0.3473676203125 0.291528053125
1 0.37693611250000003 0.3509897515625 0.3859919875 0.338504975 0.380698984375 0.33341787031250003 0.33870922812500004 0.33092138125 0.3302615578125 0.335367525 0.324722609375 0.344251753125 0.3365223609375 0.3491045765625 0.37693611250000003 0.3509897515625
1 0.307611221875 0.40960298437500003 0.3545343828125 0.40049799999999997 0.3643985328125 0.388050925 0.34366721093749997 0.3833192734375 0.30882762656249996 0.393525721875 0.3009044015625 0.40176093125 0.3028832125 0.40776903750000004 0.307611221875 0.40960298437500003
1 0.23645844375 0.34228570937499997 0.2449466609375 0.3373036578125 0.228621634375 0.3279373421875 0.2092230328125 0.327032459375 0.2058277453125 0.32902528124999997 0.2042896296875 0.3386339359375 0.22013075468749999 0.343675275 0.23645844375 0.34228570937499997
1 0.11214627343750001 0.3343357375 0.1180474796875 0.331384209375 0.12091832031250001 0.3256023234375 0.1140493140625 0.319903903125 0.09303416249999999 0.31892361406249997 0.0728643484375 0.3166616890625 0.07827433125 0.3326305859375 0.11214627343750001 0.3343357375
1 0.0857789390625 0.404095409375 0.10598581562500001 0.405037996875 0.14211757187500001 0.399194228125 0.1129817859375 0.3876169328125 0.0789531421875 0.387105203125 0.088895175 0.39635758593750003 0.07224099843750001 0.40077490625 0.0857789390625 0.404095409375
1 0.0944539203125 0.460969090625 0.113206434375 0.4596926359375 0.113530809375 0.455405365625 0.1045208046875 0.4458424734375 0.07134098125 0.44483253906250003 0.065802034375 0.45371676875 0.0703678578125 0.45769434999999997 0.0944539203125 0.460969090625
1 0.0872877765625 0.51280143125 0.11295250625 0.50593160625 0.10923550625 0.5014558171875 0.07250086875 0.49382646093749993 0.051604695312500004 0.501994325 0.0495421296875 0.5078139140625 0.0872877765625 0.51280143125
1 0.079759371875 0.5587010703125 0.1027154484375 0.5554694984374999 0.080975778125 0.5426238078125001 0.059071259375 0.5426776296875 0.0534106703125 0.5531695859375 0.061977323437499995 0.5578715937500001 0.079759371875 0.5587010703125
1 0.0765913953125 0.6220137171875 0.089929265625 0.6172578843750001 0.088153190625 0.608570234375 0.08500118437500001 0.6073476015625 0.056752103124999995 0.605492071875 0.0524269 0.609054915625 0.053191965625000004 0.6203844078125 0.0765913953125 0.6220137171875
1 0.056246909375 0.687214134375 0.0866801953125 0.68164235 0.0918542171875 0.6775813 0.0857934875 0.671920584375 0.076256375 0.66932450625 0.038994628125 0.6686619640625 0.0318391328125 0.6774707859375 0.0363644078125 0.6819842765625 0.056246909375 0.687214134375
1 0.05606875 0.753893046875 0.080441303125 0.7426605453125 0.045079935937499996 0.7383220484375 0.0325908890625 0.742579675 0.0313365984375 0.7484369671875 0.05606875 0.753893046875
1 0.042074146875 0.7994910578125001 0.06393811875 0.7999731453125001 0.07472952187500001 0.7967119281249999 0.078286996875 0.792575471875 0.07452945 0.78863559375 0.0510489265625 0.7880781 0.044501632812500004 0.7888482906250001 0.038438240624999995 0.793943453125 0.042074146875 0.7994910578125001
1 0.0262954796875 0.8686690578125 0.047270084375 0.8701852578124999 0.07135881093749999 0.86270411875 0.072491459375 0.8584545515625001 0.059318440625 0.85031086875 0.0260169765625 0.8509086609375001 0.0202374109375 0.8522524640625001 0.0168800078125 0.8644652562499999 0.0262954796875 0.8686690578125
1 0.047943409375 0.9256100859374999 0.06859630156249999 0.9206576765625 0.0654875046875 0.90814325625 0.0194969203125 0.904922340625 0.026749128125 0.9152175859374999 0.0143202328125 0.9197392703125 0.047943409375 0.9256100859374999
1 0.1940517671875 0.8813345625 0.2005990609375 0.8805643734374999 0.20326716875 0.8774620296875 0.1988635328125 0.8713408125000001 0.18140585781250002 0.8662240656250001 0.1564304234375 0.8639834421874999 0.1637697078125 0.8682460734375 0.161652525 0.8743608140625 0.154365196875 0.8805589093749999 0.1940517671875 0.8813345625
1 0.156778125 0.9242070453125001 0.15164589687500002 0.9272206796875 0.1854312609375 0.9309478625000001 0.19880967656249998 0.9256561203125001 0.205762440625 0.9195268421874999 0.1963875140625 0.9147871296875 0.1528217546875 0.911679325 0.1557632015625 0.9157531750000001 0.16749563750000002 0.9210519765624999 0.156778125 0.9242070453125001
1 0.28892835 0.9459938781250001 0.296567746875 0.9415100296875 0.29054756406250004 0.9353134046875 0.2762824390625 0.9308833812499999 0.2510637265625 0.9318582078125001 0.244110965625 0.9379874859375 0.2503338828125 0.9415045671875 0.28892835 0.9459938781250001
1 0.273827715625 0.8882826609375 0.2917719546875 0.8869685015625001 0.2977542546875 0.8829451562499999 0.29419944062500003 0.876325734375 0.27104329374999997 0.8714809703125 0.2642527171875 0.8754666125 0.263482328125 0.885648878125 0.273827715625 0.8882826609375
1 0.28867380468750004 0.8314305640624999 0.3069018703125 0.8263650437500001 0.3040742375 0.8208551421875001 0.292315034375 0.815466409375 0.2811613703125 0.8127949265625001 0.26895615156249997 0.813301190625 0.259862390625 0.815565996875 0.25614272968749996 0.8218460890625 0.28867380468750004 0.8314305640624999
1 0.1764452125 0.8245820531250001 0.20118002656249998 0.8192822515625 0.2050618765625 0.8108585250000001 0.199768871875 0.8057714203125 0.1699032421875 0.8038404828125 0.1638398484375 0.8089356484374999 0.16565647187500002 0.8170873890625 0.1764452125 0.8245820531250001
1 0.15047740468749998 0.749692109375 0.1482958609375 0.746363546875 0.1440922984375 0.748318665625 0.1450600984375 0.7569686124999999 0.1498286546875 0.7582666515625001 0.15047740468749998 0.749692109375
1 0.182684103125 0.76356385625 0.197597975 0.7594193390624999 0.197881803125 0.755667978125 0.18054576875 0.7489435046875 0.1571463390625 0.7473141953125 0.1553676015625 0.749382421875 0.153021209375 0.758953375 0.1560515734375 0.76178373125 0.182684103125 0.76356385625
1 0.293417784375 0.7687292328125 0.2993595390625 0.7652417953125 0.29673463906249997 0.75705235 0.2660607359375 0.7550837078125 0.263471059375 0.7678701125 0.272159353125 0.7709643953125 0.293417784375 0.7687292328125
1 0.242100396875 0.40708491249999995 0.225250921875 0.3939295328125 0.201327046875 0.3885111578125 0.1986183921875 0.39214940781249996 0.2024949203125 0.4052374421875 0.240967746875 0.41133447968750003 0.242100396875 0.40708491249999995
1 0.196458765625 0.46357609375 0.22640548749999997 0.4644352140625 0.228386959375 0.4596874421875 0.2249537859375 0.45146029218750006 0.196180259375 0.445815696875 0.187935321875 0.4475822984375 0.18365066562500001 0.4506092328125 0.18320465 0.45650422968750004 0.196458765625 0.46357609375
1 0.225662334375 0.5278609703125 0.23079581249999997 0.5243358312499999 0.230352459375 0.5194749468750001 0.21491680156249998 0.50907451875 0.19095237812500002 0.5041920546875 0.1896143328125 0.5218770453125 0.21503311875 0.528978553125 0.225662334375 0.5278609703125
1 0.17719306875000002 0.5788422515625 0.21130280781250002 0.5782821640625 0.22254022812500002 0.5691259484375 0.2202775890625 0.566869203125 0.2041931828125 0.5650433171875 0.17824728750000002 0.5649086234375 0.1714567125 0.568894265625 0.170161875 0.5752874671875 0.17719306875000002 0.5788422515625
1 0.199689821875 0.6352850734375 0.212462696875 0.6272760859375001 0.1998141234375 0.6229214671875 0.174757596875 0.621752659375 0.17043239375000002 0.6253155031250001 0.1697836453125 0.6338900453125 0.199689821875 0.6352850734375
1 0.1980167546875 0.700280853125 0.20363679375000002 0.6903248078125 0.20141470312499998 0.6875321515625 0.1652045140625 0.683691859375 0.1649585703125 0.6976631921875 0.187346990625 0.7019343421875 0.1980167546875 0.700280853125
1 0.2857132640625 0.7097496203125 0.2973129421875 0.706526109375 0.29844559375 0.7022765421875 0.28595920625 0.6957782875 0.26914761875000004 0.69284288125 0.26417632812499997 0.6942243859375 0.257142471875 0.70142548125 0.2688611296875 0.7073501203125 0.2857132640625 0.7097496203125
1 0.2647546328125 0.6436981453125 0.2938525328125 0.6450554703125 0.3046033890625 0.6423301625 0.3053332328125 0.632683803125 0.27219395625 0.631137959375 0.26475729375 0.6329422640625 0.261118725 0.6381505375 0.2647546328125 0.6436981453125
1 0.3018674984375 0.592724925 0.3233692125 0.5872743078125 0.3332333609375 0.5748272359375 0.294233425 0.5756970124999999 0.2884538609375 0.5770408140625001 0.2862291078125 0.585004040625 0.3018674984375 0.592724925
1 0.30557855625 0.4579101859375 0.29919345 0.456536740625 0.2981418921875 0.45971448906249995 0.303515990625 0.463729775 0.30557855625 0.4579101859375
1 0.33802853593750004 0.4685664765625 0.353023503125 0.4633501421875 0.34211312031249996 0.45746320625000003 0.3138640390625 0.455607675 0.3109932015625 0.46138956249999996 0.317135025 0.46597846093750006 0.33802853593750004 0.4685664765625
1 0.3341712625 0.5409895734375 0.3434677578125 0.5360452234374999 0.34330823125 0.5274329796874999 0.332357303125 0.5220819515625 0.3164350828125 0.5181124296874999 0.30006684687499996 0.520037903125 0.2952956296875 0.52949574375 0.29783943125 0.5387570078125 0.3341712625 0.5409895734375
1 0.5183371359375 0.05803095781249999 0.538665653125 0.05736581875 0.56707958125 0.0463218359375 0.5556447515625 0.0366458328125 0.5035502265625 0.039055989062500004 0.5001549390625 0.041048809375 0.501768828125 0.0518800984375 0.5183371359375 0.05803095781249999
1 0.5158910171875 0.143964884375 0.5274906953125 0.140741371875 0.5278150687500001 0.13645410156249999 0.523895334375 0.1346578578125 0.47439048437500003 0.12428160937499999 0.4675593625 0.128803159375 0.46977879062500005 0.14235169375 0.5158910171875 0.143964884375
1 0.4534324703125 0.2190324171875 0.478570090625 0.21912940781249998 0.5035076375 0.2111500625 0.5029020984375 0.208432815625 0.47425021093749997 0.20118049375 0.45133468125 0.20387615625 0.44587682968750003 0.21168856875 0.4471284578125 0.21658715625 0.4534324703125 0.2190324171875
1 0.4794002796875 0.293922359375 0.5043378265625 0.2859430140625 0.5007424671875 0.2798595015625 0.4887399828125 0.27768622187499997 0.45054832187500005 0.2785937015625 0.44375774687499997 0.28257934375 0.44844254687499996 0.29570508125 0.4794002796875 0.293922359375
1 0.46693580937499995 0.3621793578125 0.4852449671875 0.3560420171875 0.4839527921875 0.351679340625 0.4456827 0.342902759375 0.4376810421875 0.34145390625 0.4293550125 0.34429232656250003 0.42462433906249997 0.35321425624999997 0.4466883859375 0.361772678125 0.46693580937499995 0.3621793578125
1 0.4352349234375 0.4273878328125 0.45111925781249995 0.42113738593749994 0.4514436328125 0.41685011562499996 0.43754343125000006 0.40759691093750006 0.407837328125 0.41427821875 0.4018144796875 0.41883747343750005 0.40605592812499997 0.427102325 0.4352349234375 0.4273878328125
1 0.4447587265625 0.483763309375 0.4563989515625 0.4800038875 0.45910760625 0.47636563593750003 0.41582567499999995 0.46950646875 0.409843375 0.4735298140625 0.410770628125 0.48271567187500003 0.4447587265625 0.483763309375
1 0.45670735625000003 0.54025189375 0.470085771875 0.534960153125 0.4666525984375 0.526733003125 0.4327050484375 0.52514945625 0.4232058203125 0.53277335 0.4316508296875 0.5390830859375 0.45670735625000003 0.54025189375
1 0.42545248593749996 0.599565375 0.44986292343749995 0.5985528437500001 0.461543696875 0.5942575125 0.46061644375000005 0.58507165625 0.43071026718749994 0.5836766265625 0.419635034375 0.59068920625 0.42076502343750005 0.59719551875 0.42545248593749996 0.599565375
1 0.45623738437499994 0.6429498078125 0.457694409375 0.6344129703125 0.4239495921875 0.6301498796875 0.41861337968749995 0.6363545640625 0.41873235781249996 0.6455027171875 0.447830259375 0.6468600421875 0.45623738437499994 0.6429498078125
1 0.451009503125 0.7013261640625 0.47748250781249996 0.6944940421875 0.45533736874999997 0.687007440625 0.4287453859375 0.6846914078124999 0.4204599015625 0.68699391875 0.41576977656249997 0.695379940625 0.4267612515625 0.700195059375 0.451009503125 0.7013261640625
1 0.4376935484375 0.78083724375 0.4521235203125 0.772367753125 0.4516396203125 0.7680427796875 0.4430324234375 0.76387668125 0.4068627796875 0.75950048125 0.40285929062500003 0.769531934375 0.4048381 0.7755400406249999 0.4376935484375 0.78083724375
1 0.4077740625 0.8332216140625001 0.4271321171875 0.8346624078125 0.45449448906249995 0.826796171875 0.4389777375 0.8174675625000001 0.418649221875 0.8181327015625 0.4071306375 0.8202843968750001 0.40324878750000004 0.828708121875 0.4077740625 0.8332216140625001
1 0.4029489875 0.8969947625 0.4328957125 0.8978538828125 0.45249970937499995 0.88532334375 0.4367396765625 0.879210184375 0.41483515468750004 0.879264009375 0.3986669953125 0.88926581875 0.39902925312500004 0.8951985171875 0.4029489875 0.8969947625
1 0.4212016296875 0.9559286109375 0.4303359359375 0.9531278953125 0.43033859999999996 0.9423720171875001 0.41926602968750004 0.938628715625 0.401524525 0.9372633296874999 0.39335801875 0.9487139921875001 0.3962667453125 0.9531520765625 0.4212016296875 0.9559286109375
1 0.5485036187500001 0.9672448499999999 0.5732357703125001 0.9727009296875 0.580672434375 0.9708966234374999 0.5841893609375 0.9672960765624999 0.5830188265625 0.961325671875 0.5729572640625 0.9549405312499999 0.560105959375 0.9532654562499999 0.5501633781249999 0.9560284671874999 0.5449488046875001 0.9606254249999999 0.5485036187500001 0.9672448499999999
1 0.5913149578125 0.9159996453125 0.5935802578125 0.9075005109375001 0.5876817140624999 0.8996961593749999 0.5749925953125 0.8958774500000001 0.5555129 0.8960443859374999 0.545043209375 0.9057742109375001 0.5495279359375 0.9108236125 0.5913149578125 0.9159996453125
1 0.59016039375 0.8454939640625 0.5905658640625 0.8401348750000001 0.580504303125 0.8337497328125 0.5678557296875 0.8293951156249999 0.5589241578124999 0.8295162843749999 0.5521714671875 0.8437219015625 0.5792473499999999 0.85036290625 0.59016039375 0.8454939640625
1 0.5962344359375 0.79737528125 0.6063392046875 0.7924686359375 0.596520925 0.7828680390625 0.5724348625 0.7795932999999999 0.5609973703125 0.7806731765625 0.5573182546875 0.786417359375 0.5664499000000001 0.794372525 0.5962344359375 0.79737528125
1 0.6061092328125001 0.741904690625 0.6050197921875 0.7348624671875 0.6003728749999999 0.731956703125 0.5756407234375 0.726500625 0.5650520546875 0.727082296875 0.561170203125 0.7355060234375 0.565654934375 0.7405554234375 0.6061092328125001 0.741904690625
1 0.58329076875 0.678993259375 0.6172788671875 0.6800408953125 0.6248371703125 0.676628865625 0.615989353125 0.6649223390625 0.5844666265625 0.6634519015625 0.5794547875 0.665369315625 0.5787654921875001 0.6744797671875 0.58329076875 0.678993259375
1 0.5748185203125 0.6194400328125 0.5924383843750001 0.6224131453124999 0.6048868828125 0.6186914265625 0.6095770078125 0.6103054046875 0.598061084375 0.6017012203125 0.5867857828124999 0.6006374625 0.57595383125 0.6044345875 0.572636975 0.6161114703125 0.5748185203125 0.6194400328125
1 0.6095524328125 0.5463060343749999 0.6147670046875 0.5417090765625 0.6111716453125 0.5356255625 0.5798922 0.5309396734375 0.57722143125 0.544797896875 0.5811006187500001 0.5471300484375 0.6095524328125 0.5463060343749999
1 0.5853174906249999 0.49139553124999996 0.6185378625 0.491869559375 0.6369686625 0.4841244921875 0.6317567515625 0.477965571875 0.6246444624999999 0.47548260468750003 0.594454459375 0.47783893749999995 0.5845524234374999 0.48006603906249995 0.581681584375 0.48584792656250003 0.5853174906249999 0.49139553124999996
1 0.626471734375 0.44061082812499996 0.6355654921875 0.43834602343749995 0.6333055171875001 0.42533339843749995 0.6141907437499999 0.42067715312500004 0.603602075 0.42125882499999995 0.6008934218750001 0.4248970765625 0.6040833140624999 0.43633967812499996 0.626471734375 0.44061082812499996
1 0.642893825 0.3843700484375 0.6422098515625 0.3719687390625 0.60672684375 0.3692379671875 0.6028044484375 0.378197603125 0.6081379984375 0.3827487984375 0.642893825 0.3843700484375
1 0.598416784375 0.3075411078125 0.6282824125 0.3094720453125 0.6511573953124999 0.307312290625 0.6632436359375 0.297657871875 0.65390925625 0.29238225 0.61494986875 0.2927161203125 0.5993493609375 0.29521520625000003 0.5946997828125 0.30306531875 0.598416784375 0.3075411078125
1 0.659745340625 0.2259672609375 0.65760434375 0.222102790625 0.6434203140625 0.2166009484375 0.61262476875 0.216240034375 0.6121355453125 0.2334268203125 0.6367866015625 0.239954715625 0.659745340625 0.2259672609375
1 0.6732613671875 0.1545325171875 0.688861875 0.15203343125 0.692378803125 0.1484328828125 0.68942953125 0.1445307078125 0.6585555546874999 0.1344857296875 0.64453105 0.1375961328125 0.639962565625 0.1443744296875 0.6400409984375 0.1540584921875 0.6732613671875 0.1545325171875
1 0.6730393828125 0.07170093281249999 0.7046432015625 0.0720995515625 0.7143451640625 0.0617961140625 0.6698926968750001 0.0489665421875 0.6519079140625 0.050816609375 0.6459661609375 0.054304046875 0.6469339609375 0.06295399375 0.6730393828125 0.07170093281249999
1 0.83599455 0.05133666875 0.8434338765625 0.038776484374999996 0.7974027453125 0.0360914765625 0.79182325 0.045511615625 0.801195515625 0.06100720625 0.83599455 0.05133666875
1 0.79341318125 0.15314581875 0.8365761359375 0.1508568328125 0.8387603406249999 0.143429515625 0.8291447953125 0.131149378125 0.803158353125 0.1315505921875 0.7958433328125001 0.1317471703125 0.7887689296875 0.139484171875 0.79341318125 0.15314581875
1 0.8637144796875 0.23171717812499998 0.8231412015625 0.221219759375 0.8007095734374999 0.22824039843750002 0.8000581609375 0.24757081875 0.8312591749999999 0.24257264374999998 0.8637144796875 0.23171717812499998
1 0.7909078843749999 0.3149068109375 0.8141451265624999 0.31867975625 0.8407397703124999 0.3102399078125 0.8542803734375 0.302804534375 0.8223142937500001 0.2964732140625 0.7913160140625 0.2987918421875 0.7788675125 0.3025135625 0.7825034203125 0.3080611671875 0.7909078843749999 0.3149068109375
1 0.7771891234375 0.3890211 0.7910919843750001 0.3875184234375 0.8071385062499999 0.379124340625 0.8111825421875001 0.368556978125 0.7687494359375 0.36119960624999997 0.7554089046875 0.37671131875 0.7644189078125 0.386274209375 0.7771891234375 0.3890211
1 0.753933246875 0.4605393125 0.7751105859375 0.45937596718749996 0.8006536750000001 0.4541138703125 0.7906353234375 0.4364369390625 0.7561606624999999 0.4418202078125 0.7519571 0.443775325 0.750540621875 0.45177625624999995 0.753933246875 0.4605393125
1 0.7503245781250001 0.5082351968750001 0.7818473046875 0.5097056328125 0.7968828171875 0.5039533890625 0.7979749203125001 0.5002397328125 0.7797089703125 0.4950852796875 0.7474590625 0.49250532343750003 0.743133859375 0.49606816875000004 0.742404015625 0.5057145249999999 0.7503245781250001 0.5082351968750001
1 0.746997075 0.5629355984375 0.7714075140625 0.5619230671875 0.7822800109375 0.557590034375 0.772542825 0.5469176203125 0.7472835640625 0.5484283578125 0.742998909375 0.55145529375 0.7423096109375 0.5605657421875 0.746997075 0.5629355984375
1 0.7447590140625 0.6246782203125 0.776362834375 0.6250768390625 0.789943984375 0.6171055546875001 0.7869162796875 0.6035193171875 0.742782865625 0.607914234375 0.7352651078125 0.6107903578125 0.739263275 0.6222706625 0.7447590140625 0.6246782203125
1 0.735770921875 0.6898705796875 0.7549667906249999 0.69345500625 0.7763468625 0.6896121171875 0.778449975 0.68325661875 0.7707726921875 0.6775204968749999 0.7457972609375 0.6752798703125 0.735127496875 0.676933359375 0.7312456468749999 0.6853570875 0.735770921875 0.6898705796875
1 0.756124015625 0.7532048078125 0.76594495625 0.7520495234375 0.776171365625 0.74553515 0.774879190625 0.741172471875 0.7701106328125 0.7398744359375 0.7329705296875 0.737604165625 0.7292103203125 0.7444201671874999 0.7321595921874999 0.7483223421874999 0.756124015625 0.7532048078125
1 0.7190895796875 0.813862090625 0.7275751374999999 0.8196359171875001 0.74139690625 0.8192050578125001 0.7605548875 0.8125695140625 0.760517003125 0.8023495437499999 0.7414427765625 0.797157390625 0.7284698296875 0.7970900421875 0.7224875296875 0.8011133906250001 0.7185651328125 0.810073025 0.7190895796875 0.813862090625
1 0.7320492187500001 0.8677088359375 0.7547214656250001 0.8682286250000001 0.76975698125 0.8624763812499999 0.7733144546874999 0.8583399249999999 0.7703246359375 0.8549736578125 0.762322978125 0.8535248046874999 0.7332656234375 0.851631571875 0.7224336734375 0.855428696875 0.7179868296875 0.8605992671875 0.7320492187500001 0.8677088359375
1 0.7144160453125 0.9185151234375001 0.7195468609375 0.9257458609375 0.720438890625 0.9139558671874999 0.7144160453125 0.9185151234375001
1 0.7562814999999999 0.9333752171875 0.7639208953125001 0.9288913703125001 0.7650535453125 0.924641803125 0.756608534375 0.9183320671875 0.7415756828125 0.9133284312500001 0.7302192859375001 0.9133364921875 0.7260130625000001 0.9260474890625 0.72981115625 0.929451459375 0.7562814999999999 0.9333752171875
1 0.7144406203125 0.982514490625 0.7420436125000001 0.9821886828125 0.7512590140625 0.97831615 0.74560375 0.967296346875 0.724629146875 0.965780146875 0.7146054687500001 0.969614975 0.7108047156249999 0.9769668859375 0.7144406203125 0.982514490625
1 0.8562536734374999 0.9842894203125001 0.847241009375 0.9854824093750001 0.8411776156249999 0.9905775718750001 0.8416208203125001 0.99496818125 0.893529 0.9946661890625 0.8935938515625 0.9946360249999999 0.8937965859375 0.9919564812500001 0.8828456578124999 0.986605453125 0.8562536734374999 0.9842894203125001
1 0.8625304515625001 0.9334911937499999 0.8686722765624999 0.93808009375 0.8944965312500001 0.9398225124999999 0.908602128125 0.93564029375 0.9080776796875 0.931851228125 0.8950263015625 0.9220998203124999 0.878052525 0.921308046875 0.8699292281250001 0.9214669203125 0.863946928125 0.9254902671874999 0.8625304515625001 0.9334911937499999
1 0.885294440625 0.889915646875 0.9086559828125 0.8813249875 0.9027168921875001 0.8740565437500001 0.8941096953125 0.8698904437499999 0.8755193703125 0.8690232640625 0.8685666062499999 0.8751525421874999 0.869818234375 0.880051128125 0.885294440625 0.889915646875
1 0.8439261953124999 0.8256011265625001 0.873105190625 0.8258866359375 0.8831288671875 0.82205180625 0.8822421593750001 0.8123300406249999 0.8646222953124999 0.8093569296875 0.844334328125 0.809486159375 0.8389981140625 0.81569084375 0.8391981859375001 0.8237671796875 0.8439261953124999 0.8256011265625001
1 0.847537528125 0.7671493625 0.8643491171875001 0.7700847734375 0.8814850796875 0.7687329093749999 0.8980965953125001 0.7635919828125 0.8988264375 0.753945625 0.894987796875 0.7510775609375 0.8512193046875 0.7506493015625 0.8426094453124999 0.7572390812500001 0.8428095171875001 0.765315415625 0.847537528125 0.7671493625
1 0.8685686484374999 0.7035943765625 0.9089418546875001 0.7060154609375 0.9024377687499999 0.6954938609375 0.8882131937500001 0.6905279281250001 0.878473346875 0.69061139375 0.8703095015625 0.691306178125 0.8641244671875 0.69800906875 0.8685686484374999 0.7035943765625
1 0.90451098125 0.6466507531250001 0.911261009375 0.64320101875 0.9094849343750001 0.63451336875 0.8720231171874999 0.625774490625 0.8662814359375 0.6373382624999999 0.87379653125 0.6452180203125 0.90451098125 0.6466507531250001
1 0.915518428125 0.58693059375 0.93245431875 0.577502396875 0.929505046875 0.573600221875 0.8939814937499999 0.571405359375 0.8872314640625 0.5748550921875 0.8904619015625 0.5857617859375 0.915518428125 0.58693059375
1 0.8910428671874999 0.5244796640625 0.916302128125 0.522968928125 0.9224060671875 0.51733785625 0.9251984765625 0.50187190625 0.917115728125 0.5014948734375 0.8839737875000001 0.510704909375 0.8794458515624999 0.5169472984375 0.8910428671874999 0.5244796640625
1 0.9094650625 0.388199953125 0.9288636640625001 0.3891048375 0.9525874671875 0.386446878125 0.9609540453125 0.38307254999999996 0.9508519390625001 0.3772233171875 0.91051928125 0.37426632656250003 0.9063562656249999 0.3756855328125 0.9040909640624999 0.38418466875 0.9094650625 0.388199953125
1 0.9392655703124999 0.32666743125000003 0.9553499765625 0.32849331875 0.9654141984375 0.32412258125000004 0.9751567078125 0.31328323281250003 0.9680444187499999 0.31080026875 0.9364811468750001 0.3098657421875 0.927749646875 0.3180632484375 0.9282335484375001 0.322388221875 0.9392655703124999 0.32666743125000003
1 0.9331855875 0.2354955859375 0.9377108609375 0.240009078125 0.96697095 0.23922276875 0.9864127593750001 0.2288358625 0.9883131374999999 0.225159909375 0.97271529375 0.2169031171875 0.95650924375 0.2166849546875 0.9442229328125 0.2182630390625 0.9374323578125001 0.22224868125000002 0.9331855875 0.2354955859375
1 0.968768321875 0.16186338281249998 0.9928165 0.1549181515625 0.9874045171875 0.1406828953125 0.94533366875 0.139258221875 0.9387431640624999 0.1513202 0.9453688921875001 0.1602340734375 0.968768321875 0.16186338281249998
1 0.9414936046875001 0.46875061249999994 0.9395526796875 0.472962475 0.94532958125 0.482374553125 0.949816971875 0.4766680734375 0.9414936046875001 0.46875061249999994
1 0.9047995156249999 0.46058534531250006 0.94355616875 0.46293102187499996 0.9723323578124999 0.45781973750000005 0.9734244609375 0.45410607968749994 0.9315184609375 0.4397818921875 0.907189115625 0.43972260781249994 0.90003361875 0.4485314265625 0.9001120515625001 0.45821549062500005 0.9047995156249999 0.46058534531250006
1 0.932138734375 0.056359290625 0.98443333125 0.062025471875 0.9927188140625001 0.0597229625 0.9881962 0.044453590625 0.9795890046875 0.0402874921875 0.958898228125 0.0350199296875 0.9352555171875 0.0366060734375 0.9286271296875 0.0384480796875 0.9264834703125 0.0453394875 0.932138734375 0.056359290625