1 0.9558928015625 0.1658795890625 0.9942114234374999 0.177399178125 0.9948528390625 0.15903144375 0.95111813125 0.140840125 0.94566661875 0.14046198125 0.9483532515625 0.15332475625 0.9558928015625 0.1658795890625
1 0.9695160812499999 0.2434560140625 0.9795256531250001 0.24375702656249998 0.9759052562500001 0.235620334375 0.9767794875 0.2268709796875 0.979872671875 0.226627946875 0.9424388796875001 0.21307377187499998 0.9285547859375001 0.21998869999999998 0.932184415625 0.226757721875 0.94541774375 0.236054978125 0.9695160812499999 0.2434560140625
1 0.9672812984375 0.3237282078125 0.9721983125 0.31762364062500004 0.9630411296875 0.3051714546875 0.954736753125 0.3008712765625 0.9372610531250001 0.3036696921875 0.9321658703125 0.307613353125 0.93326095 0.312129640625 0.9509267578125 0.32259377499999997 0.9672812984375 0.3237282078125
1 0.95055188125 0.399127596875 0.9584999234374999 0.39910596875 0.9618373218749999 0.3957565578125 0.96112465625 0.38711294375 0.9567943031249999 0.38280195156249996 0.9372685890625 0.37607618593750003 0.9127878375 0.3728024796875 0.903998925 0.37577374531249996 0.9156526406250001 0.3878261578125 0.95055188125 0.399127596875
1 0.8531319609375 0.29790569218749996 0.859704634375 0.2943509890625 0.86060960625 0.285604728125 0.8413261609375 0.275243240625 0.8068973187499999 0.2762211375 0.7997260421875 0.2790897546875 0.816054503125 0.28867332343749996 0.8469417015625 0.29733306875 0.8531319609375 0.29790569218749996
1 0.8365046671874999 0.3701609671875 0.83677301875 0.358076109375 0.814254296875 0.34791991875 0.8025745000000001 0.344316640625 0.7926264062499999 0.34856824375 0.79084254375 0.35761163281249997 0.794013715625 0.363202965625 0.8249009140625001 0.371862709375 0.8365046671874999 0.3701609671875
1 0.83271981875 0.2190705578125 0.86195135625 0.22518044218750002 0.868944465625 0.22015091718750002 0.870868475 0.21061592343750002 0.8604119640624999 0.19993568281250002 0.8552407390625 0.198574325 0.8194104453125 0.2044682828125 0.8182892859375 0.2084011296875 0.8250140437500001 0.21545646718749997 0.83271981875 0.2190705578125
1 0.868810925 0.1286852484375 0.8423562062500001 0.1211923796875 0.8331468578125 0.1256384640625 0.830484103125 0.13497897812499998 0.8376292968750001 0.1405594953125 0.8664404015624999 0.148144196875 0.8711792484374999 0.139878725 0.868810925 0.1286852484375
1 0.723506040625 0.10628784375 0.7307913796875 0.11137675625000001 0.761500409375 0.11787559843749999 0.765882928125 0.10528831875 0.75490385625 0.0992270109375 0.7322830125 0.0922149328125 0.723506040625 0.10628784375
1 0.762042446875 0.1967648046875 0.7685129953125001 0.196354215625 0.7725130984375 0.187894265625 0.7722969125 0.183080853125 0.766030609375 0.177203209375 0.7396139109375001 0.172362853125 0.722240334375 0.1720171515625 0.7152092031249999 0.1743941640625 0.73636449375 0.19211892656250001 0.762042446875 0.1967648046875
1 0.712501821875 0.2730394453125 0.73195149375 0.274460190625 0.7366262390625 0.2719913453125 0.7416073562500001 0.260090153125 0.7380157515625 0.255973640625 0.7353410546875 0.254212509375 0.7066440140625 0.2545853375 0.7012305203125 0.25685970468749997 0.7015868546874999 0.2611815109375 0.712501821875 0.2730394453125
1 0.729412540625 0.33351230468750004 0.7061930953125 0.3258141421875 0.6897364296874999 0.3278238234375 0.6963590640625 0.33802327656250003 0.711490321875 0.346234671875 0.7212341703125 0.34827130156249997 0.732697775 0.347061165625 0.729412540625 0.33351230468750004
1 0.712416975 0.390344128125 0.706290815625 0.383974878125 0.667735865625 0.37435355000000003 0.6613033359375 0.377416646875 0.6653273203125 0.3911599875 0.7022646328125 0.4008839625 0.7144669859375 0.39986830625 0.712416975 0.390344128125
1 0.7125146953125 0.4485048625 0.684570540625 0.429521390625 0.6643821234375 0.42790616562499995 0.6691448531249999 0.44184398593749996 0.7083103453125 0.46325304375 0.71316325625 0.46294510312500003 0.716921090625 0.458120875 0.7125146953125 0.4485048625
1 0.82632404375 0.41980236406250004 0.8239296375 0.41705802187499996 0.806199728125 0.41239051406250005 0.788443734375 0.4161721421875 0.79442975 0.42303299687499996 0.8086440937500001 0.4288890109375 0.8245401796875 0.4288457515625 0.82632404375 0.41980236406250004
1 0.9310098234374999 0.442605040625 0.9118024203124999 0.43754857343750003 0.9037522546875 0.4407143171875 0.904426896875 0.44670542187500006 0.9087572515625 0.45101641406250004 0.93975671875 0.45905424687499996 0.94987989375 0.44627448125 0.9310098234374999 0.442605040625
1 0.921197471875 0.5076698890625 0.8904504187500001 0.4985185375 0.860454053125 0.5006633109374999 0.8909968578124999 0.5161028953125 0.9094655140624999 0.5209648812500001 0.9227249265624999 0.5218130015625 0.9092148343750001 0.5131520234375 0.921197471875 0.5076698890625
1 0.9090167953125 0.5615412609375 0.8788683453124999 0.5530759953125 0.8676209234375 0.55909954375 0.8664997640625 0.563032390625 0.8829303484375 0.5694718437499999 0.9056533171875 0.57333980625 0.9110668093750001 0.571065440625 0.9090167953125 0.5615412609375
1 0.851492309375 0.6045325953125 0.87229126875 0.6179355515625 0.9078532109375 0.62412645 0.907917315625 0.6183298234375 0.8918311234375 0.605110534375 0.8563072 0.60157214375 0.851492309375 0.6045325953125
1 0.84436879375 0.65180779375 0.8639325281250001 0.6611860671875001 0.8801849453124999 0.6654646171875 0.8894323156249999 0.66367104375 0.8878027375 0.6526720453125 0.8681368796875001 0.6464378875000001 0.84436879375 0.65180779375
1 0.869189534375 0.7096065140625 0.84319326875 0.7032913375 0.8399579953125 0.70349663125 0.8354994359375001 0.7107788890625 0.8459179265625 0.7188066234375 0.8674817125000001 0.7239549234375 0.87190225 0.714020153125 0.869189534375 0.7096065140625
1 0.862306084375 0.7838984171875001 0.8678597218749999 0.7811324468749999 0.8643322187500001 0.7712193078125 0.8306301796875 0.7612900375 0.8212046453124999 0.7609227078125 0.8138932249999999 0.7642829328125 0.8172045421874999 0.7693826578125 0.8427162687499999 0.7829692781250001 0.862306084375 0.7838984171875001
1 0.8457309546875 0.8392554203125 0.8359110640624999 0.831913775 0.8027055046875 0.8258147062500001 0.8209058109375 0.8427615515625 0.8449281046875001 0.8448575671875 0.8457309546875 0.8392554203125
1 0.823552225 0.8836242421874999 0.8197824499999999 0.877346825 0.8141527703125 0.8748077765625 0.7928692734375 0.868676265625 0.7881945265625 0.8711451109375 0.7900283515625001 0.8758558781250001 0.7986510375 0.8818253531250001 0.8184570421874999 0.8875679062499999 0.823552225 0.8836242421874999
1 0.8196878625 0.9528974375000001 0.8206949578125 0.941007059375 0.8159441703124999 0.938170884375 0.786216153125 0.9282308 0.7716954359375 0.9318071343750001 0.7713130234375 0.9359344625 0.7904943453125 0.949440065625 0.8098418921875 0.9540049249999999 0.8196878625 0.9528974375000001
1 0.7997510609375 1 0.79409660625 0.9955826562500001 0.8040057640624999 0.988406534375 0.7616169359375 0.9783044140625 0.7546998703125001 0.9886389578125 0.7716269312499999 0.9989086109375 0.77991125625 1 0.7997510609375 1
1 0.6492916859375 0.9154385953125 0.654921365625 0.9179776437499999 0.6908396421874999 0.92849035 0.6863334453125 0.9208791015625 0.68644571875 0.9148026078125 0.694445390625 0.9130560843750001 0.6712639671875 0.9080104312499999 0.6538903890625 0.90766473125 0.64791631875 0.9119055218750001 0.6492916859375 0.9154385953125
1 0.6779082828125 0.9710655984375001 0.674289403125 0.9669161234375 0.6656981375 0.9610626203124999 0.6779869515625 0.959628375 0.6819724859375 0.9568090234375 0.641799896875 0.9472903421875 0.63181378125 0.9488894374999999 0.6360420125 0.956344546875 0.6463203578125001 0.9648638828125 0.6779082828125 0.9710655984375001
1 0.5870424921875 0.94714461875 0.5647019375 0.93914933125 0.550423490625 0.93908994375 0.542971925 0.9429417734375001 0.5483593359375 0.94911654375 0.58451988125 0.9559935296875001 0.591270721875 0.9545997296875001 0.5870424921875 0.94714461875
1 0.5889828421875001 0.8874064203125 0.5665781875 0.8852077546875 0.561202715625 0.8901346312499999 0.5652527796875 0.8954288359374999 0.580944615625 0.901673809375 0.591108896875 0.90223561875 0.593771653125 0.8928951046875 0.5889828421875001 0.8874064203125
1 0.6187272015625 0.8471432968749999 0.61745395625 0.8404661078125001 0.610028475 0.8358688015625001 0.5992275703125001 0.831968396875 0.5883245421875001 0.8312121093749999 0.5759820437500001 0.8327193703125 0.5716256078125 0.8368575140625 0.58633643125 0.8465437281250001 0.6187272015625 0.8471432968749999
1 0.7021555687500001 0.8553653265625 0.6746818125 0.8486611906249999 0.6682492812499999 0.8517242890625001 0.668961946875 0.860367903125 0.6894425953125001 0.8721015609375 0.701606928125 0.8684333953125 0.7059253421875 0.86164274375 0.7021555687500001 0.8553653265625
1 0.7399240125000001 0.8203855953125 0.743643825 0.8129088578125 0.7405106734375 0.8099700343749999 0.737453565625 0.8123362328124999 0.7352112453124999 0.8202019296874999 0.7399240125000001 0.8203855953125
1 0.7284604046875 0.8215957312500001 0.732116115625 0.8199156171875 0.7331612328125 0.81067775 0.7322443203125 0.8083223671875001 0.710680534375 0.8031740671875 0.6928865203125001 0.8043031859375 0.69190550625 0.8077444281249999 0.7039416328125 0.8156695125000001 0.7284604046875 0.8215957312500001
1 0.5985431875 0.7842232203124999 0.6027333953125 0.7890258203125 0.6210999296875 0.7970319234375001 0.6299268625 0.79671316875 0.63181285 0.7845256640625 0.6036003484375 0.7776270484375 0.5985431875 0.7842232203124999
1 0.7874844000000001 0.4724691 0.7680086453125 0.479497490625 0.7676262328125001 0.48362481874999996 0.8042072125 0.48902698593749994 0.8120031703125001 0.47839531874999996 0.810767946875 0.47437063593750006 0.7874844000000001 0.4724691
1 0.8046493265624999 0.5404078812499999 0.806190921875 0.535000215625 0.8033380609374999 0.5310781828125 0.7965111765625 0.5271669640625001 0.768795153125 0.5240985499999999 0.7629992453125001 0.5305002437499999 0.7632154328125 0.5353136562499999 0.7904089 0.543001003125 0.8046493265624999 0.5404078812499999
1 0.78197411875 0.5809465015625 0.758830715625 0.5785533593750001 0.7415331796875 0.5835126796875 0.7395331281249999 0.5877426531250001 0.7429845921875 0.5923507734375 0.7521678578125 0.5963538234375 0.777349334375 0.5971695031250001 0.78197411875 0.5809465015625
1 0.777230865625 0.6505168234375 0.7781738609375 0.644423071875 0.7733850515625 0.6389343875 0.750025459375 0.6317278296875 0.7349702453125 0.628821453125 0.7321934265625 0.6302044390625 0.73927451875 0.64158158125 0.7697412796875 0.6517161453125 0.777230865625 0.6505168234375
1 0.72208884375 0.685150853125 0.7309277187500001 0.6959337437500001 0.7582613296875 0.7031294859375 0.76050365 0.6952637890625 0.757790934375 0.6908501499999999 0.7348897984375 0.6848212859375 0.72208884375 0.685150853125
1 0.709245465625 0.7441327656250001 0.7110151874999999 0.7546401578124999 0.7200583093749999 0.759134815625 0.741584075 0.76163060625 0.7459665906249999 0.749043328125 0.7121624296875 0.742258175 0.709245465625 0.7441327656250001
1 0.6450245031249999 0.7409672046875 0.657507146875 0.7389683375 0.65355920625 0.7305300171875 0.6495471640625 0.7278883203125 0.6334729125 0.7257706765624999 0.6201113765625 0.7280666703125 0.6197289640625 0.7321939984375 0.6290903953125 0.738357953125 0.6450245031249999 0.7409672046875
1 0.6671413312500001 0.671742584375 0.636852734375 0.6637689250000001 0.634330125 0.6726178328125 0.6430929562500001 0.678095703125 0.669687821875 0.685096965625 0.6747830031250001 0.6811533015625 0.6732294671875 0.6754593234375 0.6671413312500001 0.671742584375
1 0.635607771875 0.617990171875 0.6531334359375001 0.6289459125 0.6697302453125 0.626444625 0.670354928125 0.618681575 0.665604140625 0.6158453984375 0.6308450437500001 0.6040523531249999 0.635607771875 0.617990171875
1 0.6941557 0.51290525625 0.7003079390625 0.5108253703125001 0.7004100609374999 0.5076812546875 0.6942198015625001 0.5071086296875 0.6941557 0.51290525625
1 0.649792903125 0.49858397656250003 0.661548740625 0.507492271875 0.681176578125 0.5110739234375 0.6882077078125 0.5086969109374999 0.6875330640625 0.5027058046875 0.6615368 0.496390628125 0.649792903125 0.49858397656250003
1 0.6745353984375 0.5817301031250001 0.6798728484375001 0.57415071875 0.678701728125 0.5643294109375 0.6646275265625 0.5579817921875 0.6490117328125 0.5570418390625 0.6374079796875 0.5587435796875 0.6344269125 0.566414796875 0.641151671875 0.5734701296875 0.6745353984375 0.5817301031250001
1 0.6543322421875 0.075921915625 0.6083137859375001 0.059050771875 0.594850128125 0.06449088124999999 0.616744165625 0.082410125 0.6347923859375 0.08874693125000001 0.651707509375 0.0879149390625 0.6567266468749999 0.07866625625 0.6543322421875 0.075921915625
1 0.6524537921875 0.160515915625 0.6045493484375 0.155832278125 0.600435184375 0.1563347 0.5993140218749999 0.160267546875 0.6086754546875001 0.1664315 0.6506438453125 0.17800844062500001 0.65710245625 0.16649620468749998 0.6524537921875 0.160515915625
1 0.6465372171875 0.25091735625 0.649276015625 0.2468818609375 0.6469457125 0.23834089218750001 0.6272418328125 0.22945422343750002 0.599105371875 0.2278606296875 0.5976659015625 0.23012417968749999 0.6174458234375 0.2443158671875 0.6400666671875 0.25132794375 0.6465372171875 0.25091735625
1 0.6230330796875 0.30550725624999997 0.58901273125 0.293908690625 0.5775111015625 0.2924663140625 0.572275775 0.29690158437499997 0.5920556984374999 0.311093271875 0.6192871859375 0.32143313125 0.6278218890625 0.31099594062499997 0.6230330796875 0.30550725624999997
1 0.5990943640624999 0.3811227578125 0.6217412906249999 0.379685696875 0.6204300218750001 0.370355996875 0.61388343125 0.3654615671875 0.606215678125 0.3644999828125 0.5689339734375001 0.36155584531249996 0.5663353203125 0.365099734375 0.5807658515624999 0.3757691640625 0.5990943640624999 0.3811227578125
1 0.616705809375 0.43913758593749996 0.5922131171875 0.4247622328125 0.5766733656249999 0.4291272984375 0.5755522046875 0.4330601484375 0.5877665000000001 0.4431461375 0.614081075 0.451130609375 0.620615728125 0.44492339843749995 0.616705809375 0.43913758593749996
1 0.5514114453125 0.484311453125 0.5606327328125 0.490967015625 0.59151993125 0.499626759375 0.5953798890625001 0.491658415625 0.5913298234375 0.48636421093750004 0.5501762218749999 0.480286771875 0.5514114453125 0.484311453125
1 0.52100438125 0.529685115625 0.531282728125 0.538204453125 0.5541838609374999 0.54423331875 0.563851665625 0.540964928125 0.55782763125 0.5314515609375 0.5268002875 0.523283421875 0.52100438125 0.529685115625
1 0.5403355875 0.5844531828124999 0.513001975 0.5772574406250001 0.5091420171875 0.5852257859375001 0.518223159375 0.5923729515625 0.53982496875 0.6001737625 0.544818025 0.5993742140625 0.5479772578125 0.5938639015625 0.5403355875 0.5844531828124999
1 0.49936988906249996 0.6222907171875 0.4978663140625 0.63035089375 0.5041326171875 0.6362285375 0.5307274843750001 0.6432297984375 0.53384869375 0.6350669765625 0.53109795625 0.6280008265625 0.49936988906249996 0.6222907171875
1 0.515503840625 0.6799165890625 0.5088171015625 0.6755137640625 0.48415818593750004 0.670079153125 0.46179154999999994 0.6705329984375 0.48332925624999995 0.684130434375 0.50549164375 0.68996481875 0.51695525 0.688754684375 0.515503840625 0.6799165890625
1 0.5038315812499999 0.74871980625 0.46988727499999994 0.742426259375 0.46078005156249996 0.743728228125 0.45892014531249997 0.7474665968750001 0.469096365625 0.75913005 0.5003659781249999 0.76366246875 0.5041238109374999 0.758838240625 0.5038315812499999 0.74871980625
1 0.473920996875 0.7979236703125 0.4558727734375 0.791586865625 0.4388555296875 0.795562971875 0.46085169062500003 0.8103380984375 0.47872174687499996 0.8145140015625 0.4842753828125 0.811748028125 0.48356271875 0.8031044140624999 0.473920996875 0.7979236703125
1 0.45720571874999993 0.85377228125 0.437539859375 0.847538121875 0.42136348437500004 0.8485645937499999 0.43485102500000006 0.8653277718749999 0.462044490625 0.8730151203125001 0.46615865625 0.8725126984375 0.46843899687499996 0.8672995125 0.45720571874999993 0.85377228125
1 0.450056121875 0.9094966156250001 0.43366355937499995 0.9057096734375 0.422480240625 0.9059365953125 0.418938596875 0.9155742375000001 0.426223934375 0.9206631484375001 0.44954550312499997 0.92521719375 0.4536216484375 0.9220622640625 0.450056121875 0.9094966156250001
1 0.2840782828125 0.8927554296875 0.3081005765625 0.894851446875 0.3134760484375 0.8899245718750001 0.31030487500000004 0.884333240625 0.3022807890625 0.8790498515625 0.290180559375 0.876921390625 0.2790352625 0.8798008234375001 0.2760161765625 0.8848195328124999 0.277990146875 0.8890386921875001 0.2840782828125 0.8927554296875
1 0.32526236875 0.8290788843750001 0.30781274999999997 0.8234281625 0.29515193906250003 0.823266128125 0.2872799375 0.8285927750000001 0.28651511093750004 0.83684743125 0.3257707859375 0.8440107296875 0.33146456875 0.8407531531249999 0.32526236875 0.8290788843750001
1 0.3441178421875 0.7685086937500001 0.336131778125 0.7658778109375 0.32333082343749997 0.7662073828125 0.312185528125 0.7690868156249999 0.31078407656249996 0.774002875 0.318986328125 0.7814471703125 0.34550515000000004 0.7831434109375001 0.3441178421875 0.7685086937500001
1 0.35834852968750003 0.7241615 0.3484265171875 0.71996396875 0.32570355 0.716096009375 0.3137173828125 0.7219250781250001 0.3211808890625 0.72917489375 0.34893493593749997 0.7348958156250001 0.3597619203125 0.7303470843750001 0.35834852968750003 0.7241615
1 0.37236303125000003 0.675000896875 0.36303961875 0.6714894499999999 0.33901732500000004 0.669393434375 0.333884121875 0.6706845875 0.33058474375 0.67668650625 0.3673819109375 0.6869020890625 0.3730756953125 0.6836445109375 0.37236303125000003 0.675000896875
1 0.375883 0.6125075375 0.3470718953125 0.6049228375 0.33526389375 0.6129128109375 0.3409315953125 0.61810436875 0.37181879375000004 0.6267641140625 0.37737243125000003 0.62399814375 0.3797548953125 0.6156408390625 0.375883 0.6125075375
1 0.40211179374999995 0.5734329218750001 0.40297874218749996 0.5620341515625 0.3944962015625 0.55557306875 0.38401361093749997 0.5533419625 0.3708302421875 0.5577988609375 0.3722816515625 0.566636953125 0.3822416859375 0.5734869953125 0.3990546828125 0.5757991203125 0.40211179374999995 0.5734329218750001
1 0.38876880156250004 0.494873284375 0.391939975 0.5004646171875 0.41723551406250003 0.5092378234375 0.421489825 0.508243796875 0.4236561015625 0.4950730796875 0.394004128125 0.4904380171875 0.38876880156250004 0.494873284375
1 0.43690577499999994 0.45416713125 0.43623113125 0.448176025 0.42806690156249994 0.4433842421875 0.40171430468749997 0.43274725781249995 0.394505009375 0.43296336562500004 0.3877921890625 0.4370096765625 0.40180228749999997 0.4491539234375 0.43181059375 0.45811079374999997 0.43690577499999994 0.45416713125
1 0.43848979374999997 0.3901071234375 0.42916638125000006 0.386595678125 0.41045545624999996 0.3853694125 0.40413699375 0.39639003906250003 0.4115624765625 0.40098734374999995 0.43308824218749997 0.4034831328125 0.4397250171875 0.39413180312499996 0.43848979374999997 0.3901071234375
1 0.45339512656250003 0.3517510359375 0.45282260625 0.342615815625 0.42003748124999996 0.3350419296875 0.41533665312499995 0.3459599109375 0.44710274375000003 0.354322528125 0.45339512656250003 0.3517510359375
1 0.48543396874999994 0.28672394687499997 0.48384241250000004 0.2783774578125 0.470647103125 0.27173271250000003 0.43574786093749995 0.2604312703125 0.425621603125 0.262521971875 0.43330129375000004 0.27458520000000003 0.45314531875 0.2829802609375 0.48061907656249997 0.28968439687499997 0.48543396874999994 0.28672394687499997
1 0.45558434999999997 0.1964198375 0.452387096875 0.1992776421875 0.468409184375 0.21829355781249998 0.4927117703125 0.21940636093750002 0.49793515624999996 0.20386944687500003 0.47014308906249996 0.19549601562500002 0.45558434999999997 0.1964198375
1 0.493787371875 0.1404145078125 0.49704872812499995 0.13176007812499999 0.49517688125000003 0.12439680156249999 0.483599209375 0.11764940937499999 0.45254578749999996 0.117930403125 0.44860978593749995 0.1205937296875 0.45058375625 0.1248128875 0.4637790640625 0.13145763593749998 0.493787371875 0.1404145078125
1 0.517141625 0.0445621421875 0.5015899328125 0.0378255609375 0.45741724375 0.0367668296875 0.4627405515625 0.048738228125 0.49127136406250005 0.0573061390625 0.517612021875 0.056841478125 0.521331834375 0.0493647390625 0.517141625 0.0445621421875
1 0.3546249859375 0.074183146875 0.3314055421875 0.066484984375 0.31871864843750003 0.0747720859375 0.3182341125 0.0820435296875 0.35626650312499997 0.0962837921875 0.364941353125 0.085354996875 0.3611335578125 0.07642506875 0.3546249859375 0.074183146875
1 0.319182440625 0.1790087 0.32496640781249997 0.1615053609375 0.307122434375 0.1488803234375 0.26720405468749997 0.146827565625 0.2927918234375 0.16571920625 0.319182440625 0.1790087
1 0.3150258515625 0.238163459375 0.32012103125 0.2342197984375 0.3101609984375 0.22736975625000003 0.28306965625 0.2165382921875 0.2522585 0.21318356718749998 0.261976265625 0.22366933125 0.28309353593750003 0.23874158437499998 0.305217903125 0.24192345781250002 0.3150258515625 0.238163459375
1 0.30987630625 0.2896578203125 0.2693213046875 0.28426646718750004 0.26947338906249996 0.29487650625 0.2811271046875 0.30692891875 0.293125209375 0.31220149375 0.3055057296875 0.31334674218749997 0.3167531484375 0.30732319218750004 0.30987630625 0.2896578203125
1 0.2946243796875 0.3654461703125 0.2654189234375 0.35088715000000004 0.250591834375 0.36389583124999997 0.2718112296875 0.37582396875 0.29045805156250004 0.38284686093750003 0.29639410312500003 0.3759535609375 0.29775753125 0.36838499062499996 0.2946243796875 0.3654461703125
1 0.2859331875 0.42657817031249995 0.2884557984375 0.41772926093749996 0.2857430828125 0.413315621875 0.25591294375 0.406519653125 0.2378006171875 0.4059794734375 0.23755834843749998 0.4096151953125 0.2491740421875 0.41901510000000003 0.277985146875 0.4265998 0.2859331875 0.42657817031249995
1 0.26747427031250004 0.4634702546875 0.245273859375 0.454983359375 0.2330074046875 0.46179563906250004 0.2413498 0.46874832812499995 0.262951609375 0.4765491375 0.2679446671875 0.475749590625 0.27032713125 0.4673922859375 0.26747427031250004 0.4634702546875
1 0.2519181765625 0.5180385249999999 0.2137076171875 0.5016373609375 0.20651026093749997 0.5129551125 0.2160878796875 0.5239324812499999 0.24461869531249997 0.5325003953125 0.2503504984375 0.531895328125 0.25772602187500004 0.5227384765624999 0.2519181765625 0.5180385249999999
1 0.23676837343749998 0.590682759375 0.23605570937499998 0.58203914375 0.22701258750000003 0.5775444859375 0.2038311625 0.5724988343749999 0.19504225 0.5754701 0.1948380015625 0.58175833125 0.2127841 0.591239253125 0.2312147359375 0.5934487296875 0.23676837343749998 0.590682759375
1 0.215200184375 0.6468393109374999 0.21913618281249997 0.6441759859375 0.218003084375 0.637007190625 0.1838806125 0.6285527390625 0.17916784375 0.6283690749999999 0.176569190625 0.6319129640625001 0.1836122609375 0.640637596875 0.19205678125 0.6444461687499999 0.215200184375 0.6468393109374999
1 0.1958221515625 0.7120284359375 0.2053498109375 0.70925165 0.20706957187500002 0.7060048859375 0.20649705156249998 0.6968696671875 0.20244698906249997 0.6915754625 0.1907671921875 0.6879721828124999 0.171916121875 0.687237525 0.168514621875 0.6963835578124999 0.1835437546875 0.7077390718750001 0.1958221515625 0.7120284359375
1 0.1554170328125 0.7478995484375 0.175961784375 0.7538365796875001 0.1909409578125 0.7514379390625 0.1886486765625 0.7455494796875 0.180166134375 0.7390883984375 0.1534311234375 0.732578740625 0.1457633703125 0.731617159375 0.1419675171875 0.7337888765625 0.143801340625 0.73849964375 0.1554170328125 0.7478995484375
1 0.16807344062500001 0.8093664328125 0.17506655 0.8043369125 0.1711566296875 0.7985511015625 0.16807344062500001 0.8093664328125
1 0.1576288703125 0.8097878375 0.1621634703125 0.8078105984375 0.1625719671875 0.795234134375 0.1523696625 0.792019815625 0.137212325 0.792257553125 0.12754452031250002 0.7955259453125 0.12716210625 0.7996532734375 0.13254951875 0.8058280437500001 0.1576288703125 0.8097878375
1 0.1503152484375 0.8438004875 0.1309677 0.8392356265625001 0.12225482968750001 0.8475119109374999 0.1292598796875 0.853584034375 0.1539568171875 0.8616711546875001 0.1590519984375 0.8577274921875 0.1580590421875 0.8500670890625001 0.1503152484375 0.8438004875
1 0 0.8313828328125 0.028419914062500003 0.8423637953125 0.033553117187499995 0.8410726421874999 0.037413075000000004 0.8331042984374999 0.0336433015625 0.82682688125 0.0259375265625 0.8232127890625 0.001278609375 0.8177781765625 0 0.8179656906250001 0 0.8313828328125
1 0 0.7683131359375001 0.0062239078125 0.7725720500000001 0.030003932812500002 0.7783037875 0.0370350640625 0.7759267765625 0.038398490625 0.768358203125 0.034348428125000004 0.7630639984375 0.0271011109375 0.7606276000000001 0.0115874390625 0.7565435296875 0 0.7604608921875 0 0.7683131359375001
1 0.0466051453125 0.7144976468750001 0.029613982812500002 0.71002461875 0.020506759375 0.7113265875 0.012774903125 0.7161616296875 0.0309371890625 0.7304559640625 0.048094578124999995 0.7259882515625 0.0508333765625 0.72195275625 0.0466051453125 0.7144976468750001
1 0.0941554578125 0.684207053125 0.0969963796875 0.6770274406250001 0.0942456421875 0.6699612921875 0.07605727500000001 0.6641160921875 0.05924427812500001 0.6618039687499999 0.05524417499999999 0.6702639171875 0.062987971875 0.6765305203125 0.08930254531250001 0.6845149953125 0.0941554578125 0.684207053125
1 0.089242846875 0.62900676875 0.10531709687499999 0.6311244140625 0.11017000937500002 0.630816471875 0.11301093124999999 0.6236368624999999 0.107445353125 0.6153011875 0.0679734890625 0.6033244765625 0.063579034375 0.604810109375 0.06105642343749999 0.6136590187500001 0.0742897546875 0.6229562750000001 0.089242846875 0.62900676875
1 0.10273698906249999 0.553812671875 0.0940121796875 0.5509873125 0.0795935859375 0.5514195281250001 0.070282115625 0.559009728125 0.107359571875 0.5682420984375 0.11319349999999999 0.5644929140625 0.1098441625 0.5567406781249999 0.10273698906249999 0.553812671875
1 0.08889531875 0.5020752609375 0.09382427343750001 0.5070723375 0.1218966328125 0.5144625578124999 0.131246125 0.50952486875 0.1298968375 0.497542659375 0.093353878125 0.49479300156250006 0.08889531875 0.5020752609375
1 0.0914983765625 0.4372265171875 0.1036105453125 0.4504566234375 0.126511678125 0.4564854875 0.133008309375 0.44762576562499995 0.12807935625 0.4426286859375 0.0954343734375 0.43456319531250004 0.0914983765625 0.4372265171875
1 0.1303260765625 0.37345813906249997 0.122938615625 0.37151334375 0.12035190312499999 0.38615887656250003 0.12398153281249999 0.3929279015625 0.146181940625 0.40141479531249996 0.1590850203125 0.397941109375 0.15707302812499999 0.39106944062500004 0.1303260765625 0.37345813906249997
1 0.18068369374999999 0.2720305703125 0.1814485203125 0.263775915625 0.178175225 0.2613287015625 0.140957621875 0.2525879375 0.12995247031249998 0.254975765625 0.13635891718749998 0.2603618015625 0.15680154531249998 0.26944295 0.1745314546875 0.27411045624999997 0.18068369374999999 0.2720305703125
1 0.1793507484375 0.20984515468749998 0.181210653125 0.2061067875 0.1760655125 0.19629629531249998 0.1473945546875 0.1882199875 0.1401852578125 0.18843609687500001 0.14536842187500001 0.2008990984375 0.15297207031249999 0.2076573078125 0.168027284375 0.21056368593750002 0.1793507484375 0.20984515468749998
1 0.19797809375 0.13335990625 0.2035317328125 0.1305939328125 0.204080371875 0.11752586406250001 0.1992915625 0.11203718124999999 0.188770946875 0.10715356406250001 0.1741361671875 0.10277236875 0.1573992125 0.1057652625 0.1578956890625 0.10959546406250001 0.17194380781250002 0.12439221874999999 0.19797809375 0.13335990625
1 0.176496953125 0.0415593484375 0.19581842031250002 0.0545733453125 0.2173822078125 0.059721646875 0.22627324375 0.0536062640625 0.2243253546875 0.04093796875 0.18605069531250001 0.030333428125 0.176496953125 0.0415593484375
1 0.109120825 0.341979221875 0.11127296093750001 0.3483592859375 0.11956539687500001 0.3415578171875 0.11920906406250001 0.337236009375 0.109120825 0.341979221875
1 0.15986619062500002 0.33948324687500003 0.1631275453125 0.33082881875000003 0.15960004218749999 0.320915678125 0.1377179421875 0.3140980828125 0.09534105781249999 0.31509760937500003 0.0950987875 0.318733328125 0.1192731671875 0.331439384375 0.15487313281249998 0.34028279375000003 0.15986619062500002 0.33948324687500003