1 0.8790381828125 0.9576288406250001 0.833992534375 0.9599547484375 0.8230617812500001 0.9704159015625 0.8167810187500001 0.9823365796875001 0.8222104968749999 0.98326898125 0.8828249250000001 0.97399576875 0.8882873109375 0.9692787734375001 0.8875616718750001 0.960561421875 0.8790381828125 0.9576288406250001
1 0.8792108640625 0.889540234375 0.8693536015625 0.8874441328125 0.8437233046875001 0.8889180250000001 0.8281605093750001 0.8948381703124999 0.822692140625 0.900582328125 0.8342797265625 0.9106509031250001 0.874678375 0.9063518953124999 0.8717278281249999 0.905375953125 0.8733625640625 0.8966223093749999 0.8792108640625 0.889540234375
1 0.873711734375 0.8057169562500001 0.853489971875 0.8117183234375001 0.85113655625 0.8158675875 0.8549891125 0.82093571875 0.8712536140625 0.8278415812500001 0.8805835125 0.8256248078124999 0.8930642625 0.8156501593750001 0.8900001671875 0.8085141640625 0.873711734375 0.8057169562500001
1 0.9028638375 0.7328010593750001 0.8951108609375 0.7308821046875 0.8578271656249999 0.73358621875 0.843022915625 0.742574315625 0.8507579421875 0.7475747625 0.8755878125000001 0.750223059375 0.8965621374999999 0.7483168078125 0.902015546875 0.74514055625 0.9051693890625 0.7368691015625 0.9028638375 0.7328010593750001
1 0.7650144875 0.80555784375 0.7323987328125 0.8066399890625 0.7137329515624999 0.8121007015625 0.71991798125 0.8166146375000001 0.7532503984375001 0.8257905890625 0.7750221578125001 0.8202757296875 0.7766260046875 0.8115177656249999 0.7712204578125 0.8064767093749999 0.7650144875 0.80555784375
1 0.7646927125 0.7275069640625 0.73207695625 0.728589109375 0.727391065625 0.73329256875 0.7265607234375 0.742550575 0.735063271875 0.7490782265625 0.7474901734375 0.7483480499999999 0.7723619265624999 0.74380620625 0.7755367093750001 0.7319396765625 0.7646927125 0.7275069640625
1 0.7591482390625 0.8796083687499999 0.7288739328125 0.8785955765625 0.72032351875 0.8802852328125 0.711752165625 0.88556995625 0.711728234375 0.8896786109375 0.7450307375 0.9039903796875001 0.7504661968749999 0.90389561875 0.763711475 0.8959617609375 0.764544809375 0.8861901703124999 0.7591482390625 0.8796083687499999
1 0.711339328125 0.9564442328125 0.7027769484374999 0.9601882140625 0.702720109375 0.9699462656250001 0.7104461625 0.9764874546875 0.7384029515625 0.9754865328125 0.7438982453125 0.9651201374999999 0.741622609375 0.9559162796875 0.711339328125 0.9564442328125
1 0.598741659375 0.959434296875 0.590182271875 0.9626646953125 0.5947484984375 0.9785045046875 0.618825809375 0.9770576875 0.63126766875 0.9737596 0.6305689546875 0.9604200140625 0.598741659375 0.959434296875
1 0.6597330265625 0.8854497890624999 0.6535330359375 0.8835037609375 0.62714419375 0.8819097015624999 0.601451071875 0.8941688093750001 0.6076390953125 0.8981691640625 0.6246980390625 0.9019799984375 0.6518633765625 0.9035605234374999 0.659652253125 0.8993164953124999 0.661232165625 0.8946671859374999 0.6597330265625 0.8854497890624999
1 0.646252728125 0.8004388984374999 0.626861309375 0.7971822578125 0.6128335546875 0.8061568187500001 0.6112566328125 0.8102925453125 0.6158946578125 0.81380639375 0.6438035828124999 0.8210227781249999 0.6469155421874999 0.8199414656249999 0.6515924578125001 0.8167787531249999 0.650114259375 0.803966284375 0.646252728125 0.8004388984374999
1 0.6466894984375 0.7254559703125001 0.6295826890625 0.72986244375 0.620216890625 0.738242196875 0.6357108796875 0.7441344328125 0.660567675 0.742160496875 0.6676279218750001 0.7297127015625 0.6567809328124999 0.7257935671875 0.6466894984375 0.7254559703125001
1 0.614399825 0.6705577125 0.6065630828125 0.6830190453125 0.61197161875 0.6875465203125 0.6523463359375 0.6873561640625 0.6601382046875 0.68259855625 0.6648480265625001 0.67378644375 0.65322454375 0.66988085 0.614399825 0.6705577125
1 0.6768634062500001 0.6104128375 0.6325404031249999 0.621969675 0.6239271671875 0.634444546875 0.6440950796875 0.6376876499999999 0.6767736578125 0.6258202890625 0.683809975 0.6174811453125 0.681513396875 0.6118723578124999 0.6768634062500001 0.6104128375
1 0.74949788125 0.6702565578125 0.741703021875 0.6755277468750001 0.7579615390625001 0.683460771875 0.776597403125 0.683135878125 0.779715346875 0.681027403125 0.7805456890625 0.67176939375 0.765039734375 0.6679314875 0.74949788125 0.6702565578125
1 0.86906605 0.6702261484375 0.863612640625 0.6734024 0.86125025 0.6790924109375001 0.868208784375 0.6841063921874999 0.8883976375 0.6837544249999999 0.907862728125 0.6846765218749999 0.9016145453125001 0.6697781921875 0.86906605 0.6702261484375
1 0.8896497921875 0.602081396875 0.8702374328125 0.6024198281250001 0.836029796875 0.6102056109375 0.86470325 0.619462784375 0.8973219968749999 0.6178670562499999 0.887183209375 0.6096518234375 0.9028352390625001 0.6044191718749999 0.8896497921875 0.602081396875
1 0.877539996875 0.5483719140625001 0.8596686609375 0.550737596875 0.859644728125 0.5548462515625 0.8689118046875001 0.56341469375 0.900751065625 0.562346084375 0.9054608875 0.5535339718750001 0.9008228624999999 0.550020125 0.877539996875 0.5483719140625001
1 0.8809361578124999 0.49850034218749995 0.8568199578125 0.506623721875 0.8606784984375 0.5106646890625 0.8963643328125 0.5156913734375 0.9158275484375 0.506622053125 0.9174134453124999 0.5009455796875 0.8809361578124999 0.49850034218749995
1 0.88507590625 0.4542646296875 0.8633101312499999 0.45875232343750005 0.8849861593749999 0.46967207968749997 0.9059574890625001 0.468279409375 0.9106762890625 0.45792655312499997 0.90215878125 0.45396680937499995 0.88507590625 0.4542646296875
1 0.8838759218750001 0.3936890625 0.871422096875 0.3990414765625 0.873703715625 0.40721817031249996 0.876803709375 0.408191184375 0.9039780203125 0.4082309640625 0.907881434375 0.40456820625 0.90639126875 0.3938100640625 0.8838759218750001 0.3936890625
1 0.8989972796875 0.33026130625 0.8702280968749999 0.33743874687500003 0.8655451984375 0.3416286234375 0.8717272375 0.34665614375 0.8810332031250001 0.348548021875 0.9167579281249999 0.3468981453125 0.9230207406250001 0.3380589578125 0.9183857062499999 0.3340315296875 0.8989972796875 0.33026130625
1 0.89470926875 0.26665839999999996 0.872122125 0.278863359375 0.90627291875 0.2808356296875 0.9179472609375001 0.276010334375 0.9187566625000001 0.2703473984375 0.89470926875 0.26665839999999996
1 0.905060971875 0.22231438906249998 0.88409263125 0.22319347656250002 0.8739772625000001 0.2269645328125 0.8708473531250001 0.23112733593749998 0.8747088843749999 0.2346547203125 0.8972302140625 0.233748559375 0.9034481515625 0.23261309687499998 0.9089135265625 0.2273825203125 0.905060971875 0.22231438906249998
1 0.9155443046875 0.15537278593749998 0.8953584421875 0.155211171875 0.8727922390625 0.1638210578125 0.8719918109375 0.16794325000000002 0.8851503328125 0.174903259375 0.9169985703125001 0.17229390625000002 0.92244300625 0.1706584015625 0.9248412937499999 0.15880540781250002 0.9155443046875 0.15537278593749998
1 0.8910076078125 0.10239347968750001 0.8715623406249999 0.10838130937499998 0.87537600625 0.1201260015625 0.9196302031249999 0.1203815421875 0.91199735625 0.1110070125 0.9235964390625 0.10593357031249999 0.8910076078125 0.10239347968750001
1 0.7540603953125 0.1535662953125 0.74784245625 0.1547017578125 0.745495025 0.15782385937500001 0.7501210828125 0.163392034375 0.7671800281250001 0.16720286875 0.7912453703125 0.167810378125 0.783932525 0.16419451093749998 0.7855509859375001 0.15823320624999998 0.7921146046875001 0.1518758078125 0.7540603953125 0.1535662953125
1 0.7868854640625 0.11039612968750001 0.791598378125 0.10720773750000001 0.758997578125 0.1057219734375 0.7465407609375 0.11158796875000002 0.7402929078125 0.117859246875 0.74958690625 0.1218054546875 0.791511621875 0.1221016046875 0.788422596875 0.1183964765625 0.7768337515625 0.1140614265625 0.7868854640625 0.11039612968750001
1 0.6588866421875 0.0977102265625 0.65187126875 0.102454296875 0.6580503156249999 0.107995396875 0.672006275 0.1113468 0.6960895671875 0.10887281875000002 0.702337421875 0.1026015390625 0.696143415625 0.0996283484375 0.6588866421875 0.0977102265625
1 0.6772054015625 0.1518249921875 0.66011055625 0.1541771390625 0.6546511640625 0.1583805546875 0.6584977359375 0.16447584843750002 0.680995134375 0.16767833906250001 0.6872310234375 0.16346138906250002 0.6872878625000001 0.15370333593750002 0.6772054015625 0.1518249921875
1 0.666790875 0.20695421875000003 0.6496750921875 0.2129014375 0.652751153125 0.217983103125 0.6643716453125 0.22240228125 0.6752306 0.2242670859375 0.6868839984374999 0.223036865625 0.6954403953125 0.220320046875 0.698582271875 0.21410291718750002 0.666790875 0.20695421875000003
1 0.7747146203125 0.20661328750000002 0.7513838890625 0.21318238437499998 0.748230046875 0.2214538390625 0.753638584375 0.2259813140625 0.7823658828125 0.22599401874999997 0.7878312609375 0.220763440625 0.78554665 0.213100328125 0.7747146203125 0.20661328750000002
1 0.8045880546875 0.2764460265625 0.8068995890625 0.27948690468750004 0.810794028125 0.2773648921875 0.8092889031249999 0.269174659375 0.8046359203125 0.26822871875 0.8045880546875 0.2764460265625
1 0.7728205921875 0.265188675 0.75881676875 0.2700545796875 0.7587958265625 0.273649653125 0.775845796875 0.27900123125 0.7983611421875 0.2791222328125 0.7999260968749999 0.27704083281249997 0.8015329343750001 0.2677692859375 0.7984419140625 0.26525552812500003 0.7728205921875 0.265188675
1 0.6664408609375 0.26704327656250004 0.6609844609375 0.2707331109375 0.6640455625 0.2783826859375 0.6935493578124999 0.278381853125 0.6951741453125 0.2660288171875 0.686647665625 0.26360981875 0.6664408609375 0.26704327656250004
1 0.73976244375 0.6088027390625 0.7567765125 0.6203172984374999 0.7800474125 0.6240198343750001 0.7823978359375 0.6203841515625 0.7778106671875 0.608139415625 0.7405628703125 0.6046805484375 0.73976244375 0.6088027390625
1 0.7796897390625 0.5521319328125001 0.7509564546874999 0.5531463921875 0.7493765421874999 0.557795703125 0.7532141390625 0.5654317437499999 0.7811440046875 0.5690530546875 0.788920915625 0.5668633562500001 0.7928213375000001 0.5637141812500001 0.7928542453125 0.5580647828124999 0.7796897390625 0.5521319328125001
1 0.7474269890625 0.4926114390625 0.7427470828125 0.49628773437499996 0.7434966515625 0.500896434375 0.7589726921875 0.509870159375 0.78224658125 0.5130591124999999 0.782345303125 0.4961109171875 0.757530390625 0.490894709375 0.7474269890625 0.4926114390625
1 0.790430346875 0.44102230468750003 0.7578056156249999 0.44364519375 0.747657340625 0.4530656484375 0.7499748562499999 0.4550793640625 0.7654987625 0.4558357828125 0.790352565625 0.4543754265625 0.7965884515625 0.4501584765625 0.797400846875 0.443981959375 0.790430346875 0.44102230468750003
1 0.7651141640625 0.3885701171875 0.7534188828125 0.396990484375 0.7658218531250001 0.4003689578125 0.789893178125 0.399949303125 0.793796590625 0.396286546875 0.79384445625 0.3880692390625 0.7651141640625 0.3885701171875
1 0.7623701671875 0.3264808828125 0.7576543609375 0.33632015625 0.7599688875 0.338847453125 0.7948991671875001 0.340292603125 0.7942004546875 0.32695301718750003 0.7724765609375 0.3242505703125 0.7623701671875 0.3264808828125
1 0.67776219375 0.32282062499999997 0.6668703328125 0.32660521875000004 0.6660699046875 0.3307274078125 0.6784609078125 0.336160209375 0.694755325 0.3379302546875 0.6994232640625 0.3363082859375 0.7056771015625001 0.3290098453125 0.6940596015625 0.3240770859375 0.67776219375 0.32282062499999997
1 0.7022480343749999 0.38453081718750004 0.6742942359375 0.3850181578125 0.664181859375 0.38827563125000003 0.6641280109375 0.397520103125 0.69596428125 0.3969650765625 0.702964696875 0.3947889140625 0.706100590625 0.3895989484375 0.7022480343749999 0.38453081718750004
1 0.670118590625 0.4354168515625 0.6498938375 0.4419318 0.6412806015625 0.45440666875 0.6785672890625001 0.4511889734375 0.6840117234374999 0.44955346875 0.6856095875 0.44182266875 0.670118590625 0.4354168515625
1 0.6755796593750001 0.5642175593750001 0.68178563125 0.5651364234375 0.682580075 0.562041396875 0.6771655546875001 0.558541084375 0.6755796593750001 0.5642175593750001
1 0.6437942453125001 0.556041696875 0.6297844390625 0.5619347671875 0.640625446875 0.5668810609375 0.6677997578125 0.566920840625 0.6701621484375 0.5612308296874999 0.6639741265625 0.5572304734375 0.6437942453125001 0.556041696875
1 0.6426451203125 0.48673524218750003 0.6340737671875 0.49201996875000004 0.634802396875 0.5002237390625 0.6456463921875 0.504656453125 0.66115833125 0.5074671984375 0.6767031765625 0.50462854375 0.680639496875 0.49531638750000007 0.677584375 0.48663964843749996 0.6426451203125 0.48673524218750003
1 0.4985888421875 0.958612690625 0.47916750625000004 0.9604918687499999 0.4526978921875 0.9727645140625001 0.46429444999999997 0.9812923437500001 0.514017015625 0.9758037234374999 0.5171349609375 0.9736952499999999 0.5148653078125001 0.9634642265625001 0.4985888421875 0.958612690625
1 0.49518502187499996 0.8765073062500001 0.4842931609375 0.8802918999999999 0.4842692265625 0.8844005546875 0.4881427234375 0.8858736125 0.5362405031249999 0.892738028125 0.54247938125 0.8880074953125 0.53944819375 0.8752221015625 0.49518502187499996 0.8765073062500001
1 0.5499734078125 0.801090353125 0.525896096875 0.8025371734375 0.5025504109375001 0.8116741781249999 0.5033119453125 0.8142285499999999 0.5312328374999999 0.81939060625 0.5529956203124999 0.8154164906249999 0.5576994625 0.80763154375 0.556173396875 0.8030363828124999 0.5499734078125 0.801090353125
1 0.520099971875 0.7312576125 0.49675428281249995 0.74039461875 0.5006038484374999 0.74597633125 0.5122422906249999 0.7473140171875 0.548752484375 0.744109859375 0.5549883703125 0.7398929078125 0.5496247078125001 0.7276617078125 0.520099971875 0.7312576125
1 0.52747134375 0.6653973203125 0.5103495765625 0.6723717031249999 0.5118786328125 0.6764532812499999 0.549111471875 0.68248005625 0.5568704328125 0.6833718484375 0.5646533265625 0.680154984375 0.5685866546875 0.6713564109375 0.5468866953125 0.6645453078125 0.52747134375 0.6653973203125
1 0.5534666125000001 0.6012664609375 0.5386743296875001 0.60820023125 0.5386503984375001 0.612308884375 0.5525794312500001 0.620282521875 0.5805781015625 0.6120914546875 0.5860404875 0.607374459375 0.5814263937499999 0.59975195625 0.5534666125000001 0.6012664609375
1 0.5405773328125 0.5480840984375 0.5296824796874999 0.552382275 0.5273320546875 0.5560179562500001 0.569235828125 0.55990918125 0.574695221875 0.555705765625 0.5731930890625 0.547001953125 0.5405773328125 0.5480840984375
1 0.52535856875 0.494942346875 0.512901753125 0.500808340625 0.5167393515625001 0.5084443796875 0.5493521140625 0.5078758140625 0.557938425 0.50002318125 0.5494298953125 0.4945226921875 0.52535856875 0.494942346875
1 0.5513209328124999 0.4364608859375 0.528014134375 0.4389213296875 0.517116290625 0.44373308749999996 0.5186184203125 0.45243690000000003 0.5473487125000001 0.4519360234375 0.5574850203125 0.4445698953125 0.55596793125 0.43843398906250003 0.5513209328124999 0.4364608859375
1 0.5189415109375 0.39697007812499996 0.5181171515624999 0.4052009234375 0.55071495625 0.40720026562499995 0.555409821875 0.4009560625 0.554684184375 0.392238709375 0.5267303875 0.3927260515625 0.5189415109375 0.39697007812499996
1 0.5200440875 0.3409761359375 0.49515139374999995 0.349113053125 0.5168573375000001 0.3548969890625 0.5424756687500001 0.355477425 0.55025556875 0.35277414375 0.5541859078125 0.3444891484375 0.5433389187500001 0.34057001875 0.5200440875 0.3409761359375
1 0.52747828125 0.264330628125 0.514227021875 0.2732916484375 0.5149795828125 0.27738676562500003 0.5235000796875 0.280832928125 0.5584273671875 0.282791659375 0.5615901875 0.2729794578125 0.5592936109375 0.267370671875 0.52747828125 0.264330628125
1 0.552625259375 0.21253926562499997 0.5339923859375 0.2123505765625 0.5083172140625 0.22152819531249998 0.5237992375 0.22947475781249999 0.543220571875 0.22759558124999998 0.55410645 0.22483815156250003 0.5572602921875001 0.2165666953125 0.552625259375 0.21253926562499997
1 0.55298125625 0.1514230421875 0.5242479734375001 0.15243750312499998 0.5063138125 0.16558840156250001 0.521813784375 0.1704534734375 0.542785115625 0.1690608046875 0.5575983421874999 0.15853196249999998 0.556854753125 0.1528961015625 0.55298125625 0.1514230421875
1 0.5315625046875 0.09633526406250001 0.5230031171875 0.0995656609375 0.5237197796874999 0.109823759375 0.5345727499999999 0.112715728125 0.5516526374999999 0.112931490625 0.5587069 0.1015108578125 0.5556248546875 0.09745635312499999 0.5315625046875 0.09633526406250001
1 0.40890630625 0.09333833124999999 0.3848589140625 0.08964933124999999 0.377858496875 0.0918254921875 0.37473157968750004 0.0954747140625 0.3762516609375 0.1010970390625 0.3863131828125 0.10657045312499999 0.3987311078125 0.1073810203125 0.40806699062499996 0.104137084375 0.41275288125 0.099433625 0.40890630625 0.09333833124999999
1 0.37133841093750003 0.14483270625 0.3697375578125 0.1530770890625 0.3759076296875 0.1601589328125 0.38831359062500004 0.1630238296875 0.4069554390625 0.1616717703125 0.4163302125 0.1517512734375 0.41169816875 0.1472102609375 0.37133841093750003 0.14483270625
1 0.3771584703125 0.2120036109375 0.37712855312500004 0.217139428125 0.3871900734375 0.222612840625 0.39959304375000004 0.2259913171875 0.40813747187500005 0.22532882656250003 0.41365370625000003 0.21136736093750003 0.38728281249999996 0.206691809375 0.3771584703125 0.2120036109375
1 0.37455974375 0.258266575 0.365211896875 0.2635648390625 0.3752554671875 0.2721197453125 0.39853833125000004 0.273767953125 0.409418228125 0.2720376875 0.41255711406250006 0.2663341390625 0.40328106249999995 0.2593064421875 0.37455974375 0.258266575
1 0.36881315937500003 0.31177383281250004 0.3703272578125 0.31842331874999996 0.374971265625 0.32091000468750003 0.399018659375 0.324599003125 0.40911906875000004 0.32339585625 0.41227291250000003 0.3151244015625 0.40764087031249996 0.3105833890625 0.36881315937500003 0.31177383281250004
1 0.3948699375 0.37037546093749996 0.3622541828125 0.3714576078125 0.355244790625 0.3751745140625 0.3644999015625 0.3857972828125 0.39478318125 0.3852693296875 0.399454115625 0.3831337796875 0.399504971875 0.374402890625 0.3948699375 0.37037546093749996
1 0.4069647734375 0.4266528515625 0.3898938640625 0.4248963453125 0.378222515625 0.42920805624999997 0.37429217812500004 0.43749304999999994 0.385894721875 0.44499371718749997 0.3967626515625 0.4453177765625 0.406881009375 0.441033140625 0.40927630937500004 0.42969373125 0.4069647734375 0.4266528515625
1 0.378595146875 0.4985280484375 0.3739092578125 0.5032315078125 0.3777588203125 0.5088132203125 0.40802415312500007 0.511366759375 0.4096549234375 0.49798655781249995 0.40578441718749997 0.49599991875000005 0.378595146875 0.4985280484375
1 0.4054732921875 0.549412415625 0.37363104062499997 0.55099460625 0.356500296875 0.5595097328125 0.3619028515625 0.5650643703125 0.368879334375 0.5669968625 0.39763056875 0.5629009109374999 0.4069634578125 0.5601705578125 0.40932585 0.554480546875 0.4054732921875 0.549412415625
1 0.3694613765625 0.600366134375 0.36090498125 0.6030829515625 0.3639391609375 0.6153547640625 0.382554084375 0.6186249421875 0.39265449375 0.61742179375 0.3950049203125 0.6137861109375 0.3911852703125 0.60306858125 0.3694613765625 0.600366134375
1 0.35749685625 0.655008853125 0.3589810375 0.6667941578125001 0.39314080625000003 0.6672256828124999 0.396297640625 0.65844064375 0.3908861125 0.6544267515625 0.35749685625 0.655008853125
1 0.40522367656249997 0.7255574 0.376496375 0.7255446953125 0.354736584375 0.7290052296875 0.343808821875 0.7389528015625 0.3530998296875 0.743412590625 0.390383528125 0.7407084765625 0.4051548703125 0.7373697796875 0.4090822171875 0.72959836875 0.40522367656249997 0.7255574
1 0.35195237968750004 0.807110259375 0.354260921875 0.8106647203125 0.3682108984375 0.8150432828125 0.39772366875 0.8135017046874999 0.39704290468750003 0.797080628125 0.37300149375 0.792364465625 0.35195237968750004 0.807110259375
1 0.343786565625 0.8760655796875 0.3290152234375 0.8794042765625001 0.32588830468749996 0.8830534968749999 0.328973340625 0.8865944203125 0.3592087578125 0.8942837750000001 0.3724301015625 0.8904585703125001 0.3763514640625 0.8837143218750001 0.37562881875 0.8744833875 0.343786565625 0.8760655796875
1 0.34953781875 0.9550488625 0.3192485546875 0.956603978125 0.310647284375 0.9670245218750001 0.35407113749999997 0.9765380703125001 0.3711689734375 0.97367234375 0.3766253734375 0.9699825093750001 0.37512025000000004 0.9617922765625 0.34953781875 0.9550488625
1 0.1948598734375 0.9844490218749999 0.18857612031249998 0.9968832796875 0.232833309375 0.9966252390625 0.237546125 0.987299546875 0.2275354609375 0.9730952421874999 0.1948598734375 0.9844490218749999
1 0.22882650624999998 0.884745653125 0.187648371875 0.8895717812499999 0.1860535015625 0.8967889984375 0.19608211250000002 0.9079118125000001 0.2209389078125 0.9059378765625 0.2279303484375 0.9053024593749999 0.234187178125 0.897490434375 0.22882650624999998 0.884745653125
1 0.15625485625 0.8141167171875001 0.195808203125 0.8216436234375 0.21681842499999998 0.81357439375 0.216149628125 0.7950989890625 0.1866069421875 0.801776384375 0.15625485625 0.8141167171875001
1 0.22040903906249998 0.730320009375 0.197905659375 0.7281446796875 0.1730039890625 0.73782234375 0.1605352078125 0.7457426640625 0.1915680578125 0.7498234109374999 0.2210957859375 0.7457139234375 0.23276713437500002 0.741402209375 0.22891457656249997 0.736334078125 0.22040903906249998 0.730320009375
1 0.22858981093750003 0.65879678125 0.21537744062500003 0.6610812421875 0.20057319062499998 0.6700693375 0.19740738124999999 0.68039511875 0.23853166875 0.6848134625 0.25026883125 0.669202953125 0.24100175625000003 0.6606345124999999 0.22858981093750003 0.65879678125
1 0.2460765515625 0.5891654328125 0.22587572968749997 0.591571728125 0.20176850468750002 0.5981543625 0.212543696875 0.6143994562499999 0.24519535 0.6071543296875 0.24908978906249998 0.605032315625 0.2499111578125 0.597315053125 0.2460765515625 0.5891654328125
1 0.2463428 0.5434566609375 0.21605952031250003 0.5439846125 0.202046721875 0.5503912640624999 0.20124928749999998 0.5539998749999999 0.219084725 0.557797171875 0.2501385171875 0.55828284375 0.2540419296875 0.5546200859375 0.254095778125 0.5453756140625 0.2463428 0.5434566609375
1 0.24587144843750003 0.49108486406249996 0.22256464999999998 0.49354530937499996 0.21244329999999997 0.4983435296875 0.222480884375 0.5079255953125 0.24656716875 0.5049380328125 0.250467590625 0.5017888562499999 0.250518446875 0.49305796874999996 0.24587144843750003 0.49108486406249996
1 0.243885996875 0.4320635828125 0.2135967328125 0.4336186984375 0.20112495468749997 0.4420526015625 0.20493263750000001 0.45482445781249997 0.246899234375 0.447930465625 0.2539056328125 0.44472713906249994 0.2493094890625 0.434023146875 0.243885996875 0.4320635828125
1 0.2481334390625 0.369338928125 0.22951253125 0.3670959140625 0.20929675468750003 0.3720701171875 0.207707865625 0.378260171875 0.2154428953125 0.38326061562499997 0.2395082375 0.3838681265625 0.24961463125 0.38163781406249997 0.25276847343750003 0.37336635937499996 0.2481334390625 0.369338928125
1 0.2244091359375 0.31018310625 0.2150822296875 0.31188629687499997 0.20572540468749997 0.31872530781249997 0.2072544625 0.3228068859375 0.21190744687500002 0.323752828125 0.247623196875 0.32364369531250003 0.25076806406249996 0.3169129828125 0.2476830265625 0.31337206093750003 0.2244091359375 0.31018310625
1 0.255815934375 0.25006613906249997 0.2473044125 0.2450792328125 0.2340980234375 0.24633652968750003 0.21619677187500003 0.2538380296875 0.21691642656250001 0.26358254375 0.235528359375 0.267366303125 0.24795526093750003 0.2666361265625 0.253414653125 0.2624327109375 0.2565714875 0.25364767499999996 0.255815934375 0.25006613906249997
1 0.23980571875 0.199505834375 0.2180608859375 0.20039845781249999 0.2040480859375 0.2068051078125 0.20091817656250002 0.2109679125 0.20400620468750003 0.213995253125 0.2117651671875 0.21488704374999998 0.239715971875 0.21491328437499999 0.24983433124999999 0.210628646875 0.25374671875 0.20542514375 0.23980571875 0.199505834375
1 0.2532933140625 0.1499718578125 0.24789674375 0.1433900546875 0.2478309296875 0.1546888546875 0.2532933140625 0.1499718578125
1 0.21221091093750002 0.13836337031249998 0.2051955359375 0.143107440625 0.204395109375 0.14722963125 0.212903640625 0.15273012187499999 0.22763309999999998 0.1565815671875 0.2385070140625 0.1558784640625 0.241684790625 0.143498353125 0.2378202671875 0.1404845515625 0.21221091093750002 0.13836337031249998
1 0.24899034687500002 0.0889368578125 0.2225805625 0.0909378703125 0.21401519218749998 0.095195434375 0.220167315625 0.10535876875000001 0.24035317812499998 0.10552038281250001 0.2496950421875 0.10124928281250001 0.252842903125 0.0940049890625 0.24899034687500002 0.0889368578125
1 0.1255905609375 0.0803040640625 0.120946553125 0.0778173796875 0.08831285 0.081981015625 0.0766295328125 0.08834705468750001 0.07661457499999999 0.0909149640625 0.08745857343749999 0.095347678125 0.11307690468750001 0.0959281109375 0.1216273171875 0.0942384578125 0.12709269375 0.0890078796875 0.1255905609375 0.0803040640625
1 0.11046322187499999 0.144758984375 0.1042751984375 0.1407586296875 0.0794303703125 0.14067823906250002 0.0662030421875 0.14553060625 0.06695859531250001 0.1491121421875 0.0801081421875 0.15761289843749998 0.096414525 0.157328615625 0.10418246093750001 0.15667966093750002 0.10964185312500001 0.15247624843750002 0.11046322187499999 0.144758984375
1 0.09157905625 0.187711159375 0.06978336406249999 0.1973346734375 0.075956428125 0.20390293750000002 0.08447692500000001 0.2073490984375 0.10233629687500001 0.20703774375 0.10858415156250001 0.20076646562499997 0.10705808593749999 0.196171303125 0.09157905625 0.187711159375
1 0.13549221250000001 0.24651501250000002 0.10753243125 0.2480295171875 0.098190565625 0.25230061875 0.09968970625 0.261518015625 0.1167606171875 0.263274521875 0.136178959375 0.2619089265625 0.140873825 0.2556647234375 0.1401422046875 0.247974534375 0.13549221250000001 0.24651501250000002
1 0.1359426265625 0.3024818796875 0.11964820937500001 0.3007118375 0.1033298609375 0.30305044531249997 0.087767065625 0.3089705875 0.0877132171875 0.318215059375 0.0915807328125 0.3207152828125 0.1335204015625 0.318443525 0.1413242390625 0.31163159218750003 0.1405926171875 0.3039414046875 0.1359426265625 0.3024818796875
1 0.12005374843750001 0.3643824296875 0.0812320203125 0.3645457109375 0.08816363125 0.374181928125 0.102116596875 0.37804690937499996 0.11143752031250001 0.37737088124999996 0.1192084484375 0.37620834531249997 0.1246827984375 0.369437025 0.12005374843750001 0.3643824296875
1 0.08944438593750001 0.42089078750000003 0.0832114890625 0.4245941578125 0.0854931078125 0.43277085312499997 0.12194945312500001 0.4388111640625 0.1266742328125 0.42743114374999996 0.11895117343749999 0.42037637187500004 0.08944438593750001 0.42089078750000003
1 0.0828973734375 0.4785202375 0.0673106453125 0.48854903125 0.0703956828125 0.49208995624999996 0.10455844375000001 0.49200789843750004 0.110791340625 0.488304528125 0.1069687 0.4781005828125 0.0828973734375 0.4785202375
1 0.1105101328125 0.5365812078125 0.08642385 0.5395687703125 0.08095547812500001 0.54531293125 0.07931573593749999 0.560233875 0.0870806796875 0.560098503125 0.11820028593750001 0.549285378125 0.1221186578125 0.5430547125 0.1105101328125 0.5365812078125
1 0.10198233593749999 0.6676799124999999 0.08334647187500001 0.66800480625 0.060807192187500005 0.671992459375 0.05302130625 0.6757229031249999 0.06308581875 0.6806827375 0.1019045546875 0.6810330375 0.10579600156249999 0.67942460625 0.10739685624999999 0.6711802234375 0.10198233593749999 0.6676799124999999
1 0.0775609953125 0.7281886265625 0.062037090625 0.7274322078125001 0.052692234375 0.732216890625 0.0440879734375 0.743151015625 0.05106445625 0.7450835078125 0.08135072812500001 0.744041971875 0.08916353906249999 0.7356892937499999 0.0884109765625 0.7315941765625 0.0775609953125 0.7281886265625
1 0.0894793296875 0.8147673375 0.084844296875 0.8107399093750001 0.05687853281250001 0.8132815750000001 0.0389563375 0.8243781484375001 0.037382407812500004 0.8280002937500001 0.0528704140625 0.8349196921875001 0.06840329375000001 0.8341353671875 0.080062675 0.8318779812500001 0.0862985640625 0.8276610296875001 0.0894793296875 0.8147673375
1 0.0603302171875 0.8871696546875001 0.03776700625 0.8952659578125 0.0439011796875 0.9085107859375 0.0842818796875 0.9072932671875 0.089786146875 0.8953861265624999 0.0828455625 0.88729065625 0.0603302171875 0.8871696546875001
1 0.0659268625 0.5928196546875 0.0675037828125 0.5886839265625 0.061342684375 0.5800613359375 0.05742730625 0.58577841875 0.0659268625 0.5928196546875
1 0.10160970312499999 0.5983599234375 0.064340965625 0.5984961281250001 0.0371277640625 0.6051329109375 0.036330328125 0.6087415203125001 0.0774157234375 0.6198364265625 0.10071653750000001 0.6184031453125 0.10697935 0.6095639578125 0.1062567046875 0.6003330250000001 0.10160970312499999 0.5983599234375
1 0.1075933640625 1 0.1086121578125 0.9957097078125001 0.1024600328125 0.985546371875 0.0520058484375 0.983344803125 0.044225946875 0.986048084375 0.0494526640625 1 0.1075933640625 1