1 0.1731840875 1 0.177729021875 0.994161259375 0.1710995296875 0.98943833125 0.15417537812499998 0.9866543968749999 0.12784528281250002 0.9905279124999999 0.1182151203125 0.9947392859375 0.1245737921875 1 0.1731840875 1
1 0.09214773750000001 0.9141921328124999 0.0903626015625 0.92212856875 0.1049091375 0.9297033015625 0.11480688750000001 0.9300105515625001 0.1300542734375 0.9195385093749999 0.13302629375 0.9135500125 0.12986063125 0.9098032890625 0.108185096875 0.9079142750000001 0.09214773750000001 0.9141921328124999
1 0.072485628125 0.8359218343749999 0.06496164374999999 0.839510459375 0.063375925 0.844152103125 0.06812345625 0.8519438578124999 0.074259215625 0.854045421875 0.0959366765625 0.8515910984374999 0.1206849015625 0.8436725515625 0.12761640624999998 0.8369382890624999 0.110891671875 0.8308595609375 0.072485628125 0.8359218343749999
1 0.2125180109375 0.8871774796875 0.20796219843750002 0.893464284375 0.2112246828125 0.9020786171875 0.234385265625 0.903145053125 0.2665606546875 0.8867702703125 0.2720071109375 0.8808585859375 0.25201411875 0.8791955375 0.2186556953125 0.8849357078125 0.2125180109375 0.8871774796875
1 0.194240278125 0.8119036656249999 0.1996790359375 0.8233653296875 0.22580971249999998 0.8227866046875001 0.23857881406249998 0.8209244234374999 0.2460059765625 0.8124681875 0.243436640625 0.8031804265625 0.237796540625 0.799356890625 0.2044381171875 0.8050970609375 0.194240278125 0.8119036656249999
1 0.2690062203125 0.9519971421875001 0.2384184765625 0.95938694375 0.23415890468749997 0.9672465656250001 0.23682698281249998 0.9770585984375 0.25177043125 0.9823870859375001 0.2573137109375 0.9813430125 0.288501634375 0.9597255015625 0.2877116609375 0.9555313156249999 0.278013328125 0.9519292734375 0.2690062203125 0.9519971421875001
1 0.346511459375 0.9411991734375 0.3405712703125 0.9444894921874999 0.34076491249999996 0.9542247140625 0.343237425 0.9586448624999999 0.35194636875 0.9613475125000001 0.37926777968750003 0.9540300531250001 0.3958995421875 0.9465544937500001 0.4014447453125 0.9411670828125 0.3730409734375 0.9340308671875001 0.346511459375 0.9411991734375
1 0.3575396890625 0.8473766703125 0.3384334890625 0.854775415625 0.33516523125000003 0.85919109375 0.3360501 0.872596225 0.34139396093749996 0.8748469421875 0.34475904375 0.875298875 0.3717861375 0.86206525625 0.3758462953125 0.8575004265624999 0.373472528125 0.85360455 0.3575396890625 0.8473766703125
1 0.313020984375 0.7982173296874999 0.338657928125 0.7950172390625 0.3533109109375 0.785742896875 0.3422282015625 0.7791443703125001 0.32401649374999997 0.778231559375 0.31382057812499997 0.7806948265625 0.30352399375 0.786977159375 0.313020984375 0.7982173296874999
1 0.3023582828125 0.737252509375 0.311165971875 0.7404794328125 0.3522458703125 0.732199184375 0.3569004296875 0.726436653125 0.34661154375000003 0.7153456359375 0.307016690625 0.7228033046875 0.2959282078125 0.729234790625 0.3023582828125 0.737252509375
1 0.27486632499999997 0.682714703125 0.3102984234375 0.687984265625 0.3301965203125 0.68043636875 0.3191157359375 0.6694945031249999 0.271903928125 0.6669865125000001 0.267448784375 0.669454253125 0.2661593078125 0.6756687171875 0.27486632499999997 0.682714703125
1 0.180504884375 0.76074640625 0.184067459375 0.762246884375 0.2030729890625 0.7586672015625 0.21812288125 0.7471466140625 0.2092164453125 0.7433954171875 0.19298351875 0.7442813953125 0.17793555 0.7514586453125001 0.180504884375 0.76074640625
1 0.07052801875 0.7863463390625001 0.091117340625 0.78246835 0.0972569484375 0.7758832390625 0.0937950453125 0.770563696875 0.0876592890625 0.7684621328125 0.054487421875 0.7748363484375 0.0509118859375 0.7913745515625 0.07052801875 0.7863463390625001
1 0.04917759375 0.720880084375 0.0826347609375 0.7156641875 0.1100587671875 0.700184325 0.073832846875 0.699407253125 0.054035420312500006 0.7031360875 0.0410669046875 0.708293059375 0.0579536609375 0.71035561875 0.04917759375 0.720880084375
1 0.0353453796875 0.6648552140625 0.0679119046875 0.6592641984375 0.0757359765625 0.6485617171875 0.0749460046875 0.6443675343749999 0.0563373875 0.64570096875 0.032975462500000004 0.6522726640625 0.028915304687499997 0.6568374953125 0.0353453796875 0.6648552140625
1 0.069621390625 0.5986834437499999 0.043591384375 0.595443103125 0.0069647015625 0.6055989515625 0.0096347078125 0.6110676484375 0.031110824999999998 0.6162514531250001 0.066451878125 0.60362339375 0.069621390625 0.5986834437499999
1 0.054102784375000004 0.5511192828125 0.031139696875 0.55110139375 0.0137179609375 0.55438276875 0.005797065625 0.5602176390625 0.012523378125000002 0.5698081796875 0.03410209375 0.5668295828125001 0.054102784375000004 0.5511192828125
1 0 0.5059171499999999 0.003345725 0.5080207796875 0.030963373437500004 0.5022761375 0.0339334671875 0.5006309796874999 0.0347292140625 0.49179515 0.0210713984375 0.488938875 0 0.4934079234375 0 0.5059171499999999
1 0 0.4446739796875 0.015549289062499999 0.44220623750000004 0.0246570671875 0.43831930625000004 0.030004778125 0.43188335 0.024463425 0.42858408593749997 0 0.42754674374999996 0 0.4446739796875
1 0.11482629687499998 0.21613042187499998 0.10829362812500001 0.216275103125 0.0692931796875 0.2225350734375 0.077150365625 0.227654859375 0.079906553125 0.2334078296875 0.07314621875 0.2386383828125 0.097497534375 0.23296608124999998 0.114129296875 0.225490521875 0.1177944671875 0.2188286 0.11482629687499998 0.21613042187499998
1 0.061494126562499994 0.1767741703125 0.06687937031249999 0.1790435765625 0.077780834375 0.18067976562500002 0.0668075921875 0.1875429 0.064357778125 0.1919780875 0.1069227234375 0.1828752578125 0.11563551718750001 0.17689123281250002 0.1081153828125 0.171793184375 0.0943588171875 0.1684126359375 0.061494126562499994 0.1767741703125
1 0.1588974640625 0.158428303125 0.1838412578125 0.1559016390625 0.197404178125 0.1495469671875 0.20265314218750002 0.1425867375 0.19463735 0.1392106609375 0.157120025 0.1489913890625 0.1513773296875 0.15333025312499998 0.1588974640625 0.158428303125
1 0.1852006125 0.215361509375 0.2074744 0.20736615 0.210248928125 0.20032910625000003 0.20391567500000002 0.1971789953125 0.18609895625 0.19836327812500001 0.1761992796875 0.2023993640625 0.17807546406250002 0.2123605515625 0.1852006125 0.215361509375
1 0.17597291718750002 0.266500878125 0.1803254640625 0.272195540625 0.1895300640625 0.27317621718749996 0.20160601093750002 0.2719874625 0.212297584375 0.26780222343750004 0.223287321875 0.26084646562499997 0.22546744375 0.25500712187499996 0.206959496875 0.25252149375 0.17597291718750002 0.266500878125
1 0.09301544687499999 0.29624054218749996 0.12221689218750001 0.29019759375 0.1268714515625 0.2844350640625 0.1221239171875 0.276643309375 0.09718204687500001 0.2748266359375 0.0873791953125 0.28373033125 0.0864847015625 0.29204188593749997 0.09301544687499999 0.29624054218749996
1 0.07369250625 0.346024115625 0.0736886578125 0.354710790625 0.0780431296875 0.3560621140625 0.079826340625 0.3524690171875 0.0782463953125 0.34408064843749997 0.07369250625 0.346024115625
1 0.0839890921875 0.3397417828125 0.0813152390625 0.3429597625 0.08467646875 0.3520983671875 0.08665524999999999 0.3538971546875 0.1095215171875 0.3490474328125 0.1258570390625 0.33999905468749997 0.1251658125 0.3363291453125 0.1100229484375 0.334295446875 0.0839890921875 0.3397417828125
1 0.2247473484375 0.3164872703125 0.2185128421875 0.3138614328125 0.197331040625 0.314593784375 0.18911390625 0.3188558359375 0.1930676171875 0.33114007968750003 0.22306095781250002 0.3249479796875 0.2247473484375 0.3164872703125
1 0.19251095625 0.6938833203125 0.2076615203125 0.6785436671875 0.2060796515625 0.6744986359375 0.16885856562499998 0.68585218125 0.1664771015625 0.6993296531250001 0.16954401875 0.7025521046875001 0.19251095625 0.6938833203125
1 0.14423410781249998 0.6378316171875 0.1453203203125 0.6435986203125 0.149872284375 0.6459984921874999 0.158186240625 0.64660405 0.1859045625 0.6370403437500001 0.1883828484375 0.62843048125 0.1859103359375 0.6240103296874999 0.1565114 0.629004734375 0.14423410781249998 0.6378316171875
1 0.1466309703125 0.5896074484375 0.16969665625000002 0.581462934375 0.18375715937499998 0.5690429531250001 0.1836603375 0.56417534375 0.178217728125 0.5614003515625 0.16762682812500002 0.5617665281249999 0.14337233437500002 0.5723064390625 0.1466309703125 0.5896074484375
1 0.11835289062500001 0.5221887828125 0.1203297453125 0.5283309046875 0.12745489375000002 0.5313318609375 0.15299309218749998 0.5276074984375 0.168633540625 0.523575884375 0.1706142453125 0.52103133125 0.1585421453125 0.5135334125 0.124887484375 0.5177007640625 0.11835289062500001 0.5221887828125
1 0.15430759375 0.4649296515625 0.1408491921875 0.45877858437499996 0.111549003125 0.464297259375 0.113128946875 0.472685628125 0.1177796578125 0.47560977187500003 0.14232846562499998 0.47098601718750005 0.15430759375 0.4649296515625
1 0.1386960140625 0.4038112046875 0.1320684484375 0.3947449390625 0.1213788015625 0.3945868421875 0.0997981640625 0.401908775 0.1015736765625 0.4156890265625 0.1368140578125 0.4068800296875 0.1386960140625 0.4038112046875
1 0.20106416249999998 0.3779495296875 0.190173171875 0.385429559375 0.1978907984375 0.39157615625000003 0.20293842187500002 0.392254053125 0.21917327343749998 0.387024740625 0.2307574140625 0.378871284375 0.22917554375 0.374826253125 0.21739776093750002 0.3732444890625 0.20106416249999998 0.3779495296875
1 0.21271047968749998 0.4528437546875 0.2451782578125 0.446728465625 0.2434008203125 0.43729155000000003 0.23251367968749997 0.4360849078125 0.2040053875 0.441454428125 0.20103336718749998 0.4474429265625 0.2051884203125 0.45208904375000003 0.21271047968749998 0.4528437546875
1 0.26792460625 0.4891311796875 0.24615032656250002 0.48671789218750006 0.231596090625 0.49651650937499997 0.23466108437500002 0.504082296875 0.24050060156250003 0.50461104375 0.2790053921875 0.50007304375 0.26792460625 0.4891311796875
1 0.2619305265625 0.6140349421875 0.257078471875 0.6187489265624999 0.2584628484375 0.6217454109375 0.26460053281249996 0.6195036390625 0.2619305265625 0.6140349421875
1 0.31072997812500003 0.60755795 0.2953896203125 0.6044757078125 0.2750965359375 0.609926515625 0.2695513328125 0.6153139265625 0.27301323593750004 0.6206334703125 0.30063088437499996 0.614888828125 0.31072997812500003 0.60755795
1 0.2481060109375 0.5406367234375 0.24661711406250003 0.5501459796875 0.2523540375 0.5588371249999999 0.2686857109375 0.5584754234375 0.283931171875 0.55234671875 0.2941290109375 0.5455401125 0.2933409640625 0.5370025921875 0.28364263125 0.53340055 0.2481060109375 0.5406367234375
1 0.5584118234375001 1 0.5673115671875 0.9902711859375 0.5381158984375001 0.9832841234374999 0.5180222328124999 0.9854401390625 0.5023798609375 0.993815090625 0.5021531453125 1 0.5584118234375001 1
1 0.46747036406250003 0.9260168328124999 0.51508678125 0.9089052265625 0.518750028125 0.906586640625 0.5179600546875001 0.9023924578125 0.5061822703125001 0.9008106937499999 0.46094539218749997 0.908788165625 0.46024646875 0.922491603125 0.46747036406250003 0.9260168328124999
1 0.4304910390625 0.83852216875 0.4297959640625 0.84353893125 0.4360285453125 0.8505081062500001 0.45889288749999996 0.8500017234374999 0.48631496875 0.8388651953125 0.4866131328125 0.836094678125 0.4611775296875 0.8316566406250001 0.43643122968750003 0.8352318484374999 0.4304910390625 0.83852216875
1 0.42705415625 0.776739240625 0.46476705 0.7723503968750001 0.47634926718750004 0.768540275 0.4792225390625 0.76202750625 0.45378693593749997 0.7575894671875 0.42310237031250003 0.7601116593749999 0.41992900781250003 0.773738284375 0.42705415625 0.776739240625
1 0.4141241328125 0.6950294671874999 0.39333346874999997 0.7065455859374999 0.39897164375 0.714712459375 0.40748309374999997 0.7163665625 0.4152045703125 0.713826484375 0.45193192499999996 0.699851571875 0.452725746875 0.69535908125 0.43402030625 0.69182490625 0.4141241328125 0.6950294671874999
1 0.370099159375 0.6484914921875 0.4000886515625 0.6509860656249999 0.412762853125 0.6399129375 0.4119728796875 0.635718753125 0.39564313281249996 0.63173711875 0.3669373453125 0.6360580953125 0.3636671625 0.644817109375 0.370099159375 0.6484914921875
1 0.41071227187500003 0.57678315625 0.398835740625 0.5746771203125001 0.36547731875 0.580417290625 0.365572215625 0.5896282375 0.37190546874999997 0.5927783468750001 0.413779190625 0.5800056078125 0.41071227187500003 0.57678315625
1 0.41816060625 0.5205502109375 0.40440404062499996 0.5171696640625 0.3798552328125 0.52179341875 0.37223057656249997 0.5292011078125001 0.3824226421875 0.535424515625 0.41568231874999995 0.5291600734374999 0.41816060625 0.5205502109375
1 0.3740349609375 0.47783129999999996 0.4033351515625 0.4723126234375 0.403240253125 0.46310167656249995 0.391264978125 0.46047136875000005 0.36711308125 0.46284887656249996 0.36275668437499997 0.465840890625 0.36235784843749996 0.472430471875 0.3740349609375 0.47783129999999996
1 0.39504236718749997 0.42393035625 0.392670525 0.4156911421875 0.3839615828125 0.4129884921875 0.3554532890625 0.41835801406249995 0.35634008281249996 0.42741980625 0.3622764234375 0.4328161625 0.39504236718749997 0.42393035625
1 0.3526011859375 0.3770940734375 0.361013890625 0.3782239046875 0.38694899843749997 0.372253296875 0.40793715781250006 0.3617857265625 0.38111525625 0.3586945390625 0.35735834375 0.36316914218749996 0.34706175781250004 0.369451471875 0.3526011859375 0.3770940734375
1 0.3312526859375 0.3072844828125 0.3663943203125 0.29795121406249997 0.3744139625 0.292640615625 0.3744158875 0.28829727968749996 0.359274946875 0.2819202453125 0.3274983921875 0.291705446875 0.3262089140625 0.2979199078125 0.3312526859375 0.3072844828125
1 0.336426 0.24767993124999998 0.3565196671875 0.24552391562500003 0.3707776625 0.23415248125 0.34296636875000003 0.2301619015625 0.32405958749999997 0.23426585625000002 0.3200981765625 0.2393549609375 0.3248457109375 0.24714671406250002 0.336426 0.24767993124999998
1 0.325960790625 0.187763659375 0.34753950625 0.1847850640625 0.3623899796875 0.1765592640625 0.341707684375 0.1668829671875 0.3123087484375 0.17187737187500002 0.3086455015625 0.1741959578125 0.3089398171875 0.1801121125 0.325960790625 0.187763659375
1 0.30648654999999997 0.132258590625 0.3238095390625 0.12845294375 0.33430361875000003 0.12321915624999999 0.333120584375 0.1125845421875 0.3238172390625 0.1110795921875 0.2995646703125 0.1172761671875 0.2971870546875 0.12206696406249999 0.30648654999999997 0.132258590625
1 0.4717083390625 0.0734526875 0.4479495046875 0.082270628125 0.445174978125 0.0893076703125 0.4508150796875 0.0931312046875 0.460910321875 0.0944870046875 0.4733831828125 0.091052003125 0.48259163125000004 0.08334600625000001 0.4830892140625 0.077280696875 0.47923039999999995 0.0742074 0.4717083390625 0.0734526875
1 0.46266658749999995 0.15170062812500001 0.48186961093749997 0.1491694921875 0.493947484375 0.1436374 0.498900209375 0.1351043515625 0.4957364703125 0.127014290625 0.4551503046875 0.13791590468749998 0.4512876390625 0.14352928125 0.46266658749999995 0.15170062812500001
1 0.473327365625 0.217008784375 0.48213697968749997 0.21589237031250003 0.4941161078125 0.2098360046875 0.5033245546875 0.20213000781249998 0.502337090625 0.196887278125 0.49105496562499995 0.193583540625 0.4651179296875 0.2038974875 0.473327365625 0.217008784375
1 0.48072950781249996 0.2650159328125 0.49211230468749995 0.2645006046875 0.5154742296875 0.257928909375 0.5240902000000001 0.247077275 0.5135999703125 0.2436243875 0.48459602031250004 0.25071588125 0.47647570781250004 0.25984554375 0.48072950781249996 0.2650159328125
1 0.49060416093750003 0.31744323125 0.501096315625 0.3165527828125 0.5248551515625001 0.30773484375 0.5291128031250001 0.30421855781249996 0.5294128921875 0.297104703125 0.4897192921875 0.3040381015625 0.4858566296875 0.30965147656249997 0.49060416093750003 0.31744323125
1 0.51670789375 0.377671228125 0.547591878125 0.371854246875 0.555020965625 0.359054671875 0.5472026671875 0.3567271421875 0.51384424375 0.3624673109375 0.509882834375 0.3675564140625 0.5115615250000001 0.3764690578125 0.51670789375 0.377671228125
1 0.5102528000000001 0.4261168921875 0.514800915625 0.43720343906250003 0.5258855484375 0.439458628125 0.5368733609375 0.43684620625 0.5472706171875 0.42674481093749994 0.5417311890625001 0.4191022109375 0.5290627609375 0.4171453265625 0.5120360109375001 0.42252379375000004 0.5102528000000001 0.4261168921875
1 0.559910175 0.49385175468750003 0.554270075 0.49002821562500004 0.526158690625 0.49315149375 0.52259419375 0.49599435156249994 0.5267453953125 0.5093271421875001 0.5570369015625001 0.5003645234375 0.559910175 0.49385175468750003
1 0.5334563125 0.5536643812500001 0.536918215625 0.5589839234375 0.5469147125 0.559815446875 0.5769061296875 0.5579666828125001 0.5836382171875 0.5545272109375 0.5880952828125 0.547716134375 0.569093603125 0.5426091421875 0.53642833125 0.547675884375 0.5334563125 0.5536643812500001
1 0.562133228125 0.6144934625 0.572625384375 0.6136030156250001 0.5909396874999999 0.6063534234375 0.5917373578125 0.5931742578125 0.5825327578125 0.5921935796875 0.5609521187500001 0.5995155125 0.5590663124999999 0.6112710109374999 0.562133228125 0.6144934625
1 0.5660734671875 0.65718106875 0.570919746875 0.6654970953125 0.6055657234375 0.6578858015625 0.6048783453125 0.645529215625 0.5708267734375 0.6519428109375001 0.5660734671875 0.65718106875
1 0.5663369874999999 0.7325906203125 0.5717776703124999 0.7397089484375 0.58741619375 0.7400206734375 0.6258222375 0.7349584015625 0.634436284375 0.7284501031249999 0.6214735390625 0.7205770640625 0.59870794375 0.721607721875 0.5695064999999999 0.7276506703125001 0.5663369874999999 0.7325906203125
1 0.6371742390625 0.8039364703125 0.63885870625 0.7998190984375 0.6147125828125 0.789166596875 0.5911512390625 0.7990330812499999 0.5935192328125 0.8159589703125001 0.6238088140625 0.8113396875 0.6371742390625 0.8039364703125
1 0.6273444421875001 0.8736468875 0.6283299828125 0.8832329546875 0.633573171875 0.8893027375000001 0.6477266484374999 0.8904370406250001 0.6770306875000001 0.8762316890624999 0.6795070515625 0.871965165625 0.6756482359375 0.8688918671874999 0.6600097140625001 0.8685801453125 0.6273444421875001 0.8736468875
1 0.650362009375 0.9740858046875 0.6682774765625 0.9734257953125001 0.71064878125 0.9545877484374999 0.69996298125 0.9457429734374999 0.6688815046875 0.9505114109375 0.6441313546874999 0.9627732953124999 0.6441275046875 0.9714599703125 0.650362009375 0.9740858046875
1 0.7887407234375 0.9599654281250001 0.7952695453125 0.9685074218749999 0.8403089265625001 0.9594814046875 0.831603834375 0.9480920812500001 0.7962704828125 0.9433467906249999 0.7887407234375 0.9599654281250001
1 0.7904617593750001 0.87332465 0.816098703125 0.870124559375 0.824220940625 0.8566515593749999 0.82125469375 0.8496100453125001 0.7784941796875 0.8533209906250001 0.7754195640625 0.8674718890625 0.7832359375 0.87414275625 0.7904617593750001 0.87332465
1 0.7746757843750001 0.7590376109375 0.7774387640625 0.7780605921875 0.80030118125 0.7818975453125 0.8391079843749999 0.7659023546875 0.8059528296874999 0.7596610578125 0.7746757843750001 0.7590376109375
1 0.750748325 0.70165694375 0.7477763046875 0.707645440625 0.760444734375 0.709602325 0.7912280468749999 0.70760440625 0.822015209375 0.6969198125 0.8078636578125 0.6914421734375 0.7807455156249999 0.68677816875 0.758274234375 0.6937249828125001 0.750748325 0.70165694375
1 0.73137090625 0.6510194874999999 0.772353984375 0.637871628125 0.767211465625 0.62798278125 0.7504867296875 0.6219040546875 0.7366294953125 0.6223425703125 0.7243541265625 0.6268261171875 0.71653005625 0.6375285984375 0.73137090625 0.6510194874999999
1 0.7101250015625 0.5730474937500001 0.7446683828125 0.5735985984374999 0.7525950531250001 0.5547337171875 0.7268612859375 0.5530661953125 0.7058769765624999 0.5548470937500001 0.703497434375 0.5639812281250001 0.7057705296875 0.57169616875 0.7101250015625 0.5730474937500001
1 0.6895645484374999 0.511775421875 0.6913419875 0.5212123359375 0.695992696875 0.52413648125 0.7274710859375 0.5171217984375 0.744894746875 0.5094970875 0.7434116234375 0.5059763296875001 0.7279725171875 0.5023698140625 0.6970885328125 0.5081867953125 0.6895645484374999 0.511775421875
1 0.6896825421874999 0.46886632500000003 0.7147250828125 0.46686393125 0.7231435609375 0.4549637515625 0.7119601796875 0.452184290625 0.6878082828125 0.4545617984375 0.6834518859375 0.45755381249999993 0.685130578125 0.4664664515625 0.6896825421874999 0.46886632500000003
1 0.6787216765624999 0.41067202187499996 0.722669075 0.4089090140625 0.7241598953125 0.39505642500000004 0.7099096 0.3890545078125 0.678828121875 0.39382294687499997 0.6736798281249999 0.3969641109375 0.6710021234375 0.40886876406250006 0.6787216765624999 0.41067202187499996
1 0.6588601484375001 0.3356965125 0.66360768125 0.34348826718750003 0.6742973296875 0.3436463640625 0.69864864375 0.3379740640625 0.7055801484375 0.3312398 0.7028113953124999 0.32524683125 0.6813333546875 0.3244063625 0.6628215578125001 0.330607409375 0.6588601484375001 0.3356965125
1 0.65285008125 0.27331249999999996 0.6503737187499999 0.277579025 0.6548250140625 0.2837979609375 0.69115353125 0.27641263125000004 0.69570741875 0.2744691640625 0.696501240625 0.269976675 0.6857147718750001 0.264950965625 0.6759157671875 0.26516798750000004 0.65285008125 0.27331249999999996
1 0.6405086890625 0.2034350390625 0.6327852859374999 0.21031845625 0.632684615625 0.214137521875 0.6375308953125 0.2224535484375 0.6438641453125 0.22560365781249997 0.6566332453125 0.2237414765625 0.6748488015625 0.21596761406249998 0.6737645156250001 0.20585727187499997 0.65416843125 0.20194797812499998 0.6405086890625 0.2034350390625
1 0.6619110796875 0.1516311875 0.6396392171875 0.1552832109375 0.626570028125 0.164259246875 0.6315169796875 0.16875621093749998 0.6426016125 0.17101139999999998 0.6710111609375 0.1651176046875 0.6787326375 0.1625775234375 0.6813077453124999 0.15883527343749998 0.6773501859375 0.15523770312500002 0.6619110796875 0.1516311875
1 0.6209568734375 0.09962898906249999 0.6166973 0.1074886125 0.623129296875 0.11116299375000001 0.6209568734375 0.09962898906249999
1 0.6306590562500001 0.09454435781250001 0.6272920484375 0.0984357625 0.6328295546875 0.1104217 0.6440148578125 0.108857825 0.6582709312499999 0.1018297265625 0.6658955859375 0.0944220375 0.6643137171875 0.09037700625 0.656297925 0.08700093125 0.6306590562500001 0.09454435781250001
1 0.6215685984375 0.05934125312500001 0.6420591765625 0.05493899375 0.646419421875 0.043260306250000005 0.63691858125 0.040706809375 0.6096978421875 0.044205206250000004 0.606725821875 0.050193703125 0.6112758625 0.056936910937499995 0.6215685984375 0.05934125312500001
1 0.7664703609375 0.06679288125 0.7609251546875 0.0721802921875 0.7631982500000001 0.079895234375 0.769531503125 0.08304534375 0.7775492203125001 0.0820780828125 0.79417905625 0.0789458609375 0.8059626156249999 0.0674976140625 0.8060632859375 0.06367854843750001 0.7917123187499999 0.061495701562500005 0.7664703609375 0.06679288125
1 0.78079245625 0.1341257890625 0.7990060875 0.13069526250000002 0.8070257296875001 0.12538466406249998 0.8120772015625001 0.1173758859375 0.788126646875 0.11211526875 0.773967396875 0.12401097812499999 0.7732723218750001 0.129027740625 0.78079245625 0.1341257890625
1 0.749987971875 0.1839004171875 0.7506772734375 0.191913665625 0.756613615625 0.1973100203125 0.7766085328125001 0.19462973125 0.79363528125 0.189251265625 0.7934416375 0.1795160453125 0.7831489015625 0.177111703125 0.7544431140625 0.18143267968750001 0.749987971875 0.1839004171875
1 0.78064944375 0.23349827343750001 0.7644145921875001 0.2387275859375 0.7599594484375001 0.24119532656249998 0.76064875 0.24920857500000002 0.7698514249999999 0.254532590625 0.8129101046875 0.248051125 0.8163758578125 0.2446839921875 0.8145984187499999 0.2352470796875 0.79767426875 0.23246314375 0.78064944375 0.23349827343750001
1 0.8032816484374999 0.3101234140625 0.8128831609375 0.3088578453125 0.8263473343750001 0.30197890156249996 0.831598221875 0.29067533437500004 0.7921021171875 0.2986572765625 0.7883382 0.30479492812500003 0.7951651859375 0.3105664015625 0.8032816484374999 0.3101234140625
1 0.8407758765625 0.35246273437500003 0.833749475 0.34998604843750003 0.8036573890625001 0.355653878125 0.79712086875 0.36448523437499997 0.8040446749999999 0.37512431875 0.8399801312499999 0.3612985609375 0.8407758765625 0.35246273437500003
1 0.8688583875000001 0.41448951562499997 0.8511442625000001 0.4075113984375 0.82659545625 0.41213515312500004 0.8246109015625 0.423366378125 0.8316373046875001 0.4258430625 0.8663820265625001 0.41875604062500005 0.8688583875000001 0.41448951562499997
1 0.8620935828125 0.49176572187499995 0.870012553125 0.4902741875 0.8655651093750001 0.47536857968749996 0.85893561875 0.4706456484375 0.8338930781249999 0.4726480390625 0.8232983265625 0.48170088906249997 0.8284427703125001 0.487246396875 0.8620935828125 0.49176572187499995
1 0.8621403624999999 0.6095601015625001 0.8653041015625 0.6176501625 0.8695598265625 0.6184772140625 0.9089571843750001 0.6099709984375 0.91826438125 0.6027892734375 0.9096541859375 0.600610896875 0.88599794375 0.601266434375 0.8669924171875 0.6048461171875 0.8621403624999999 0.6095601015625001
1 0.8926992359374999 0.667320359375 0.8926973109375 0.6716636953124999 0.902196228125 0.6785605296874999 0.9331789593750001 0.6732678203125 0.9399110453124999 0.6698283468749999 0.9291265015624999 0.660459303125 0.9187350171875 0.657530684375 0.9030945703125 0.6615623 0.8926992359374999 0.667320359375
1 0.91107379375 0.747461784375 0.9071123828125 0.7525508890625 0.912748634375 0.7650610984374999 0.9198737843749999 0.7680620578124999 0.9321472249999999 0.7679218484375 0.9480839124999999 0.765463053125 0.9625394015625 0.7551401624999999 0.96026438125 0.751768559375 0.939977071875 0.7441893546875 0.91107379375 0.747461784375
1 0.9296381437499999 0.8460251046874999 0.9674574093749999 0.8393992578124999 0.9681248234375 0.8230197218749999 0.9502370890625 0.8204304312499999 0.9273708218750001 0.8252801515625 0.9218236937500001 0.8350109015625 0.9296381437499999 0.8460251046874999
1 0.89702425 0.5117872703125 0.8919785546875 0.5067660328125 0.8873220671875 0.5168719 0.8896958343750001 0.520767778125 0.89702425 0.5117872703125
1 0.8500971343750001 0.536912121875 0.8510826734375 0.5464981890625 0.8590965421875 0.554217603125 0.883050946875 0.5507915484375 0.92275031875 0.5308281390625 0.9212671953125 0.52730738125 0.892365840625 0.5262364734375 0.8544535296875001 0.5339201109375 0.8500971343750001 0.536912121875
1 0.9634207968749999 0.9384648359375 0.964168259375 0.9201207640625 0.9257408343750001 0.9298185531250001 0.921380590625 0.941497240625 0.9233657828125 0.946009178125 0.9634207968749999 0.9384648359375