1 0.9839640078125 0.1508110015625 0.9867267421875001 0.14228936406249998 0.982409125 0.1365789453125 0.9244071390625 0.11598820781250001 0.918798609375 0.11589482656250001 0.922240934375 0.1289134359375 0.9306414578125001 0.1413555515625 0.9748153046875 0.1521232296875 0.9839640078125 0.1508110015625
1 0.94875763125 0.22001078281250003 0.959034453125 0.21977975156250001 0.954887828125 0.21164793125 0.955315821875 0.20264707343750002 0.9584736078124999 0.202231775 0.9193753125 0.1903769625 0.9055128765625 0.19820119687499999 0.90959578125 0.20493289531249997 0.9236586328125 0.21373467499999999 0.94875763125 0.22001078281250003
1 0.95076210625 0.302278821875 0.9554758390625 0.295766815625 0.9454225859375001 0.283516865625 0.93667975 0.279563459375 0.9189153187500001 0.283368434375 0.9139033218750001 0.2876786453125 0.9152675406249999 0.2922414765625 0.9339365203125001 0.3019986796875 0.95076210625 0.302278821875
1 0.9376475281250001 0.3803408390625 0.9457938328125 0.3798906515625 0.94903574375 0.37628324687500003 0.94784268125 0.3674760625 0.9431729984375 0.36329756406249997 0.922797484375 0.357466240625 0.8975273296875 0.3554344875 0.888676890625 0.3589485125 0.90126791875 0.37065489218750003 0.9376475281250001 0.3803408390625
1 0.83236696875 0.282000646875 0.83891434375 0.278008909375 0.8393740140625001 0.2690095609375 0.8190523015625001 0.2594445234375 0.7838119515625 0.262299475 0.7766142453125 0.26562133593750004 0.79386520625 0.274549425 0.825990753125 0.281748028125 0.83236696875 0.282000646875
1 0.8191888390625 0.3568395875 0.818817265625 0.34445792656249996 0.795190090625 0.3352772171875 0.7830244359375 0.33221878125000004 0.7730542406249999 0.3371054875 0.7717095265625 0.34645624062499997 0.7752594562499999 0.352007421875 0.8073850046875 0.35920602343749997 0.8191888390625 0.3568395875
1 0.8072242453125 0.2024229203125 0.837516153125 0.2071012515625 0.84441559375 0.201577596875 0.8458776625000001 0.19171620625000002 0.8345872984374999 0.18134957812500002 0.82921348125 0.18023491875 0.792799575 0.18819626875 0.791860728125 0.192281384375 0.7991317421875 0.19913939218750001 0.8072242453125 0.2024229203125
1 0.8393844140625 0.107982103125 0.8118649937500001 0.10173892343749999 0.8026624890624999 0.1067848671875 0.8004327312499999 0.116487021875 0.8080558124999999 0.121813109375 0.8379956515625 0.1280233609375 0.8424111171875 0.1193095578125 0.8393844140625 0.107982103125
1 0.6892353015625 0.0928869859375 0.6969757375000001 0.09770243437500001 0.7288030203125 0.102699240625 0.73262195625 0.08958184531249999 0.721043078125 0.0839702140625 0.6974794546875 0.0780125796875 0.6892353015625 0.0928869859375
1 0.7335799828125 0.1834024328125 0.7401909109375 0.18263377187500002 0.7438386890625 0.17376073125 0.7433595140625 0.1688465 0.7366214765625 0.1631690109375 0.7092829671875001 0.15963826718750002 0.6914549828125 0.1602201671875 0.6843746312500001 0.1630313859375 0.7070091609375 0.1800309265625 0.7335799828125 0.1834024328125
1 0.6868777875000001 0.2641272390625 0.7068914828125 0.26453368906249997 0.7115514125 0.2617553984375 0.7160206812500001 0.24930787968749998 0.7121186859375 0.24528861875 0.7092826453125001 0.243630390625 0.679885534375 0.245557446875 0.674457915625 0.2481765015625 0.675054446875 0.2525800921875 0.6868777875000001 0.2641272390625
1 0.7074486796875 0.3251022453125 0.6832347249999999 0.31847473437499996 0.6664726921875 0.32141766562499996 0.673807259375 0.331498746875 0.68975755625 0.339087084375 0.6998548578125 0.340646528125 0.7115413375 0.33879073125 0.7074486796875 0.3251022453125
1 0.693067734375 0.3841772109375 0.686447053125 0.37798908125 0.6464099109375 0.3702193859375 0.63997989375 0.3737004828125 0.6448402375 0.38754820625 0.6832246484375 0.39551006875 0.6956788171875 0.39381350937500004 0.693067734375 0.3841772109375
1 0.6962800625 0.4436915578125 0.6666189828125 0.42576952187500006 0.6458376 0.42520383281249996 0.6514656343749999 0.43921079531249996 0.692759390625 0.4590107484375 0.6977175875 0.45843425312499997 0.7013115640625001 0.45329492812499994 0.6962800625 0.4436915578125
1 0.81140906875 0.40818910312499995 0.8088077390624999 0.40550959531249997 0.7903832234375 0.4016879015625 0.7723840796875 0.4065141546875 0.7788874046875 0.413212925 0.7937717453124999 0.41844022656249996 0.8100643546875 0.41753985312499997 0.81140906875 0.40818910312499995
1 0.9199416156250001 0.4258865546875 0.8999817218749999 0.4217463875 0.891898971875 0.42541965 0.892911125 0.4315143984375 0.8975808078125 0.4356928953125 0.9297881640625001 0.44224900937499995 0.9394814921875 0.42862545625 0.9199416156250001 0.4258865546875
1 0.9133646578124999 0.4930000453125 0.8813564671874999 0.48529080156250004 0.8507222484374999 0.489101178125 0.882857546875 0.503256571875 0.9020497515624999 0.5072375015625 0.9156872281249999 0.5073913375 0.90137471875 0.49925560312500006 0.9133646578124999 0.4930000453125
1 0.903761 0.5487860796875 0.8724031406250001 0.5417467140625 0.8611958359375 0.5485167421875 0.8602569890625 0.552601859375 0.8774443953125 0.558306875 0.9009444625 0.5610414328125 0.90637208125 0.5584223781250001 0.903761 0.5487860796875
1 0.84709365 0.5958799234375001 0.8691316484374999 0.6084758734375 0.9059171265625 0.6128961828125 0.9056726625 0.6069606734375 0.8884755046875 0.5942988671875 0.8518709359375001 0.5925909921875 0.84709365 0.5958799234375001
1 0.8423210781250001 0.6446433125000001 0.8628775015624999 0.6531870718749999 0.879766640625 0.6566902890625 0.8891500562499999 0.65435678125 0.886891040625 0.643188565625 0.8663981703125 0.6378678812499999 0.8423210781250001 0.6446433125000001
1 0.8708573625 0.702455696875 0.843870921875 0.6973930328125 0.84056545625 0.6977773640625 0.8363847015625 0.7054698890625 0.84749415625 0.7131240796875 0.86987446875 0.7172313203125 0.8738743140624999 0.7068263609375001 0.8708573625 0.702455696875
1 0.867776534375 0.77885408125 0.8733215078125 0.7757243890625001 0.8691750484374999 0.7657696140625 0.8340961046875 0.7574234234375 0.824414425 0.7575551359375 0.8170993624999999 0.761387634375 0.8207666453125 0.7664281765625 0.847645484375 0.7789582703125 0.867776534375 0.77885408125
1 0.8537476546875 0.8363971296875 0.8432885328124999 0.8294128140625 0.808923475 0.824959575 0.828487253125 0.8413221656250001 0.8532244312499999 0.8421734015625001 0.8537476546875 0.8363971296875
1 0.833386609375 0.882997053125 0.8291863484374999 0.876775996875 0.8232795546875 0.87448081875 0.801133953125 0.8693523000000001 0.796474021875 0.8721305921875 0.7986059296875 0.876852659375 0.8077643875 0.88249721875 0.8283746109375001 0.8873072640625 0.833386609375 0.882997053125
1 0.8331320671875 0.9540968765625 0.833528184375 0.9418744515625 0.8285064328124999 0.9392278718749999 0.7975006421875 0.9306565875 0.7828069640625 0.9350985093749999 0.78263580625 0.939342865625 0.803021071875 0.9521309796875 0.8230983203125 0.9557605062500001 0.8331320671875 0.9540968765625
1 0.810388103125 1 0.809182784375 0.9991576484375001 0.818956575 0.991280190625 0.7749636390625 0.98322495 0.7684260171874999 0.994173478125 0.779293140625 1 0.810388103125 1
1 0.656456184375 0.924939746875 0.662362978125 0.9272349234374999 0.6997449875 0.936058828125 0.6947184546875 0.9285124328125001 0.6945083953125 0.9222879203125001 0.702615325 0.9200697578125 0.6785822796875001 0.9161546843749999 0.6607542953125 0.9167365828125 0.6548572546875 0.9213981984374999 0.656456184375 0.924939746875
1 0.68876735625 0.98032524375 0.6848356421874999 0.9762737187500001 0.675715603125 0.9707461453124999 0.6882360000000001 0.9686165593749999 0.692170671875 0.9655166921875 0.6504807984375 0.9579391609375 0.6403296953125001 0.9601134312499999 0.6450629328125 0.96751500625 0.65605503125 0.9756798375000001 0.68876735625 0.98032524375
1 0.594341709375 0.9607390656250001 0.5710128 0.9537601515624999 0.5563729234375 0.954468359375 0.5489405046875 0.9588114984375 0.5547934984375 0.9648403921875 0.592229309375 0.9699305796875001 0.5990749484375 0.9681406406249999 0.594341709375 0.9607390656250001
1 0.5931341812500001 0.8995006328124999 0.5700497359375001 0.8984572312499999 0.564803025 0.903788721875 0.5692379984375 0.9089885000000001 0.585657715625 0.9145342765625 0.596107084375 0.914561803125 0.5983368421875 0.9048596484375 0.5931341812500001 0.8995006328124999
1 0.621470375 0.856694878125 0.619807890625 0.849930253125 0.6119500999999999 0.8456254453125001 0.6006694890625 0.8422156078124999 0.58945243125 0.8420288453125 0.5768809078125 0.8442360453125 0.5726365984374999 0.8487054921875 0.588234825 0.8578257484374999 0.621470375 0.856694878125
1 0.7074319453125 0.860615865625 0.6789101296875 0.8552347265625 0.6724801109375 0.858715825 0.673673171875 0.8675230078125 0.69529555 0.8784278000000001 0.7075688078125 0.8740188046874999 0.71163220625 0.8668369218749999 0.7074319453125 0.860615865625
1 0.7442762640625 0.8227847953125 0.7476893296875 0.814933034375 0.7443203125 0.8120942890625 0.7413131140625 0.814680415625 0.7394354234375 0.8228506484375 0.7442762640625 0.8227847953125
1 0.732589784375 0.8246405906250001 0.7362473140625 0.822724340625 0.736824340625 0.8132143515625 0.7357583875 0.8108533187500001 0.7133780734374999 0.8067460796875 0.695198021875 0.808859896875 0.6943765328125 0.8124343765625 0.70713871875 0.8198964015625 0.732589784375 0.8246405906250001
1 0.5974131109374999 0.7933917640625 0.6019654375 0.7980809046874999 0.621221196875 0.805284909375 0.6302525453125 0.8044833203125 0.6315337046875 0.7919094953125 0.6022442 0.7863691203125 0.5974131109374999 0.7933917640625
1 0.7744131000000001 0.46417810781249996 0.7548247796875 0.472419603125 0.754653621875 0.4766639578125 0.7924414984375 0.48022222656249997 0.7998641640625 0.4689222984375 0.7983825890625 0.46487010624999997 0.7744131000000001 0.46417810781249996
1 0.7956440734375 0.5327797828125 0.7969349875 0.5271627453125001 0.7938006796875 0.523302721875 0.7865932203125 0.519667790625 0.7580176015625 0.51802036875 0.752418825 0.524883778125 0.7528980015625 0.5297980109375 0.7811851078125 0.5362004265625 0.7956440734375 0.5327797828125
1 0.7745691406249999 0.5754867546875 0.75071700625 0.574284115625 0.733250840625 0.5802908859375 0.7314269515625 0.5847274062500001 0.7352115921875 0.5892573062500001 0.7448394703125001 0.5928593109375 0.7706964046875 0.5923378640625 0.7745691406249999 0.5754867546875
1 0.77342955625 0.64693798125 0.7740701375000001 0.6406510671875 0.7688674765625 0.63529205 0.7445361671875 0.6291751796875 0.7289476921875 0.627011715625 0.7261752046875001 0.6285765640625 0.7340427484375 0.6398381609375 0.7658162296875 0.6485686828125 0.77342955625 0.64693798125
1 0.7187572546875 0.68535095 0.7283948859375 0.6959097437499999 0.7567993484375 0.70180151875 0.7586770390625001 0.693631284375 0.7556600875 0.6892606203125 0.7318617546875 0.684324265625 0.7187572546875 0.68535095
1 0.7087477265625 0.74640261875 0.7111240984375 0.7570601953125 0.720634621875 0.7611728375 0.7428340234374999 0.7625676421875001 0.7466529578125 0.7494502484375001 0.71163756875 0.74432713125 0.7087477265625 0.74640261875
1 0.6427460484374999 0.7466217984375 0.6554349265625 0.743903959375 0.6509364 0.73548110625 0.6466823390625 0.7329937625 0.6300914640624999 0.7316923421875 0.6165175406250001 0.7347615828125 0.616346384375 0.7390059375 0.626272528125 0.7448097359375 0.6427460484374999 0.7466217984375
1 0.6617136171875 0.6745886750000001 0.6302384015625 0.6680599484374999 0.628126 0.6772514640625 0.6374018125 0.6823853859375 0.6650385859375 0.688117925 0.670050584375 0.683807715625 0.6681533875000001 0.6780643671875 0.6617136171875 0.6745886750000001
1 0.6265126015625 0.621278665625 0.6450642265625001 0.6315465109375 0.6619436140625 0.6280929390625001 0.6621685734375 0.62011486875 0.657146821875 0.6174682875 0.62088456875 0.6072717046875 0.6265126015625 0.621278665625
1 0.68090646875 0.5105853578125 0.6871017765625 0.5081255390625 0.6870382203125 0.5049024656250001 0.6806620046875 0.504649846875 0.68090646875 0.5105853578125
1 0.63466426875 0.49831868906250004 0.64719174375 0.50680199375 0.667503703125 0.50941024375 0.674584053125 0.5065990234375 0.6735719015625 0.5005042765625001 0.646585459375 0.49544161249999996 0.63466426875 0.49831868906250004
1 0.664476675 0.5820749140625 0.6695424734375 0.5740309875 0.6678164359375 0.5640432875 0.6530494499999999 0.5583053437500001 0.636991553125 0.5581844390625 0.62518771875 0.560550875 0.6225423390625 0.5685618734375 0.6298133531250001 0.5754198781250001 0.664476675 0.5820749140625
1 0.6167010390625001 0.065537025 0.5686251984374999 0.0507500890625 0.5551148296874999 0.057042403124999995 0.5785170468749999 0.0742011828125 0.5973571843750001 0.07971403125 0.6146521921875 0.077951615625 0.6193023703125 0.0682165328125 0.6167010390625001 0.065537025
1 0.6193020484375 0.15220865781249998 0.5699450453125 0.149995546875 0.5657545374999999 0.1507312796875 0.5648156906249999 0.15481639687499998 0.5747418375 0.1606201953125 0.6183827078124999 0.17020735625 0.6243873515625 0.15807831249999998 0.6193020484375 0.15220865781249998
1 0.6180743640624999 0.24504089375000002 0.62066594375 0.24076361093749998 0.6178201484375 0.2321485921875 0.59714636875 0.22411547187499997 0.5682186812500001 0.22399996875 0.5668642140625 0.22639393124999999 0.5878998140625 0.23985192031250002 0.6114634375 0.24580955468750001 0.6180743640624999 0.24504089375000002
1 0.59690158125 0.3021720859375 0.5614070156250001 0.29213473749999996 0.5495396265625 0.29127809843749997 0.544410271875 0.2960989484375 0.5654458703125 0.309556940625 0.5939138890625 0.3186717921875 0.602104240625 0.3075311 0.59690158125 0.3021720859375
1 0.5764083890625 0.3808435265625 0.5995466359375 0.3781532109375 0.5977032421875 0.3686761515625 0.5907304953125 0.364019940625 0.5828189015625 0.36344884843749997 0.5444442453125 0.362443778125 0.5419700234375 0.3662104203125 0.5573335375 0.3763519546875 0.5764083890625 0.3808435265625
1 0.5975660578124999 0.43926533437500004 0.57168961875 0.42587319843750004 0.5559935406250001 0.431177165625 0.5550546953125 0.43526228125 0.5681151468750001 0.4449261046875 0.595517209375 0.451679925 0.6018836734375 0.4449757515625 0.5975660578124999 0.43926533437500004
1 0.5330506671874999 0.4890111609375 0.5428594578125 0.4953256 0.57498500625 0.5025242015625 0.578515428125 0.494161803125 0.57408045625 0.488962025 0.53156909375 0.484958971875 0.5330506671874999 0.4890111609375
1 0.5043086046874999 0.5370825515625001 0.5153007046875 0.5452473828125 0.5390990390625 0.5501837359375 0.5488345203125 0.5463183093749999 0.5421502859375 0.5369071046875 0.50990738125 0.5302191406250001 0.5043086046874999 0.5370825515625001
1 0.527055453125 0.5920891187499999 0.498650990625 0.5861973421875 0.49512056718749997 0.5945597421875 0.5048120015625 0.6013848203125 0.5273732250000001 0.6082044953125 0.5324487765625 0.607117359375 0.5353924203125 0.6013081578125 0.527055453125 0.5920891187499999
1 0.4870865796875 0.6330169578125 0.485976578125 0.641346428125 0.4927146140625 0.64702391875 0.5203513890625 0.6527564578125 0.5231141234375001 0.64423481875 0.5199162640625 0.6371517203125 0.4870865796875 0.6330169578125
1 0.5067088734375 0.691120290625 0.4996187703125 0.6869747203125 0.4740503484375 0.6827411703124999 0.45114681250000005 0.6844102046875 0.4739524984375 0.697165390625 0.49698314374999997 0.70194250625 0.5086696234375 0.7000867125 0.5067088734375 0.691120290625
1 0.49842538437500006 0.762159659375 0.46329263750000005 0.757547184375 0.45402657812499997 0.7593700515624999 0.45232004375 0.76329593125 0.463375696875 0.7746838390625 0.49567240312500005 0.7776380875 0.4992663796875 0.7724987609375 0.49842538437500006 0.762159659375
1 0.4703972109375 0.8141240015625 0.45155707031250003 0.8086111515625 0.43432561718749996 0.8135966421875 0.4576642796875 0.8275323453125001 0.476206153125 0.8308433984375 0.48175112656249997 0.8277137046874999 0.4805580640625 0.8189065203125001 0.4703972109375 0.8141240015625
1 0.456250975 0.8721776890624999 0.4357581046875 0.8668570046875 0.419230784375 0.86877865625 0.4339537203125 0.8852071046875001 0.462240828125 0.891609521875 0.46643133593749997 0.8908737875 0.46848993749999995 0.8854159890625001 0.456250975 0.8721776890624999
1 0.451903778125 0.929589025 0.43489728124999993 0.9265964453125 0.4234455125 0.9274309625000001 0.42033070937500006 0.93748451875 0.4280711453125 0.942299965625 0.452221546875 0.9457044 0.456231146875 0.9422562328125 0.451903778125 0.929589025
1 0.2808656796875 0.9213956484375 0.30560285781249996 0.9222468828125001 0.3108495671875 0.9169153921875 0.3072996390625 0.9113642125 0.298791515625 0.906389528125 0.2862737921875 0.9048630109375001 0.275002934375 0.9084099640625001 0.27217664531249997 0.9137085265625 0.274425909375 0.917919953125 0.2808656796875 0.9213956484375
1 0.3196757859375 0.8540133296875 0.30148598125000003 0.8491703578124999 0.2884988359375 0.8496864000000001 0.2807143515625 0.8555614578125 0.2803720375 0.8640501671875 0.32099595625 0.8692666640625 0.326658284375 0.86562633125 0.3196757859375 0.8540133296875
1 0.335763265625 0.7910124828125 0.32743605 0.7887502328125 0.31433155 0.7897769171875 0.3030606921875 0.7933238703125001 0.3018871359375 0.798430265625 0.31069352499999997 0.8056067468749999 0.33796847812499997 0.805914415625 0.335763265625 0.7910124828125
1 0.34797800625 0.744862746875 0.3375824390625 0.7411015062499999 0.314082371875 0.73836695 0.3021073796875 0.7449777390625 0.31014608125 0.7519949828125 0.338902609375 0.7563548421874999 0.349757846875 0.75111673125 0.34797800625 0.744862746875
1 0.359713575 0.693798778125 0.3499683390625 0.6907074140625 0.325231159375 0.689856178125 0.320038253125 0.691453953125 0.3169772515625 0.6977737953125 0.35524430625000003 0.7062462953125 0.360906634375 0.7026059625000001 0.359713575 0.693798778125
1 0.359977865625 0.6296557453125 0.330038028125 0.62344549375 0.31836130156250003 0.63225808125 0.32444900625 0.6372656937500001 0.3565745515625 0.6444642968750001 0.3621195265625 0.6413346015625 0.36411457343750003 0.6326537265625001 0.359977865625 0.6296557453125
1 0.38477388437500004 0.5882556 0.3850526453125 0.576543815625 0.37601154531250003 0.5703886140625001 0.3651465546875 0.5686699328125 0.351870896875 0.57394096875 0.353831646875 0.582907390625 0.364408125 0.589381065625 0.3817666859375 0.5908417265625 0.38477388437500004 0.5882556
1 0.366892421875 0.5085790890624999 0.3704423515625 0.51413026875 0.3968420125 0.52174613125 0.4011498765625 0.5204997578125 0.40266574843749997 0.506904653125 0.3720217765625 0.5037582390625001 0.366892421875 0.5085790890624999
1 0.41405900000000007 0.4643293921875 0.4130468484375 0.45823464375 0.40442136875 0.4537706 0.37683839531249996 0.44430434375 0.36945978125 0.44491376875000005 0.36279505 0.44941614531249996 0.3778065 0.4610895984375 0.409047003125 0.468639603125 0.41405900000000007 0.4643293921875
1 0.412254940625 0.3986873703125 0.40250970468749997 0.39559600625 0.3832637 0.39534879218749996 0.3773764109375 0.4069671953125 0.3852342046875 0.41127200156250004 0.40743360624999997 0.41266680625 0.41373651562499997 0.40273955937499994 0.412254940625 0.3986873703125
1 0.42548183437500003 0.35863238124999997 0.42440612812499995 0.34931455625 0.3903931375 0.3433293984375 0.3861585828125 0.3547556375 0.41916917343750004 0.3616028375 0.42548183437500003 0.35863238124999997
1 0.45484497187499995 0.29036049531249997 0.452766865625 0.2819047171875 0.438884925 0.27581537031250003 0.402505315625 0.26612942500000003 0.39223685625 0.26881433593750004 0.40075473281249996 0.2807458109375 0.4215458671875 0.2882682921875 0.4500676859375 0.29364942968749996 0.45484497187499995 0.29036049531249997
1 0.419414284375 0.1995541 0.4162897296875 0.20265086718749997 0.4337313515625 0.2212481828125 0.45870324218749997 0.22107813906249998 0.46322631249999996 0.20489690781249997 0.43428887187500004 0.19782461406250001 0.419414284375 0.1995541
1 0.4555790109375 0.14018277968749998 0.45845910156249997 0.1311505046875 0.45614628437500004 0.123716003125 0.443917075 0.11743449375 0.41209954531250004 0.119394475 0.4082073015625 0.12233200625 0.410456565625 0.12654343125 0.4243385078125 0.13263277812500002 0.4555790109375 0.14018277968749998
1 0.474390215625 0.0408331359375 0.458087853125 0.034776720312499995 0.4127502015625 0.036072228125 0.4188476578125 0.04803663125 0.4485527875 0.055268162499999995 0.475529475 0.053374034375000004 0.47894254218750004 0.045522275 0.474390215625 0.0408331359375
1 0.30938098125 0.079898753125 0.28516702656250004 0.0732712421875 0.2726052546875 0.08243523281250001 0.2724976515625 0.0899026625 0.31224627968749996 0.102427353125 0.3205539890625 0.090776021875 0.31617281875000003 0.08184252812500001 0.30938098125 0.079898753125
1 0.27865833906250004 0.189082265625 0.2836508328125 0.1708584734375 0.2646835875 0.1588994734375 0.2236537984375 0.15894861093749998 0.25089445781249997 0.176903575 0.27865833906250004 0.189082265625
1 0.27756280312500003 0.249842984375 0.2825748015625 0.24553277499999998 0.271998325 0.2390590984375 0.2436476640625 0.22943360781250002 0.2118839359375 0.22765987499999998 0.22240661093749997 0.2378672671875 0.24486023124999998 0.252154371875 0.267709965625 0.25421905312500004 0.27756280312500003 0.249842984375
1 0.2750394953125 0.3028178015625 0.233178465625 0.2994846265625 0.2339021046875 0.31033436718749996 0.246493134375 0.32204075 0.2590744109375 0.3267903390625 0.27182684375 0.327295578125 0.28303415 0.3205255484375 0.2750394953125 0.3028178015625
1 0.2634602953125 0.3811982921875 0.23274301406250003 0.3678720125 0.2182399984375 0.3819831625 0.240630065625 0.39304719062500004 0.2601205359375 0.3992299171875 0.265836665625 0.39185586875 0.2668293140625 0.3840370359375 0.2634602953125 0.3811982921875
1 0.25782218437500004 0.44422666250000004 0.2599345875 0.4350351484375 0.2569176359375 0.430664484375 0.225975396875 0.425316275 0.20737972343750002 0.4257389390625 0.207325921875 0.42947265312500005 0.21973604062500002 0.4384665984375 0.24967588125 0.44467685 0.25782218437500004 0.44422666250000004
1 0.2408742046875 0.48297482656249996 0.21766264999999999 0.47548527343749997 0.20545294687500001 0.48311734375000004 0.21437669062500003 0.4897831859375 0.2369379140625 0.4966028609375 0.242013465625 0.495515725 0.2440085125 0.48683485 0.2408742046875 0.48297482656249996
1 0.2278477265625 0.5396558312499999 0.18780083281249998 0.5249293453125 0.1810284984375 0.5368991515625 0.1914338203125 0.5476171812499999 0.2211389484375 0.5548487125 0.22698218906249998 0.5539208140625 0.23405278593749998 0.5441528046874999 0.2278477265625 0.5396558312499999
1 0.216204971875 0.614813246875 0.21501190937499998 0.6060060625 0.20550138593749998 0.6018934203125 0.181468340625 0.5979783453125 0.172617903125 0.60149236875 0.1727450109375 0.6079385203125 0.1916487015625 0.6166744468750001 0.21065999687499998 0.617942940625 0.216204971875 0.614813246875
1 0.1971005421875 0.6734434296875 0.20099278437499998 0.6705059015625 0.1994476546875 0.6632306359375 0.1640166421875 0.6564163640625 0.1591758015625 0.65648221875 0.1567015796875 0.6602488625 0.164388215625 0.668798025 0.17324840625 0.672240790625 0.1971005421875 0.6734434296875
1 0.18072455 0.7411992703125 0.19034267656249998 0.7378444828124999 0.191931853125 0.7344292421875 0.1908561484375 0.7251114203125 0.18642117656249999 0.7199116421875 0.17425551875 0.7168532062499999 0.15489215781250001 0.7171166296875 0.1518947125 0.7266595453125 0.1679085609375 0.7374709578124999 0.18072455 0.7411992703125
1 0.1412250984375 0.7800845484375001 0.1626030125 0.7850538312500001 0.17782966875 0.7817924234375 0.175164784375 0.775889840625 0.1661236828125 0.7697346390625001 0.13836955312500002 0.7645127390625001 0.130457959375 0.7639416484375 0.12668307343750002 0.7663685375 0.1288149796875 0.771090603125 0.1412250984375 0.7800845484375001
1 0.1574881265625 0.8423059281249999 0.1643875671875 0.8367822734375 0.16006995156249998 0.83107185625 0.1574881265625 0.8423059281249999
1 0.1468040453125 0.8432996828125001 0.151346621875 0.8410320312499999 0.151092403125 0.8281397296874999 0.140462125 0.82539976875 0.1249372046875 0.8264593781249999 0.115201721875 0.8303248062499999 0.115030565625 0.8345691609375001 0.1208835578125 0.840598053125 0.1468040453125 0.8432996828125001
1 0.141126925 0.8785008937500001 0.12104967656250001 0.874871365625 0.1125610578125 0.8838102609374999 0.12006678281250001 0.8896469890625 0.14581611562500002 0.8965929718750001 0.1508281125 0.8922827625 0.1494003390625 0.8844968578125 0.141126925 0.8785008937500001
1 0 0.8783383015625 0.0160963171875 0.8835954640624999 0.021289223437499998 0.8819976890625 0.024819646875 0.8736352890625 0.0206193859375 0.8674142328125001 0.012526882812500001 0.864130703125 0 0.8620565359375 0 0.8783383015625
1 0 0.8152986468750001 0.0142922578125 0.817953440625 0.0213726078125 0.815142221875 0.0223652546875 0.8073233875 0.01793028125 0.8021236109375 0.01037075625 0.8000205984375001 0 0.7978694515625 0 0.8152986468750001
1 0 0.760001628125 0.012688612499999998 0.7689374328125 0.030037421874999998 0.763441303125 0.032629000000000005 0.759164021875 0.027895760937500003 0.7517624484375001 0.0102389328125 0.748099990625 0.0009728734375000001 0.749922859375 0 0.7506035453125001 0 0.760001628125
1 0.075018290625 0.7182032546875 0.0775463140625 0.7107028984375 0.074348453125 0.7036197984375 0.0553909609375 0.6986175890624999 0.0380323984375 0.6971569265625 0.03438461875 0.70602996875 0.0426580328125 0.71202593125 0.0700600953125 0.7187797515625001 0.075018290625 0.7182032546875
1 0.0670286765625 0.661977840625 0.0836195515625 0.6632792625 0.088577746875 0.662702765625 0.09110577187499999 0.6552024078125 0.0849545125 0.6469717203124999 0.043851418749999996 0.6368409921875 0.0394261984375 0.638598003125 0.037313796875 0.64778951875 0.051376648437500005 0.6565912984375 0.0670286765625 0.661977840625
1 0.0768377890625 0.5843001546875 0.0677428859375 0.58187866875 0.052985654687499995 0.583097515625 0.0438467046875 0.5913665359375 0.0823484671875 0.59881775625 0.088128153125 0.5946667828125001 0.084279959375 0.58691380625 0.0768377890625 0.5843001546875
1 0.05988038125 0.5320994031249999 0.065200396875 0.5369477796875 0.09437254843750001 0.5429987921875 0.10369240937499999 0.537442209375 0.101668103125 0.5252527140625001 0.0640611359375 0.52440688125 0.05988038125 0.5320994031249999
1 0.059078721875 0.46559533750000004 0.0722027265625 0.4784822359375 0.09600106093750001 0.4834185890625 0.1021866140625 0.4740019828125 0.09686659843749999 0.46915360625 0.0629709640625 0.462657809375 0.059078721875 0.46559533750000004
1 0.09546840625 0.3982459484375 0.08779152500000001 0.3966535765625 0.0859235875 0.411780603125 0.0900064921875 0.4185123 0.11321804687499999 0.42600185156250003 0.12625899375 0.42175209375 0.1238288203125 0.41482823125 0.09546840625 0.3982459484375
1 0.1416621671875 0.2917365421875 0.1420044828125 0.28324783125 0.1385181078125 0.280919728125 0.0998989890625 0.2739791453125 0.08874548593750001 0.277015459375 0.0956008765625 0.2821823078125 0.11704234531249999 0.29037466562500003 0.1354668609375 0.294196359375 0.1416621671875 0.2917365421875
1 0.1369682640625 0.22817000625 0.1386747984375 0.22424412500000002 0.13287560781250002 0.2144815171875 0.103053125 0.2077606265625 0.0956745078125 0.20837005 0.10165460781249999 0.22084509375 0.10981066718750002 0.2273516984375 0.125399140625 0.2295151609375 0.1369682640625 0.22817000625
1 0.1519702859375 0.14889454375 0.157515259375 0.14576485 0.15737839843749998 0.132361909375 0.1521757375 0.12700289375 0.1411298390625 0.1225717765625 0.12589343125000002 0.11887639375 0.10889668593749999 0.1228406046875 0.1096105734375 0.12673355625 0.12480293437500001 0.1411194453125 0.1519702859375 0.14889454375
1 0.1250379671875 0.05610604375 0.145540590625 0.06838351875000001 0.16792090312500002 0.0724907578125 0.1767077875 0.06575365625 0.17403315156250002 0.052894282812500006 0.13423072187500001 0.044103309375 0.1250379671875 0.05610604375
1 0.072046684375 0.367173590625 0.0745942125 0.37358681250000003 0.08273076406249999 0.36617983593750003 0.082134234375 0.36177624375 0.072046684375 0.367173590625
1 0.123931709375 0.36188634531249997 0.12681179843749998 0.352854065625 0.12266533906249999 0.34289929531249996 0.09986940625 0.3371009 0.0564827515625 0.340406040625 0.056428951562499996 0.3441397546875 0.0818897703125 0.3558407328125 0.11885615624999998 0.3629734796875 0.123931709375 0.36188634531249997