1 0.8764150531249999 0.0228723984375 0.88504795 0.06614032343750001 0.896697278125 0.07506803125 0.9090962859375 0.0792593484375 0.9092265453125 0.0738515546875 0.8916789749999999 0.016604884375 0.88635055625 0.0120623671875 0.8780375859375 0.0141496859375 0.8764150531249999 0.0228723984375
1 0.8106567968749999 0.0335179921875 0.8100309390625 0.0433999390625 0.8150882125000001 0.067994840625 0.8230103984375001 0.082130909375 0.82933130625 0.0865161015625 0.8374085515624999 0.0736918546875 0.8275297296874999 0.0352389828125 0.8270059265624999 0.0382522640625 0.818323221875 0.038058770312500004 0.8106567968749999 0.0335179921875
1 0.7305123109375 0.052156828125 0.7391735500000001 0.0707933 0.743513025 0.07241420937500001 0.7478595859375 0.06787725312500001 0.7522203171874999 0.051024571875 0.7487572375 0.042338409375000004 0.737357803125 0.0318319046875 0.7309030921875 0.0359334390625 0.7305123109375 0.052156828125
1 0.655984459375 0.035495645312500004 0.6552312359375 0.043310965624999996 0.6631286249999999 0.0789995546875 0.6739050984375 0.0919135859375 0.6776357828124999 0.08362629218749999 0.6766716359375 0.059152165624999996 0.6718571734375 0.0391363296875 0.668017484375 0.0343578296875 0.6595848828124999 0.032616146875 0.655984459375 0.035495645312500004
1 0.745771875 0.15748091250000001 0.75144148125 0.1889050828125 0.7593601249999999 0.2061200828125 0.762840915625 0.19941158750000001 0.7669730078125 0.16566411406249998 0.7585616640625 0.14544884375 0.7498791703125 0.145285959375 0.7457789609375001 0.1513230515625 0.745771875 0.15748091250000001
1 0.670466003125 0.170187571875 0.6761356078125 0.20161174218750003 0.6813408546875 0.20540418906250002 0.690396415625 0.20473834531250001 0.69549265625 0.1954650015625 0.693025609375 0.1835425828125 0.6851140499999999 0.1601697203125 0.67320774375 0.158978671875 0.670466003125 0.170187571875
1 0.8180931984375001 0.1514040890625 0.821408303125 0.18089270156249998 0.8242519625 0.188907459375 0.8305693281250001 0.1963715828125 0.8345392796875 0.1957422875 0.8436338093750001 0.16120819687500001 0.8427715828125001 0.155957725 0.833233946875 0.14438650625 0.823682140625 0.1451310109375 0.8180931984375001 0.1514040890625
1 0.8990509624999999 0.1855162546875 0.9038795984375 0.193216365625 0.9133082281249999 0.191721790625 0.9185276453125001 0.1831985140625 0.9135970906249999 0.1562747484375 0.9028099875000001 0.1525975125 0.8942471265625 0.156263625 0.8990509624999999 0.1855162546875
1 0.917903865625 0.2941187078125 0.9222362578125001 0.301897478125 0.9368807609375001 0.2949585578125 0.9320698406249999 0.27186379375 0.9271215734375 0.26033468437499996 0.9143424109374999 0.263129959375 0.917903865625 0.2941187078125
1 0.8378295843749999 0.2467834234375 0.8368300109375 0.253098609375 0.8390329953125001 0.2789155484375 0.8545113859375 0.301858553125 0.857495934375 0.29522871875 0.858756028125 0.27809794062500004 0.8564298687499999 0.25153093437499996 0.851228165625 0.24465955468749997 0.846515621875 0.2438673765625 0.8378295843749999 0.2467834234375
1 0.75767028125 0.2733424921875 0.75727595625 0.2926448109375 0.76792925625 0.30480877500000003 0.77214555625 0.305679615625 0.7748802109375 0.30062857656249997 0.77788955625 0.27244622343749997 0.7764043671875 0.269603278125 0.772687853125 0.26557484374999996 0.7605281109375001 0.2690415234375 0.75767028125 0.2733424921875
1 0.685218696875 0.2848271140625 0.6918985015625 0.300699303125 0.70131650625 0.30844152343750003 0.704807925 0.2924962328125 0.6993775859375 0.26873006250000003 0.68635915625 0.2638673375 0.6841136609375 0.274997575 0.685218696875 0.2848271140625
1 0.636797734375 0.32482541875000004 0.6499393375 0.330438209375 0.6535433046875 0.3244797828125 0.6476344328125 0.285397615625 0.6419364875 0.2786048953125 0.632761290625 0.2754417421875 0.6306389718750001 0.2873220484375 0.636797734375 0.32482541875000004
1 0.569875684375 0.2738661296875 0.58731779375 0.3149680765625 0.6005825703125 0.32133093437500004 0.60085371875 0.30127855000000003 0.5847629953125 0.2715062765625 0.57571451875 0.266014259375 0.5706253625000001 0.269129740625 0.569875684375 0.2738661296875
1 0.617350209375 0.1939990390625 0.6235444 0.2007130984375 0.6288976203125001 0.1837030921875 0.6259414125 0.1657014734375 0.6234637359375 0.1630158515625 0.614408175 0.163681696875 0.61290173125 0.1793123390625 0.617350209375 0.1939990390625
1 0.6003661921875 0.07817400937499999 0.60420588125 0.0829525109375 0.6100340890625 0.0843374328125 0.6138879484374999 0.0768002078125 0.6106853921875001 0.05729845625 0.6088154671875 0.0382955109375 0.595318378125 0.0467142859375 0.6003661921875 0.07817400937499999
1 0.5316594625 0.0690556125 0.5347388453125 0.0878072984375 0.5471059703125001 0.119709 0.5519771140625 0.09046193125 0.545811265625 0.05911642499999999 0.5393178265625 0.0702428515625 0.5320467015625 0.0559111578125 0.5316594625 0.0690556125
1 0.481524675 0.0893161796875 0.48634268125 0.10625308281250001 0.49031263281250004 0.1056237890625 0.49727067031249994 0.0952857296875 0.4917242421875 0.0646116265625 0.4825490453125 0.0614484734375 0.4798143921875 0.066499509375 0.481524675 0.0893161796875
1 0.4328963328125 0.093946103125 0.4441584234375 0.1160182671875 0.44751249531250004 0.11163863437499999 0.44730511406250006 0.07627025468750001 0.4357895890625 0.05885581875 0.43008455625 0.058220964062500005 0.4328963328125 0.093946103125
1 0.3896034953125 0.09696068125 0.397022353125 0.1173332734375 0.4044908078125 0.09460082656249999 0.4001725890625 0.0745063296875 0.3895086609375 0.0715791609375 0.3868936390625 0.080459196875 0.3896034953125 0.09696068125
1 0.3312930859375 0.10774290625 0.33822632812500003 0.118957365625 0.3457967015625 0.1154485765625 0.34629648749999997 0.11229098281250001 0.342481596875 0.0859599625 0.338392015625 0.08276025625 0.32821724531249996 0.08591228906250001 0.3312930859375 0.10774290625
1 0.26791477656249996 0.103167025 0.27892343125 0.129896915625 0.2836324328125 0.1337680265625 0.28760946718749997 0.12698086718749999 0.2881163390625 0.1176654125 0.2814577875 0.08331963437499999 0.2720362421875 0.0786563453125 0.2688053453125 0.0837860453125 0.26791477656249996 0.103167025
1 0.20711960624999998 0.117421490625 0.2221052953125 0.137364225 0.21916680156249999 0.10396795 0.212852978125 0.09342489375 0.207271121875 0.09354010625 0.20711960624999998 0.117421490625
1 0.1628413671875 0.11443552812499999 0.1666633421875 0.1346086859375 0.171738328125 0.1438089296875 0.17620097968749998 0.1461799046875 0.17905880937500002 0.1418789375 0.17499048125 0.1202056421875 0.1730125921875 0.1143624265625 0.1671879265625 0.109898571875 0.1628413671875 0.11443552812499999
1 0.096728403125 0.114910684375 0.0994347171875 0.1344910984375 0.1109467 0.15498446562499998 0.11503982500000001 0.1551052375 0.11989325625 0.1412528265625 0.112858096875 0.11081471093749999 0.1105071375 0.1058002234375 0.0987240046875 0.1053592421875 0.096728403125 0.114910684375
1 0.049060665625 0.1470936671875 0.057598728125 0.1649800734375 0.06839645625 0.15942051562499998 0.062367953125 0.11650934843750001 0.054399970312500004 0.125392284375 0.047857251562499994 0.114961540625 0.049060665625 0.1470936671875
1 0.1178826671875 0.27163266406250003 0.119860559375 0.2774758796875 0.12320754687499999 0.2792541109375 0.127927175 0.2738884265625 0.12918726875 0.2567576484375 0.126361321875 0.23334823437500002 0.1239074640625 0.241006665625 0.117922834375 0.24038549687500002 0.1108545921875 0.23503668125 0.1178826671875 0.27163266406250003
1 0.07155097187500001 0.2466895546875 0.06780456406249999 0.242630325 0.07099294843750001 0.27444780468749996 0.0784224359375 0.285583603125 0.0853627625 0.2906402015625 0.087854609375 0.2810100984375 0.08219563125 0.24034913281249998 0.0790566625 0.24392997656249998 0.076514828125 0.2558449265625 0.07155097187500001 0.2466895546875
1 0.0774539296875 0.3727010765625 0.0830287015625 0.3787437265625 0.08750198125 0.37187790781249996 0.08875853125 0.3578260609375 0.08295512187500001 0.33488861875 0.07601479531250001 0.3298320203125 0.0740227359375 0.33630453125000004 0.0774539296875 0.3727010765625
1 0.127099559375 0.346361309375 0.13179438906250002 0.36254814375 0.1366265671875 0.36716932343750003 0.1419656140625 0.36247504375 0.1418672390625 0.3401724546875 0.1369118859375 0.3348012109375 0.1274832546875 0.33629578437499996 0.127099559375 0.346361309375
1 0.181798915625 0.3476953734375 0.18996745312500002 0.3633315765625 0.194437190625 0.359544690625 0.197055753125 0.3475857234375 0.19731627499999999 0.3367701328125 0.194476159375 0.32567644375000004 0.1906400125 0.3178190109375 0.1841923859375 0.31576268281250003 0.181798915625 0.3476953734375
1 0.1661662828125 0.2432000171875 0.175816465625 0.26475809687499996 0.1842490671875 0.266499778125 0.187853034375 0.2605413515625 0.1837917921875 0.2327101953125 0.17796712812499998 0.22824634062500002 0.1708929984375 0.2316764703125 0.1661662828125 0.2432000171875
1 0.22934783906249998 0.20317072343749998 0.2319557734375 0.2004485515625 0.229354921875 0.197012859375 0.221661375 0.19977158281250001 0.22140793906249998 0.2044293125 0.22934783906249998 0.20317072343749998
1 0.22298441875 0.235732709375 0.22966776875 0.24852596562499998 0.233141475 0.2479753328125 0.23589029843749998 0.23060857031249998 0.23281445937499998 0.20877795312499997 0.230583134375 0.20759246562500003 0.221404396875 0.207508240625 0.21941587812500002 0.210901821875 0.22298441875 0.235732709375
1 0.23985943281250002 0.33849194374999997 0.244195365625 0.343191784375 0.2511463203125 0.3390115875 0.24696190312500002 0.310430365625 0.23480570312500001 0.3108181125 0.23367941406249998 0.3194621625 0.23985943281250002 0.33849194374999997
1 0.5594022421875 0.21318933125 0.5681059921875 0.1948786265625 0.5683806828125 0.171747309375 0.5645374515625 0.170047740625 0.553366653125 0.1764360265625 0.5553091171875 0.2130685578125 0.5594022421875 0.21318933125
1 0.4990297359375 0.18351002656249998 0.5040834656250001 0.2111838609375 0.5087960093749999 0.2119760375 0.5156237875 0.20704577500000002 0.515159428125 0.1794140546875 0.5119427 0.172228025 0.5083493625 0.1689496609375 0.50289068125 0.1698149390625 0.4990297359375 0.18351002656249998
1 0.44614258125 0.2242162875 0.4503553390625 0.22816606093749997 0.4546983578125 0.2267080375 0.4611672390625 0.2102907765625 0.4609456859375 0.187238121875 0.44456964374999997 0.189833959375 0.443052571875 0.214701396875 0.44614258125 0.2242162875
1 0.3902398109375 0.190750096875 0.39739815 0.22193828125 0.4079318140625 0.230273246875 0.4095472640625 0.227708396875 0.40807624374999996 0.2125497234375 0.40314215000000003 0.188704890625 0.398186796875 0.18333364531250002 0.392108696875 0.18352751875 0.3902398109375 0.190750096875
1 0.3431914921875 0.2236044859375 0.3529790203125 0.23359690937500002 0.354481921875 0.22104519687500002 0.3506634890625 0.19779310625 0.34657390625 0.194593403125 0.33863400781249997 0.195851990625 0.3431914921875 0.2236044859375
1 0.2836387 0.23612283281250002 0.29380638281250004 0.23912866250000003 0.29591807812500004 0.2364851515625 0.2923601640625 0.2024174703125 0.279581003125 0.20521274531249997 0.2800524484375 0.22668660468750002 0.2836387 0.23612283281250002
1 0.29210237031249997 0.3186667984375 0.2973005296875 0.328617109375 0.30139365625000003 0.328737884375 0.30488153125 0.31587152343749997 0.3042798265625 0.2998054625 0.30205204218750004 0.295541040625 0.29411922968750004 0.2906417671875 0.2910044203125 0.302679396875 0.29210237031249997 0.3186667984375
1 0.348206253125 0.28514656562499996 0.3526405640625 0.3121489921875 0.357219303125 0.32142789843749997 0.3661516890625 0.3200119859375 0.361101503125 0.28925922187499997 0.35800795 0.2828232625 0.35255281250000003 0.280609609375 0.348206253125 0.28514656562499996
1 0.401888325 0.3081904734375 0.4110458078125 0.326748284375 0.424310584375 0.3331111453125 0.41591695156249997 0.2975012171875 0.4135659921875 0.2924867296875 0.4058759875 0.292166521875 0.401888325 0.3081904734375
1 0.5254600984375 0.2824458265625 0.5254671828124999 0.2762879640625 0.5223665453125 0.2760098671875 0.5197550671875 0.2818109703125 0.5254600984375 0.2824458265625
1 0.522074140625 0.3145358421875 0.529749978125 0.327171775 0.5329879609375 0.3158842140625 0.52917306875 0.2895531921875 0.5233448625 0.28816827031250003 0.5203603171875 0.29479810156249997 0.522074140625 0.3145358421875
1 0.4553275890625 0.32665531875 0.4616449546875 0.334119440625 0.46946167812499995 0.332110784375 0.47220341875000005 0.320901884375 0.47271737500000005 0.305428565625 0.46777265 0.290820525 0.45822438906249996 0.2884861015625 0.45028094375 0.292823621875 0.4553275890625 0.32665531875
1 0.9313122593750001 0.39127071406249997 0.935880371875 0.4097864140625 0.9514819390625 0.4334794859375 0.9580704515624999 0.4208912234375 0.9457210406250001 0.373594865625 0.9432433640625 0.3709092421875 0.933688015625 0.37473268125 0.9313122593750001 0.39127071406249997
1 0.8525291390625 0.4076069359375 0.8577273 0.41755724843750003 0.8616972484375 0.416927953125 0.8625701046875 0.41294163125 0.8623768921874999 0.36525752499999997 0.8569252953125 0.3599649421875 0.8450119031250001 0.36493175624999996 0.8525291390625 0.4076069359375
1 0.771951528125 0.36650817812500003 0.77676245 0.38960294218749997 0.7888938515625 0.41076771562500003 0.7912518953125 0.4096243390625 0.792276265625 0.38175663125 0.7853536531249999 0.3613053765625 0.7771709453125 0.3579849 0.7729511 0.3601929890625 0.771951528125 0.36650817812500003
1 0.7087699734374999 0.40653747031250004 0.7209013750000001 0.42770224375000004 0.7257441796874999 0.423086628125 0.72538528125 0.4115996296875 0.7171148265625 0.3767397703125 0.712159471875 0.371368525 0.70111185 0.3785068796875 0.7087699734374999 0.40653747031250004
1 0.6441422 0.4098555734375 0.653303221875 0.4253344546875 0.6570268218749999 0.423205025 0.6575655765625 0.386179184375 0.6573263125000001 0.3785211859375 0.653117096875 0.3714924828125 0.6440650765625 0.369079396875 0.6405665734375 0.3911825484375 0.6441422 0.4098555734375
1 0.5785431921875 0.3948574109375 0.5873346890625 0.4080860890625 0.591304640625 0.40745679375000005 0.597027384375 0.392696990625 0.58514941875 0.3668744921875 0.579820996875 0.362331975 0.5731163921875 0.36801230625 0.5785431921875 0.3948574109375
1 0.5290278234375 0.41578938125000003 0.5347222265625 0.42566103125000004 0.5385654578125 0.4273606 0.5363801875 0.3861490046875 0.531548009375 0.3815278265625 0.52335821875 0.3843652125 0.5290278234375 0.41578938125000003
1 0.47988197968749996 0.43897155625 0.4873114671875 0.4501073546875 0.49413924531250003 0.445177090625 0.48896588437500005 0.41367426093750004 0.4801673 0.40660344375 0.476063546875 0.41571946718749997 0.47988197968749996 0.43897155625
1 0.4197416546875 0.42310811406250004 0.42542188750000004 0.4452954875 0.43161253750000006 0.455088475 0.43980232812500003 0.4522510921875 0.43524484374999994 0.424498596875 0.42669615156249996 0.415848984375 0.420987578125 0.4182930609375 0.4197416546875 0.42310811406250004
1 0.38620800625 0.46074656562499994 0.39427108125 0.4602380421875 0.3915789375 0.42834190312500003 0.38488496250000004 0.4247854390625 0.37657199375 0.42687275625 0.381006303125 0.453875184375 0.38620800625 0.46074656562499994
1 0.3319942640625 0.46857063125 0.3433795296875 0.49139286249999997 0.3458855453125 0.4694470328125 0.34281324999999996 0.44453748437499996 0.339100278125 0.43743012031250006 0.33054450156250004 0.43493837031249993 0.32829900625 0.446068609375 0.3319942640625 0.46857063125
1 0.256945371875 0.47354063125 0.26747549375 0.484954528125 0.27132226875 0.4835751640625 0.2734410453125 0.474773790625 0.270379378125 0.44062744687500005 0.2604580453125 0.43912175312499996 0.255368890625 0.44223723281250005 0.256945371875 0.47354063125
1 0.2033793875 0.45740465312499995 0.205839353125 0.47548493281250004 0.21834027968749997 0.49889990624999997 0.2238166734375 0.48263996875000004 0.21924856093749998 0.46412427031250003 0.21504288906250002 0.454016634375 0.2066102859375 0.452274953125 0.2033793875 0.45740465312499995
1 0.1443263859375 0.46676540468749994 0.149380115625 0.49443923749999996 0.1646192390625 0.50972424375 0.167118171875 0.49393627812499996 0.16279995 0.47384178125 0.1505347453125 0.461163734375 0.145199240625 0.46277908281249996 0.1443263859375 0.46676540468749994
1 0.09418097187499999 0.49626276718750006 0.098513359375 0.5040415375 0.10831506093750001 0.5017182328125 0.1095680671875 0.49074531875 0.10735445625 0.474165175 0.095328515625 0.469145125 0.0918512671875 0.472774690625 0.09418097187499999 0.49626276718750006
1 0.108680228125 0.6155600359375 0.10852871093750001 0.6394414203125 0.111622265625 0.6458773796874999 0.115588671875 0.6483270171875 0.1208010015625 0.6459616015625 0.12465840312500001 0.6353454468749999 0.12368008593749999 0.62318704375 0.1192245203125 0.61465820625 0.114019275 0.6108657578125001 0.108680228125 0.6155600359375
1 0.1637207703125 0.6437757562499999 0.1719070203125 0.6440173015624999 0.1778690296875 0.636915496875 0.1788756890625 0.6244424468750001 0.17492699375 0.606598153125 0.164020259375 0.5990919171875 0.16029311875000002 0.6043002796875 0.1637207703125 0.6437757562499999
1 0.22774329531249998 0.6274705203125001 0.232705734375 0.626683903125 0.2365631375 0.616067746875 0.23806603750000002 0.6035160359375 0.236214865625 0.59534395625 0.22195405781250002 0.592217353125 0.22117957968750002 0.6185062625 0.22774329531249998 0.6274705203125001
1 0.27277475625 0.6226411625 0.2792153 0.6308553531250001 0.2860501640625 0.619767228125 0.28433987968749996 0.596950559375 0.2811266953125 0.5866855984375 0.2751753140625 0.584550609375 0.269706003125 0.594652684375 0.27277475625 0.6226411625
1 0.325246334375 0.619710809375 0.3314511515625 0.617188071875 0.33319331874999997 0.6122943578125 0.333344834375 0.5884129734375 0.33075106718749997 0.5788194203125 0.3223184671875 0.5770777390624999 0.318591325 0.5822860984375 0.325246334375 0.619710809375
1 0.3781264015625 0.5851624109375 0.3837960078125 0.61658658125 0.3883782921875 0.6227865546875 0.39732130625 0.61213385 0.3925174703125 0.5828812203125 0.38979344375 0.5786954625 0.3813573 0.5800327140625 0.3781264015625 0.5851624109375
1 0.43074240937499997 0.5645085359375 0.43146728906250004 0.5813246671875001 0.43728486875000006 0.591946384375 0.44584064375 0.59443813125 0.451436671875 0.58200719375 0.4502084609375 0.5714275890625 0.44463723125000004 0.5623060046874999 0.43335034375000003 0.5617863625 0.43074240937499997 0.5645085359375
1 0.5041545968750001 0.5805769749999999 0.509359840625 0.5843694234375 0.5142026468750001 0.5797538062500001 0.5123762734375 0.55002920625 0.4992275859375 0.5505742796875001 0.4978584875 0.5546392609375 0.5041545968750001 0.5805769749999999
1 0.5494678359375 0.5464584359375 0.5555105078125 0.5770538765625 0.5661602640625001 0.592296771875 0.57075671875 0.5861810203125 0.571633115625 0.5791157671875 0.5636019250000001 0.5519139046875 0.5596426015625 0.5433064046875 0.5538143953125 0.5419214828125 0.5494678359375 0.5464584359375
1 0.6037657828125 0.5732526828125 0.6076019296874999 0.581110115625 0.619019078125 0.5762219625 0.6195365765624999 0.5576697125 0.6169428124999999 0.548076159375 0.6130995796875001 0.5463765890625 0.6032943375 0.551778825 0.6037657828125 0.5732526828125
1 0.6582152484375 0.5761655453125 0.669382503125 0.5728561890625 0.664955278125 0.5396958984375 0.6560264328125001 0.5380328796875 0.6529187109375 0.5439126453124999 0.6582152484375 0.5761655453125
1 0.719556259375 0.518727375 0.7236175015625 0.5465585328125 0.7300438703125 0.5670884484375 0.74119695625 0.57609481875 0.744185046875 0.566386053125 0.7362876578125 0.5306974656250001 0.7309698640625 0.516918153125 0.7229103328125001 0.5143477453124999 0.719556259375 0.518727375
1 0.8058424437499999 0.557382059375 0.8089466234374999 0.554581225 0.8111956625 0.5403720546875 0.8055225140625 0.51202681875 0.7897658921875 0.5152940609375001 0.7886218875 0.53933276875 0.8058424437499999 0.557382059375
1 0.8735708546875 0.5543420546875 0.8788886484375 0.5681213656249999 0.88285505625 0.570571003125 0.8858360624999999 0.5670200999999999 0.8889721234374999 0.5365088828125 0.8834044375 0.5243083671875 0.8763373937500001 0.5215806359374999 0.8675281828125 0.523746615625 0.8735708546875 0.5543420546875
1 0.9490069890624999 0.5362275999999999 0.9548033125 0.56532290625 0.9660831140624999 0.5720004109375 0.9691101734374999 0.5284234015625 0.9639190984375 0.5123152265625001 0.959583165625 0.5076153875 0.951889615625 0.5103741109375 0.9490069890624999 0.5362275999999999
1 1 0.640864765625 0.996022609375 0.6395962640625 0.9837290640624999 0.6515496703125 0.9993235437499999 0.681400603125 1 0.68161634375 1 0.640864765625
1 0.8982519671875 0.6643294296875 0.90875020625 0.703453709375 0.9159439703125001 0.7038525796874999 0.9252600531249999 0.69237114375 0.9198297140625 0.6686049703125 0.9182248906250001 0.661933025 0.9097958328125 0.6571124140625 0.8982519671875 0.6643294296875
1 0.840356321875 0.7458484171875 0.84201428125 0.706336390625 0.8312448921875 0.687264496875 0.81350329375 0.6908463890625 0.8241388781250001 0.7184050109375 0.840356321875 0.7458484171875
1 0.7503607078125001 0.6970074359375 0.7514515703125 0.7191527015625 0.7643255671875 0.741738946875 0.773740028125 0.7525600984375 0.7732792109375 0.7218494453125001 0.76512484375 0.693897515625 0.7593072656250001 0.6832757984375 0.7549607046875 0.6878127546874999 0.7503607078125001 0.6970074359375
1 0.6801510765625001 0.7004407515625 0.68423003125 0.7128772515625 0.6950065046875 0.7257912796875 0.7054240796875 0.7272183140624999 0.7038582265625 0.6866781234375 0.6871232859374999 0.677786965625 0.680165246875 0.688125025 0.6801510765625001 0.7004407515625
1 0.6104483171874999 0.694558609375 0.6156358484375 0.7137457140625 0.62540920625 0.7360538625 0.6395645531249999 0.7230357421875 0.627940021875 0.692555515625 0.6253391703125 0.689119825 0.6177723390625001 0.6895496828125001 0.6104483171874999 0.694558609375
1 0.5662826234375 0.701559509375 0.571086459375 0.7308121375 0.5792585406249999 0.7433694078124999 0.5828554203125 0.74356884375 0.5839923390624999 0.725688 0.5800578171875 0.6955279796875 0.575968234375 0.6923282734375 0.5670358453125 0.6937441859375 0.5662826234375 0.701559509375
1 0.515788940625 0.710333078125 0.521469171875 0.732520453125 0.5275366453125 0.7415633734375 0.5353639968749999 0.7303179234375 0.52906434375 0.70745914375 0.5254710046875 0.7041807765625 0.5170348640625 0.7055180265625001 0.515788940625 0.710333078125
1 0.459090434375 0.7216293859375 0.464886759375 0.750724690625 0.4747974640625 0.76146718125 0.48658768124999996 0.7557503 0.473981290625 0.7161906 0.4698952515625 0.7099119640625 0.46021318281249995 0.7160642671875 0.459090434375 0.7216293859375
1 0.397932825 0.7274757859375 0.3984078125 0.7458707140625 0.40607656406250003 0.764664509375 0.41227783906250004 0.7652207046874999 0.4160085234375 0.7569334125 0.4131825765625 0.7335239984374999 0.40959632187499995 0.72408776875 0.40116372343749995 0.7223460875 0.397932825 0.7274757859375
1 0.3441869859375 0.7598526421875 0.3471538203125 0.7686174671875 0.3550830921875 0.7765956734375 0.358806690625 0.7744662453125 0.359060128125 0.7698085156250001 0.353890309375 0.7352267546875 0.3469464375 0.7332490875000001 0.343965434375 0.7367999890625 0.3441869859375 0.7598526421875
1 0.2816957015625 0.7389747140625 0.27808819218749997 0.748012075 0.281174659375 0.7606058953125 0.290955103125 0.7767561828125 0.30026055937499996 0.7745115421875 0.301274303125 0.7558806265625 0.298807253125 0.7439582109375 0.2939750765625 0.739337034375 0.28504623281249997 0.7376740140625 0.2816957015625 0.7389747140625
1 0.235154253125 0.762513646875 0.23909940624999998 0.7834368734375 0.24727148593749998 0.7959941453125 0.2517341359375 0.7983651218750001 0.2542188984375 0.7948928796875 0.25397963125 0.7872348828125 0.250041565625 0.76015379375 0.2444703359375 0.7510322109375 0.238892021875 0.7480684906249999 0.235154253125 0.762513646875
1 0.1854208765625 0.7573140328125 0.1798319328125 0.7635871078124999 0.190749296875 0.7618565484375 0.1854208765625 0.7573140328125
1 0.180039315625 0.7989554890624999 0.1856140875 0.8049981390625 0.1897072109375 0.8051189109375001 0.193810965625 0.7960028921875 0.1954405828125 0.7811223171874999 0.19321988750000002 0.770700034375 0.1808173359375 0.769587646875 0.17845575 0.77380995625 0.180039315625 0.7989554890624999
1 0.12710692343750002 0.771175190625 0.1327836140625 0.796441496875 0.138108490625 0.80406294375 0.1470479640625 0.7964891703125 0.1443416515625 0.7769087546875 0.138893596875 0.7685372390625 0.13145348437499998 0.766638234375 0.12710692343750002 0.771175190625
1 0.136270675 0.89208780625 0.1345285078125 0.8969815203125 0.143175575 0.9279337203125 0.1509781296875 0.938240790625 0.1534593484375 0.9378474812500001 0.1562010875 0.92663858125 0.153128790625 0.9017290328125 0.15028513125 0.8937142765624999 0.1444604671875 0.8892504234375 0.136270675 0.89208780625
1 0.20064147187499998 0.8965063640625001 0.19765692343750002 0.9031361984374999 0.2011022890625 0.9272170171875 0.2076624625 0.9392602078125 0.21101299375 0.9379595078125 0.21735515625000001 0.9238711125 0.21476847656250003 0.9081196953124999 0.21304047812500002 0.9006976812499999 0.208208303125 0.89607650625 0.20064147187499998 0.8965063640625001
1 0.24478590625000002 0.9079790546875 0.25716720312499997 0.9275650296875 0.26263296875000003 0.9205418875 0.26475174687499997 0.9117405140624999 0.2619187140625 0.8944889625 0.25497838906250003 0.8894323640625 0.25075854531249997 0.89164045625 0.24478590625000002 0.9079790546875
1 0.2953291890625 0.8561004437499999 0.3007559859375 0.8829455484375 0.3062040390625 0.8913170625 0.3148900765625 0.888401015625 0.3141651953125 0.8715848859375 0.310093328125 0.8529905234375 0.30339934999999996 0.8494340609375 0.29607886875 0.8513640546874999 0.2953291890625 0.8561004437499999
1 0.34929658125 0.8467762421874999 0.3498982859375 0.8628423046875 0.35446994374999996 0.878279071875 0.3623921296875 0.8924151421875001 0.37132451718750004 0.8909992296875 0.37318985625 0.886855584375 0.36504966250000004 0.846587928125 0.35736674218750003 0.8401098578124999 0.3500462609375 0.842039853125 0.34929658125 0.8467762421874999
1 0.411309334375 0.8523381765625 0.416971853125 0.889920209375 0.42529190781250004 0.881675028125 0.427044703125 0.8675445203125 0.42507035625 0.8586223734375 0.4228461140625 0.851279021875 0.41553271875000003 0.8470511546875 0.411309334375 0.8523381765625
1 0.4702037359375 0.8730166718750001 0.4746628453125 0.8784665781250001 0.4822332171875 0.8749577859375 0.48289514999999994 0.8386820140625 0.4712387359375 0.83591216875 0.465523075 0.8445141078124999 0.4702037359375 0.8730166718750001
1 0.5267684375 0.870207090625 0.5386605734375001 0.883713865625 0.5416415781249999 0.8801629625 0.536718109375 0.8470813343750001 0.532259 0.8416314281249999 0.522950003125 0.846955 0.5267684375 0.870207090625
1 0.5789059109375 0.8342372171875001 0.5852055625 0.857096 0.591526471875 0.8614811906250001 0.606163890625 0.8607001359374999 0.6049321375 0.8531994624999999 0.5900802515625 0.82477 0.58350945 0.8219636031249999 0.5789059109375 0.8342372171875001
1 0.7066798140625 0.8216791375 0.709636021875 0.8396807562499999 0.7166818109374999 0.860882078125 0.7213872703125 0.8678321203125 0.7247484281250001 0.8572946265624999 0.7195821515625 0.81963393125 0.7174775437500001 0.8161195796875 0.70929129375 0.815878034375 0.7066798140625 0.8216791375
1 0.7685587640625 0.8357277984374999 0.7700297843749999 0.8508864718750001 0.77597408125 0.8591793234375 0.787750128125 0.8657781671875 0.788626525 0.8587129140625 0.7833264453125001 0.8295389468750001 0.7741547921875 0.823296859375 0.7703080171875001 0.824676221875 0.7685587640625 0.8357277984374999
1 0.8504531515625 0.8104328781250001 0.8472222531250001 0.8155625765625001 0.8536415390625001 0.8422503562499999 0.8668956890624999 0.857850009375 0.8706157453125 0.8587995125000001 0.8750996515624999 0.8426968984375 0.8721399015625 0.8277742109374999 0.8683072968750001 0.8168378468749999 0.8633519453125 0.811466603125 0.8504531515625 0.8104328781250001
1 0.9244847593750001 0.827172721875 0.9355004984375 0.84774475 0.9474174328125 0.8396990046875 0.940516075 0.8007741609375 0.928240240625 0.797332909375 0.9214089203125001 0.8053421046875 0.9244847593750001 0.827172721875
1 0.639521225 0.8684955890625 0.635304925 0.8676247484375 0.6278541828125 0.8749625375000001 0.6339287421875001 0.8778475953125 0.639521225 0.8684955890625
1 0.6398100859375 0.833048546875 0.6452262578125 0.8691304453124999 0.655492315625 0.8944388625 0.659089196875 0.894638296875 0.6639745125000001 0.8530755031249999 0.65928676875 0.830730803125 0.6498652218750001 0.8260675140625 0.641056009375 0.82823349375 0.6398100859375 0.833048546875