1 0.2074814109375 0.0391532859375 0.21649554843750002 0.04410145 0.2415692640625 0.050312 0.2579811984375 0.0492528703125 0.2646134671875 0.0453589203125 0.2558134171875 0.032232721874999995 0.21582530000000003 0.024342787499999997 0.218441146875 0.0261589046875 0.21479625468750002 0.0340864 0.2074814109375 0.0391532859375
1 0.1929849390625 0.1213604046875 0.2139105640625 0.1216096515625 0.21716107812500002 0.1183217375 0.2146417578125 0.11230379531250001 0.20058276406250003 0.100825796875 0.19105854687499998 0.10018009218749999 0.17666206874999998 0.10605357500000001 0.1779322734375 0.11382450468750001 0.1929849390625 0.1213604046875
1 0.1476370703125 0.182771615625 0.154663053125 0.18692329375 0.191269415625 0.1954192671875 0.20767431875 0.1911854953125 0.201393590625 0.1840772390625 0.178065825 0.17414265 0.15738159062499998 0.1697332375 0.15137036406249998 0.171163375 0.146373896875 0.1781753234375 0.1476370703125 0.182771615625
1 0.29780755625 0.15386026875 0.3295276015625 0.1625261515625 0.34882445156249997 0.162832034375 0.34392407812500003 0.156652665625 0.313935928125 0.1379134671875 0.29162995 0.13673533124999998 0.288013834375 0.14467617187499998 0.2920377203125 0.1511302390625 0.29780755625 0.15386026875
1 0.2796801 0.2289782625 0.31140014531250004 0.23764414375 0.317031715625 0.23451765781249997 0.32001975625 0.2258659921875 0.31335937187499996 0.2170613828125 0.301198653125 0.21406514062499998 0.2761319640625 0.21102922500000001 0.27026603437499996 0.22149051718749999 0.2796801 0.2289782625
1 0.3209595984375 0.0844288796875 0.3499259609375 0.09441162343750001 0.35857368749999996 0.0953320265625 0.3680908765625 0.0928030921875 0.36908454687500003 0.08886099374999999 0.3403384828125 0.0651941671875 0.3350725109375 0.063667725 0.3204205875 0.06735209375 0.3173083375 0.07649652343749999 0.3209595984375 0.0844288796875
1 0.39673621875 0.014388703125 0.3931318171875 0.0091502453125 0.3558749546875 0.008283081250000001 0.35589269843750004 0.016297384375 0.385231690625 0.024801840625 0.3943762515625 0.02375119375 0.39673621875 0.014388703125
1 0.4945609703125 0.05543544375 0.5035813203124999 0.0548775609375 0.5029181046875 0.0382935390625 0.47934895156249996 0.0325191140625 0.4665671890625 0.031986681249999996 0.4640900421875 0.045016574999999996 0.4945609703125 0.05543544375
1 0.41824533906249994 0.10839883749999998 0.42376675781250006 0.11211439062499999 0.4488475046875 0.12149958281249999 0.47652960625 0.11736211875 0.4715050234375 0.1116755125 0.45594849374999996 0.1029360265625 0.43011546406249995 0.09333277031250001 0.421598978125 0.0950942453125 0.41897653437500004 0.0990929828125 0.41824533906249994 0.10839883749999998
1 0.41116775 0.194122578125 0.429105334375 0.2030234921875 0.44475795625 0.1985716578125 0.447256190625 0.195065684375 0.443611959375 0.1903079671875 0.41839294687499995 0.1750662609375 0.415135403125 0.1751795328125 0.40987645937500006 0.17682773125 0.408275803125 0.1895829265625 0.41116775 0.194122578125
1 0.3930332640625 0.2660659328125 0.410577134375 0.2669212171875 0.42159185624999995 0.26165376875 0.408036728125 0.2513793578125 0.383591084375 0.2458796328125 0.373839534375 0.25574336875000003 0.3833778109375 0.262738353125 0.3930332640625 0.2660659328125
1 0.41121454999999996 0.3284429484375 0.42171837968750003 0.318797275 0.41757028749999997 0.3128359703125 0.378575840625 0.3010039328125 0.36993514375 0.30325816875 0.3633099015625 0.31032675625 0.3736004609375 0.3175398015625 0.41121454999999996 0.3284429484375
1 0.33674799375000003 0.367665625 0.3822364421875 0.3697471953125 0.39349255156249996 0.3603195828125 0.3748026859375 0.3512006078125 0.3404742578125 0.35288274375 0.33171638125 0.3588043796875 0.33260692812500003 0.3648789578125 0.33674799375000003 0.367665625
1 0.28081435 0.28852894375 0.2895792578125 0.28578194687499997 0.27576867968749996 0.2733184203125 0.2577139171875 0.268084909375 0.2542079546875 0.26918370937499997 0.2512199140625 0.2778353765625 0.2652718796875 0.2861387359375 0.28081435 0.28852894375
1 0.1654597890625 0.25297619843749997 0.1714710140625 0.2515460625 0.17509415781249998 0.24677986093749998 0.16956570625 0.23988966875 0.15000638125000001 0.23422003125000002 0.13144624062500002 0.2275411484375 0.13395444375 0.243720753125 0.1654597890625 0.25297619843749997
1 0.12950489999999998 0.3123512375 0.14831194375 0.3178028125 0.18315126875 0.32049890468750003 0.15767680625 0.303068084375 0.125832553125 0.2948949640625 0.133672765625 0.30580859375 0.11733715156249999 0.3061803546875 0.12950489999999998 0.3123512375
1 0.1284994828125 0.3675803296875 0.1462988015625 0.3706247265625 0.14729247031249998 0.36668262500000004 0.1403766390625 0.355688903125 0.10940887656250001 0.347241084375 0.10278363593749999 0.35430967343750003 0.10642786562499999 0.3590673890625 0.1284994828125 0.3675803296875
1 0.113442103125 0.414506059375 0.138625971875 0.4138745703125 0.1358582328125 0.40884215468749996 0.102619565625 0.39339086874999996 0.0817009703125 0.396316259375 0.0788301109375 0.401300525 0.113442103125 0.414506059375
1 0.0989987359375 0.45579333593750004 0.12105629843750002 0.457956996875 0.1027250015625 0.4410104546875 0.0821649734375 0.43610828125 0.075167109375 0.44465515624999996 0.0824485375 0.4509959515625 0.0989987359375 0.45579333593750004
1 0.0858466625 0.5143754609375 0.099125259375 0.5129368421875 0.09885575468749999 0.5043984499999999 0.0960950453125 0.5025406734375 0.069889390625 0.49441570625000003 0.0652585203125 0.4967747296875 0.0641546984375 0.5075588734375 0.0858466625 0.5143754609375
1 0.0562756234375 0.570842078125 0.085724765625 0.5725044921875 0.091232128125 0.56987076875 0.086455959375 0.5631986375 0.0779254140625 0.55861083125 0.0430720328125 0.5495654609375 0.0349422296875 0.5561979218750001 0.038462249999999996 0.5614484015625 0.0562756234375 0.570842078125
1 0.045387423437500005 0.63325303125 0.0700603984375 0.628243315625 0.03758104375 0.6161847296875 0.0251789359375 0.6173486515625 0.023060359375 0.622550978125 0.045387423437500005 0.63325303125
1 0.0249258046875 0.67279580625 0.0453616203125 0.6781907421875 0.056010746874999996 0.677576221875 0.060013542187500005 0.674506371875 0.057121596875 0.66996671875 0.035181215625 0.66413565625 0.02891454375 0.6633766765625 0.0224064828125 0.6667778640625001 0.0249258046875 0.67279580625
1 0.032933712500000004 0.7242923734375 0.0125635 0.719762409375 0.0128892453125 0.7384243953125 0.0184341140625 0.7401825375 0.042237626562500005 0.7386221609375 0.043983578125 0.7348981218749999 0.032933712500000004 0.7242923734375
1 0.0138287953125 0.7922511531249999 0.0303276390625 0.7922766578125 0.0294230328125 0.7798528015625 0.013525059375 0.77485010625 0.0138287953125 0.7922511531249999
1 0.15435573125 0.783812096875 0.160622403125 0.7845710765625 0.1636245015625 0.7822686875 0.1604771078125 0.7755399203125 0.1449205796875 0.766800434375 0.1218482625 0.7590549578125 0.1280487890625 0.7647067265625 0.125079228125 0.7699550796875 0.11724550625 0.7741125390625 0.15435573125 0.783812096875
1 0.11249135937500002 0.8155387890625001 0.1071916234375 0.81720095625 0.1382906234375 0.828330653125 0.151693428125 0.82639926875 0.1592021890625 0.822230621875 0.15116847656250001 0.8156717640625001 0.110793678125 0.8029108390624999 0.1128983984375 0.8073914515625 0.12305409062499999 0.8150069796875 0.11249135937500002 0.8155387890625001
1 0.232975009375 0.8658232671875 0.2408634234375 0.8633509671875 0.23621146718750002 0.8561860749999999 0.22353985468749998 0.8488116015625 0.199722284375 0.8440227 0.1922135234375 0.8481913499999999 0.197486525 0.8528924296874999 0.232975009375 0.8658232671875
1 0.228086378125 0.8083569078125 0.24513341406250003 0.8111832421875 0.25139305625 0.80876758125 0.249122153125 0.8017641140625 0.22817544218750002 0.79199095 0.2211635171875 0.794188546875 0.21880354999999999 0.8035510390624999 0.228086378125 0.8083569078125
1 0.25115638281249997 0.758466115625 0.26907287968750004 0.7578431125 0.267305840625 0.7520432312499999 0.25713949375 0.744337425 0.2471043828125 0.7393134921875 0.2355717390625 0.7370280734375 0.22667559375000002 0.73709319375 0.2221759625 0.7421340953125 0.25115638281249997 0.758466115625
1 0.1469618390625 0.7266770765625 0.1710207984375 0.7273058125 0.1760172671875 0.7202938624999999 0.171869171875 0.7143325578125 0.1441589546875 0.705771465625 0.13765089531250002 0.7091726515625 0.1380446078125 0.71721828125 0.1469618390625 0.7266770765625
1 0.1346394546875 0.6506641296875 0.1331278609375 0.6470533671875 0.12886961875 0.6479341015625 0.128386840625 0.6562544328125 0.1326521125 0.658548334375 0.1346394546875 0.6506641296875
1 0.1626262046875 0.6709382546875 0.1772851578125 0.6704285249999999 0.17815461875 0.6669791843749999 0.162970715625 0.6567614093749999 0.1412787515625 0.6499448218749999 0.1392773546875 0.6514797453125001 0.13553703125 0.6599133484374999 0.137925115625 0.6632494125 0.1626262046875 0.6709382546875
1 0.2656888125 0.7008128796875 0.271824246875 0.6988899828124999 0.270678253125 0.690626290625 0.2422157515625 0.681847134375 0.237730178125 0.6932373125 0.24538423437499998 0.6980998203125 0.2656888125 0.7008128796875
1 0.2756889578125 0.3504952875 0.2619955609375 0.3343643609375 0.2404207765625 0.32388036875 0.237294471875 0.32667552031249997 0.23882715000000002 0.3398102015625 0.2739430046875 0.3542193265625 0.2756889578125 0.3504952875
1 0.2237838265625 0.3930852125 0.2517424625 0.4006607765625 0.2543649046875 0.3966620390625 0.252466628125 0.388180284375 0.22637815468750003 0.3763879140625 0.21835850156249997 0.37617833749999996 0.21385183749999997 0.378044596875 0.2124855421875 0.3834649875 0.2237838265625 0.3930852125
1 0.24084723281249998 0.45989709218749997 0.246230384375 0.4577561296875 0.24659598124999998 0.45310320312499996 0.23378610625000001 0.439872215625 0.21208711249999998 0.4298809875 0.207988221875 0.44614215625 0.23069494218750003 0.45854056249999997 0.24084723281249998 0.45989709218749997
1 0.1871750625 0.4966871359375 0.21926773281249998 0.5038747296875 0.2312831546875 0.49783982031249996 0.2295231453125 0.49521458125000006 0.21472592499999998 0.4898677953125 0.190404490625 0.48387530625 0.183392565625 0.486072903125 0.181149778125 0.4917679921875 0.1871750625 0.4966871359375
1 0.1992068546875 0.554637771875 0.212478421875 0.5500245125000001 0.20131137500000001 0.5430861671875 0.177990640625 0.5363262171875001 0.17335976875 0.5386852390625 0.171372428125 0.5465694421875 0.1992068546875 0.554637771875
1 0.1871867171875 0.6151343109375 0.194060375 0.6070801968749999 0.1924245734375 0.6039621953125 0.159068728125 0.5921783109375001 0.15659157968749998 0.6052082046875 0.1769102171875 0.61427054375 0.1871867171875 0.6151343109375
1 0.2679433453125 0.6438308015625 0.2793447515625 0.6434343421875 0.2810907046875 0.6397103046875 0.27042049375 0.6308009078125 0.255119409375 0.624250534375 0.2502330921875 0.624420446875 0.24247591562499998 0.6295746203125 0.25251805312500003 0.637773190625 0.2679433453125 0.6438308015625
1 0.2588995921875 0.5772285 0.2859817375 0.5850787656249999 0.29650665468750004 0.584957009375 0.2987424140625 0.5760872796875 0.2678988578125 0.567146696875 0.26063148593749996 0.5671551828125 0.256380271875 0.5712105578125 0.2588995921875 0.5772285
1 0.301915609375 0.537878334375 0.3229654421875 0.5376348203125 0.334221553125 0.5282072078125 0.29749098281249997 0.5202039984375 0.291852384375 0.520155846875 0.2884846890625 0.5271111609375 0.301915609375 0.537878334375
1 0.3270737640625 0.41245039375000003 0.32130392812499997 0.40972036406249995 0.31980639375000003 0.412458878125 0.324202903125 0.4174346578125 0.3270737640625 0.41245039375000003
1 0.35580576875 0.429767940625 0.3707131390625 0.428272684375 0.36142328125 0.420292175 0.3352176265625 0.412167209375 0.331594484375 0.416933409375 0.33661906875000003 0.422620015625 0.35580576875 0.429767940625
1 0.34054214374999997 0.4967270328125 0.3500593328125 0.4941980984375 0.35129439218749997 0.48609583125 0.341880325 0.4786080859375 0.3275799421875 0.47129025 0.3119132609375 0.46939280468750005 0.3059160953125 0.4771722171875 0.30681367187499997 0.4864214359375 0.34054214374999997 0.4967270328125
1 0.590984278125 0.08602938125000001 0.6101639515625 0.090002665625 0.638598334375 0.0860832640625 0.62942565625 0.074435353125 0.5801617421875 0.0649141890625 0.5766557796875 0.0660129875 0.5764284484375 0.0765224296875 0.590984278125 0.08602938125000001
1 0.5748722796875 0.1659617265625 0.5862736859375001 0.16556527031249998 0.5872673578125001 0.1616231671875 0.5838785734374999 0.159054565625 0.539100234375 0.13814322031249998 0.5319640984375 0.14083358125 0.5318680078125 0.1540249 0.5748722796875 0.1659617265625
1 0.5042022765625 0.22214791250000002 0.5277714296875 0.2279223375 0.552451434375 0.22608726093749998 0.552320196875 0.223405384375 0.5266043484375 0.21013472812499998 0.504670996875 0.2074783046875 0.49829417343750004 0.2135613671875 0.49868085781250004 0.21843235625 0.5042022765625 0.22214791250000002
1 0.5165246609375 0.2981608578125 0.541204665625 0.29632578125000003 0.5388095515625 0.2898150765625 0.5278979515625 0.28506584375 0.49191966249999997 0.2772806984375 0.4849077390625 0.279478296875 0.48719270000000003 0.2928310421875 0.5165246609375 0.2981608578125
1 0.493855396875 0.35927191718749996 0.5120203125 0.35766338593749997 0.51150941875 0.353285159375 0.47701460625000003 0.336412221875 0.46974020625 0.3332460671875 0.461472134375 0.3340220140625 0.45559917656250004 0.3413086640625 0.47492414375 0.35431310625 0.493855396875 0.35927191718749996
1 0.45362820625 0.4131784140625 0.4695362765625 0.41091569687499996 0.470529946875 0.40697359375 0.4589762140625 0.3951642578125 0.4300309390625 0.39470543125 0.4236470859375 0.3976138546875 0.4262976453125 0.406313671875 0.45362820625 0.4131784140625
1 0.45349928124999994 0.46813280625000003 0.46502489843749995 0.46724358437499997 0.46815120468750004 0.4644484359375 0.42864586562499996 0.4482381703125 0.4223862234375 0.450653834375 0.4217792375 0.45946692499999997 0.45349928124999994 0.46813280625000003
1 0.455627203125 0.5237413859375 0.46903000937500006 0.5218100031249999 0.46713173125 0.513328246875 0.43553589531250003 0.504169603125 0.4253976640625 0.509162353125 0.4323064671875 0.516981434375 0.455627203125 0.5237413859375
1 0.416766309375 0.5722274953125 0.4398315984375 0.5767983328125 0.45148142187499996 0.575416346875 0.45208840781250004 0.56660325625 0.42425398124999997 0.558534928125 0.4127353953125 0.5625987875 0.412749453125 0.568948065625 0.416766309375 0.5722274953125
1 0.43867385781249996 0.6198216296875 0.44141347968750005 0.6121554875 0.4104386875 0.60053303125 0.4044344921875 0.60513780625 0.403075225 0.6137328359375 0.43015736875000005 0.6215831015625 0.43867385781249996 0.6198216296875
1 0.424382815625 0.6733146999999999 0.450318965625 0.6729012765625 0.43074558124999995 0.6608823593750001 0.40616869843750003 0.65270075625 0.3980248375 0.652983940625 0.3922760890625 0.6597778296875 0.4018143625 0.6667728109375 0.424382815625 0.6733146999999999
1 0.39910516875 0.7447737765625 0.414005509375 0.7401038828125001 0.4142468984375 0.7359437171875001 0.406841259375 0.7300956843749999 0.373609621875 0.7178190390625 0.36824052812499997 0.726309278125 0.3691310765625 0.73238385625 0.39910516875 0.7447737765625
1 0.3626112703125 0.7870720328125 0.3805418265625 0.7927983078125 0.407478675 0.79161741875 0.3944203796875 0.77937195625 0.37524070625 0.7753986687500001 0.36408771875 0.7748096015625 0.3590912515625 0.781821553125 0.3626112703125 0.7870720328125
1 0.3478304234375 0.8457107953125 0.3757890578125 0.8532863609374999 0.396196759375 0.8459827421874999 0.3823932109375 0.8366938546875 0.3618331859375 0.83179168125 0.34505565625 0.8375037390625 0.344441640625 0.8431421921875 0.3478304234375 0.8457107953125
1 0.3554797640625 0.9050349296875 0.364500115625 0.9044770468750001 0.366232009375 0.8944037281250001 0.3564453171875 0.8883942703125 0.3400193265625 0.883104121875 0.330516196875 0.8919823359375 0.332531653125 0.896796690625 0.3554797640625 0.9050349296875
1 0.4730982 0.944416503125 0.49542526562500006 0.9551185562500001 0.5026926375 0.955110075 0.5065712265625 0.9525329875 0.506432959375 0.9466764703124999 0.49801959374999993 0.9384212625 0.48623150156249995 0.9339467296875 0.47645886718749997 0.93428655 0.470827296875 0.9374130375 0.4730982 0.944416503125
1 0.5215043984375 0.9061000187499999 0.524996303125 0.898651940625 0.5207169703125001 0.8900087593749999 0.5094257171875001 0.8835631749999999 0.491122534375 0.879315190625 0.47973518593750003 0.8860609265624999 0.48313099687500005 0.89180416875 0.5215043984375 0.9061000187499999
1 0.5317574984375 0.8398036 0.532999584375 0.8348759734375 0.52458621875 0.8266207640625 0.5134191718750001 0.81968241875 0.5050198625 0.8177764906249999 0.496400253125 0.8295546421875001 0.5207357453125 0.8418964093750001 0.5317574984375 0.8398036
1 0.545193134375 0.796109146875 0.5554626046875 0.793798275 0.5477944906250001 0.7825864890625 0.525722871875 0.77407355 0.5148183015625001 0.7724989578125 0.5104428765625 0.7770470953124999 0.5177313328125 0.7865625296875 0.545193134375 0.796109146875
1 0.563376821875 0.746388265625 0.5634869734375 0.7395462234375 0.5595943265625001 0.7357740328125 0.5372672609375 0.7250719812499999 0.52723918125 0.7232226875000001 0.5222427140625 0.7302346390625 0.525638525 0.73597788125 0.563376821875 0.746388265625
1 0.552083253125 0.6823064140625 0.5838032984375 0.6909722953124999 0.591443296875 0.6894855234375 0.5850242999999999 0.6765207531249999 0.5556853078125 0.6680162968750001 0.5506747828125 0.66867896875 0.548563234375 0.677055934375 0.552083253125 0.6823064140625
1 0.5537097140625 0.624613509375 0.5697630796875 0.6313819453125 0.582040975 0.6307107859375 0.587789725 0.6239169 0.5783686296874999 0.613254515625 0.56796089375 0.6097088703125 0.557187559375 0.610816153125 0.552198121875 0.62100274375 0.5537097140625 0.624613509375
1 0.59805688125 0.5639697609375001 0.6036884515625001 0.5608432734375 0.6012933390625 0.5543325703125 0.572699603125 0.5428715375000001 0.5679656093750001 0.5552472421875 0.5712301828124999 0.5583086078124999 0.59805688125 0.5639697609375001
1 0.5841478984374999 0.5070612859375 0.6152398703124999 0.5150163421875 0.6337774109375001 0.511929525 0.6298777359375001 0.5049826953125 0.623604034375 0.5010490765625 0.5949001453125 0.49643008593750004 0.5852517203125001 0.49627714218749996 0.581628578125 0.5010433437499999 0.5841478984374999 0.5070612859375
1 0.630925325 0.4688014375 0.63982146875 0.4687363171875 0.6397933515625 0.456037759375 0.6226080515625 0.447354909375 0.61257996875 0.44550561718750004 0.6094536625 0.4483007671875 0.6106066859375 0.45973909687500003 0.630925325 0.4688014375
1 0.6553756843749999 0.41983953593749995 0.6567279234375001 0.4080698671875 0.6238759421875 0.397489571875 0.618755265625 0.40499428593750003 0.6230275671875 0.4104628265625 0.6553756843749999 0.41983953593749995
1 0.6259992359375001 0.337825615625 0.6537094546875 0.34638670781249997 0.6755185984375001 0.34953589531249996 0.6884105093749999 0.34322628593750004 0.6805010078125 0.336174665625 0.6438946453125001 0.32767869374999997 0.6288560390625 0.326492075 0.6232314984375 0.3327932 0.6259992359375001 0.337825615625
1 0.6966551812499999 0.275290153125 0.695267796875 0.271186625 0.6828446031250001 0.262826628125 0.654009478125 0.2555257609375 0.6507870765625 0.2715122296875 0.6728657250000001 0.283199809375 0.6966551812499999 0.275290153125
1 0.720821978125 0.2114405796875 0.7358605859375 0.2126272015625 0.739739175 0.21005011406250002 0.7375995078125 0.2057285234375 0.710247859375 0.1893398640625 0.69658960625 0.1890821328125 0.691213484375 0.1943977328125 0.68973000625 0.203485525 0.720821978125 0.2114405796875
1 0.7339318796875001 0.1338106203125 0.7635192875000001 0.1413295515625 0.7742785640625 0.1338729890625 0.7346349578125 0.111806209375 0.7174637140625 0.1094726375 0.7113282812499999 0.1113955359375 0.7108455031250001 0.11971586406250001 0.7339318796875001 0.1338106203125
1 0.8900948171874999 0.1515814890625 0.89909408125 0.1414996875 0.856338228125 0.1285773375 0.849588778125 0.1361386859375 0.8558905953125 0.1527708609375 0.8900948171874999 0.1515814890625
1 0.8337744015625 0.23730798281249998 0.87463900625 0.2449232171875 0.8778824937499999 0.23846066718749998 0.8708354234375 0.22478506875 0.8463897796875001 0.219285340625 0.8394950343750001 0.2178155375 0.8316136484375001 0.223462475 0.8337744015625 0.23730798281249998
1 0.8870996578125 0.3267926796875 0.8507206265624999 0.307787265625 0.828545884375 0.30929100468750004 0.82482665 0.3272485265625 0.854903865625 0.3296217671875 0.8870996578125 0.3267926796875
1 0.80541493125 0.3882463125 0.8266100609375 0.397033953125 0.8529188375000001 0.3951422375 0.8668184796875 0.39123980468749997 0.837845084375 0.37808242187499996 0.8083889140625 0.37324536875000003 0.7961110171875 0.3739165265625 0.7986303390625 0.3799344671875 0.80541493125 0.3882463125
1 0.780627090625 0.4545597 0.793912715625 0.45629571718750006 0.8103176218750001 0.45206194843749997 0.8158109250000001 0.44307894531249997 0.777182075 0.4265939828125 0.7621715859375 0.4381059203125 0.7690874156249999 0.4490996390625 0.780627090625 0.4545597
1 0.7473087015625001 0.516285278125 0.7673648656250001 0.5199838640625 0.79217610625 0.5208306640625 0.78561884375 0.502009375 0.7524082921875 0.49925664531249997 0.7481500484375 0.5001373828125 0.745534634375 0.5073107609374999 0.7473087015625001 0.516285278125
1 0.73625411875 0.560141159375 0.7655931093749999 0.5686456140625 0.7806246875 0.5666575953125 0.78224643125 0.56342631875 0.7659376203125 0.55446876875 0.736094765625 0.544760725 0.7314638953125 0.54711975 0.7292281359375 0.555989478125 0.73625411875 0.560141159375
1 0.7243371015625 0.6106210171875001 0.7474023921875 0.6151918546874999 0.7582999359375 0.613591809375 0.7508802390625 0.6013944984374999 0.7269384578125 0.5970983624999999 0.722431796875 0.5989646234375 0.720320246875 0.6073415890625 0.7243371015625 0.6106210171875001
1 0.7123099359375 0.6679429156250001 0.7418973453125 0.6754618484375 0.75592119375 0.6710666515625 0.7552650046875 0.65765726875 0.7131512828125001 0.651795021875 0.70563549375 0.65278903125 0.7075407984375001 0.664445425 0.7123099359375 0.6679429156250001
1 0.6933950531249999 0.7269696531250001 0.7108287734375 0.7346669765625 0.7315059796875001 0.7359017515625 0.73450105 0.730424721875 0.7282203171875 0.723316465625 0.7051480015625 0.7155709890625 0.6948715015625 0.7147072234375 0.6898750328125 0.721719171875 0.6933950531249999 0.7269696531250001
1 0.7023075671875 0.790890078125 0.711707578125 0.792028546875 0.722349671875 0.788239384375 0.7218387796875 0.783861159375 0.7175735078125001 0.7815672546875 0.6830927531250001 0.7710435953125 0.678468909375 0.776577259375 0.680608575 0.78089885 0.7023075671875 0.790890078125
1 0.6578080765625 0.8393280328125 0.6648410859375 0.846654353125 0.6778782953125 0.8493758984375 0.6969197 0.8474926671875 0.6985273859375 0.8379121140624999 0.6814662921875 0.8287365015624999 0.669305575 0.8257402562499999 0.66304593125 0.8281559171874999 0.6579252546875 0.83566063125 0.6578080765625 0.8393280328125
1 0.6613093218749999 0.8926908625 0.6824974203124999 0.8983038625 0.6975290000000001 0.8963158437500001 0.701531796875 0.8932459953125 0.699267921875 0.8894171671875 0.691993521875 0.8862510109375 0.6650355875 0.8779079812499999 0.6542622515625001 0.8790152640625 0.6492587546874999 0.8828525781250001 0.6613093218749999 0.8926908625
1 0.6365964859375 0.9362890125 0.64024774375 0.9442213671875 0.6429803374999999 0.9333805875 0.6365964859375 0.9362890125
1 0.6734864109375 0.9596726546875001 0.6813748265624999 0.9572003562500001 0.6831207781249999 0.9534763171874999 0.676211975 0.9456572359375001 0.662912290625 0.9375719374999999 0.6522561375 0.93501181875 0.6462659984375 0.9459658703124999 0.64928215625 0.9500127624999999 0.6734864109375 0.9596726546875001
1 0.661356796875 1 0.658014228125 0.9890288375 0.6385791109375 0.9828664375 0.628558059375 0.9841917828125 0.6238100078125 0.9902182109375 0.6263293296875 0.99623615 0.642784025 1 0.661356796875 1
1 0.7731532062500001 0.9838040390625 0.778177790625 0.9894906421874999 0.8021265984375001 0.9969614203124999 0.81603326875 0.9962336265625 0.8161504468749999 0.992566225 0.8054732078125 0.9804821859375 0.7896752890625 0.9759028656250001 0.7820282640625 0.9742149984375 0.7757686203125 0.976630659375 0.7731532062500001 0.9838040390625
1 0.8015172984375001 0.9481382437500001 0.8248169484375 0.9453742765625 0.8204134078124999 0.937223859375 0.8130077703125 0.931375828125 0.7957052890625 0.9263603796875 0.7881965281250001 0.930529028125 0.7885832140625 0.93540001875 0.8015172984375001 0.9481382437500001
1 0.773045459375 0.87854818125 0.8003760218749999 0.8854129234375 0.810397071875 0.8840875765625 0.8111282671875 0.874781721875 0.795074903125 0.8680132859375 0.7760194406250001 0.8635472375000001 0.77001524375 0.8681520109375 0.76890439375 0.8757615171875001 0.773045459375 0.87854818125
1 0.7858319359375 0.824618984375 0.8011330171875001 0.83116935625 0.8174277703125 0.8337776296875001 0.83383970625 0.8327184984375 0.8360754640625 0.8238487687499999 0.8329350984375001 0.8202946390625 0.7919392546874999 0.8099975296874999 0.7828017203125001 0.8142228140625001 0.7816908703125 0.8218323171874999 0.7858319359375 0.824618984375
1 0.8157826281249999 0.7698487171874999 0.8532725093750001 0.7812446296875 0.8488619406250001 0.769919571875 0.8363145375000001 0.7620523375 0.8271629484374999 0.75992834375 0.8193917125000001 0.7587332390625 0.812511025 0.7636127125 0.8157826281249999 0.7698487171874999
1 0.858660378125 0.7246420390625 0.8655480953125 0.7229372046875 0.8652785906249999 0.7143988125 0.8315360593750001 0.6977439375000001 0.8242897749999999 0.707276340625 0.8300736687500001 0.7163556468750001 0.858660378125 0.7246420390625
1 0.8785900203124999 0.6711971203125 0.8959956203124999 0.6661958890624999 0.89385595625 0.6618742984375 0.8608797656249999 0.6517867640625 0.8539920499999999 0.6534915984375 0.8552692828125 0.6644371687499999 0.8785900203124999 0.6711971203125
1 0.8656676765625001 0.60717190625 0.8896094578125 0.61146804375 0.8962417265625 0.60757409375 0.9013483453125 0.5937201015625 0.8938255281249999 0.5915394734375 0.8612500796875 0.5926722078125 0.8559981640625001 0.5974950453125001 0.8656676765625001 0.60717190625
1 0.9048637390625001 0.48369804531250005 0.9229185046874999 0.48893155625 0.9456041374999999 0.49180604375000003 0.953996415625 0.490537334375 0.945458840625 0.4827748875 0.90809316875 0.47088621562500005 0.9039591328125001 0.47127418906249996 0.9004672296875 0.4787222671875 0.9048637390625001 0.48369804531250005
1 0.94271690625 0.4328047609375 0.9575141234375 0.438151546875 0.9676593859375 0.4363334375 0.9785428703125 0.42838411406250004 0.9722691687499999 0.4244504953125 0.9428059687499999 0.416438803125 0.9332958093749999 0.42214237656250003 0.9330544218749999 0.42630254062499995 0.94271690625 0.4328047609375
1 1 0.34454481875 0.9917488640625001 0.337562834375 0.9765790171875001 0.3336943375 0.96479795625 0.33239444375 0.9577860312500001 0.334592040625 0.951671684375 0.34603885624999997 0.9551917046874999 0.3512893375 0.982770684375 0.3571685515625 1 0.35255416093749997 1 0.34454481875
1 1 0.2645805546875 0.9785429609375 0.258649946875 0.9704201843750001 0.26845705 0.9752033812500001 0.2783038203125 0.99689534375 0.2851204078125 1 0.2849804296875 1 0.2645805546875
1 0.9219622890625001 0.5663831203125 0.91946405625 0.569889096875 0.9233707609374999 0.58001056875 0.9284984671875 0.57568049375 0.9219622890625001 0.5663831203125
1 0.888847834375 0.5504390734375 0.9248331500000001 0.5613988578125 0.9526535203125001 0.5631179093750001 0.9542752640625001 0.559886634375 0.9172611296875001 0.5369957546874999 0.8944442578125 0.5314393921875 0.8863144546875 0.538071853125 0.8848309765625 0.5471596453124999 0.888847834375 0.5504390734375
1 1 0.1627062734375 0.9855924328125001 0.16022765156250002 0.9790773421875001 0.160454196875 0.975958065625 0.16642398593750002 0.9794921437499999 0.17802374375000002 1 0.1853195046875 1 0.1627062734375