1 0.018781596875 0.9070101171875 0.017320831249999998 0.9161665687499999 0.0227040984375 0.9213729765625001 0.0858775203125 0.9337533828125 0.0916769078125 0.9330041843749999 0.08600556718749999 0.9201702546874999 0.0753146890625 0.9086746031249999 0.0280029984375 0.9042859 0.018781596875 0.9070101171875
1 0.0438153390625 0.83073118125 0.033254321875 0.8325164296875001 0.038855778125000004 0.8402321109375 0.039880953125 0.849528328125 0.036691940625 0.8504300234375 0.0789462625 0.856698425 0.091967971875 0.8465850015624999 0.0866603609375 0.84029575625 0.0707229703125 0.8333868953125 0.0438153390625 0.83073118125
1 0.028343596874999998 0.7466549125 0.024543290625 0.7540441203125 0.0369073484375 0.7650936781250001 0.0465681390625 0.7678313078125 0.064268928125 0.7612523703125 0.0687355953125 0.7560764984375 0.0665851984375 0.7516021609375 0.045741754687500004 0.7444073234374999 0.028343596874999998 0.7466549125
1 0.02914970625 0.6646147390625 0.0208216375 0.6663037843749999 0.0180659796875 0.6704921421875001 0.02073141875 0.6793454921875 0.026228173437500002 0.6829276421875 0.0481919234375 0.6858387968749999 0.0745845125 0.6841155 0.08313955468749999 0.6791779453125 0.0682468125 0.669068234375 0.02914970625 0.6646147390625
1 0.15375057187500002 0.749615990625 0.1476485546875 0.7546965359375 0.148640815625 0.7639959765625 0.1711574390625 0.7707447234375 0.20703623124999998 0.7625072765625001 0.213918096875 0.7580158140625 0.194672175 0.75145771875 0.16036763437499998 0.7489144578125 0.15375057187500002 0.749615990625
1 0.155147384375 0.6708719921874999 0.15754802031249998 0.6835152703125 0.18341100625 0.68937183125 0.1964559828125 0.69067585625 0.2059421890625 0.6841617062500001 0.2058054328125 0.6743685125 0.201239840625 0.6692097687499999 0.1669353 0.66666650625 0.155147384375 0.6708719921874999
1 0.1926468296875 0.8274469625 0.1606440015625 0.8272123640625001 0.1544284984375 0.8339171640625 0.154527425 0.8442517781250001 0.1678604734375 0.8531833265625 0.1735842015625 0.8535169671875 0.209841284375 0.839865334375 0.210143915625 0.8355339890625 0.2015277734375 0.8295955109375001 0.1926468296875 0.8274469625
1 0.1748673890625 0.92915544375 0.2042658765625 0.931412728125 0.2129344078125 0.924850915625 0.21365315625 0.9145639640625 0.204923528125 0.9102497421875 0.173034184375 0.9083908890625001 0.1699002390625 0.9179934328125 0.1748673890625 0.92915544375
1 0.3321782671875 0.92201650625 0.3234108109375 0.918243703125 0.28977263125 0.9179137796875001 0.28797140468750004 0.9319429984375001 0.3008272375 0.935954115625 0.32609951875 0.938514503125 0.3321782671875 0.92201650625
1 0.271696546875 0.8358601953125 0.265003828125 0.837644565625 0.26268755781249997 0.8472947734374999 0.2639824484375 0.852262865625 0.271856571875 0.8570708437500001 0.300626528125 0.8565733703125 0.31891801875 0.8532906078125 0.325762053125 0.8493405624999999 0.299648828125 0.8353150609375 0.271696546875 0.8358601953125
1 0.30670827031250003 0.74602866875 0.2860015828125 0.7486270265625 0.281648403125 0.7521786406250001 0.27906732968750003 0.7656187765625 0.283746409375 0.769153265625 0.2869414515625 0.7704267546875 0.3169452015625 0.7640213421875 0.32211605625 0.760517390625 0.3207833375 0.756090715625 0.30670827031250003 0.74602866875
1 0.2755580890625 0.6865888 0.301610215625 0.68973826875 0.318417671875 0.68419450625 0.309210828125 0.6749598546875 0.29152459999999997 0.669579921875 0.28085699062499997 0.6695017234375 0.2691069015625 0.6731657906249999 0.2755580890625 0.6865888
1 0.280763915625 0.6238319156250001 0.2886002109375 0.6291813125 0.3311571625 0.631118365625 0.33722135 0.6265792390625 0.32995248906249997 0.6131085640625 0.2890687171875 0.61072541875 0.276500953125 0.6143418234375 0.280763915625 0.6238319156250001
1 0.267753909375 0.5632749593749999 0.301264040625 0.5771880078125 0.32278840625 0.5746373140625 0.3147018703125 0.561118978125 0.2688887765625 0.5470324015625 0.2638692359375 0.5483706796875001 0.26100009218750003 0.5541832953125 0.267753909375 0.5632749593749999
1 0.1548040671875 0.61703324375 0.157923453125 0.6193895703125001 0.1775476640625 0.6205334796875001 0.1953241109375 0.6128717046875 0.1875256453125 0.6069808921875001 0.1713234515625 0.603861959375 0.15466731250000001 0.6072400484375 0.1548040671875 0.61703324375
1 0.039989043749999995 0.6152332031250001 0.0612486046875 0.6164724374999999 0.0689859734375 0.61148721875 0.0669490640625 0.605388625 0.0614523109375 0.601806475 0.0271680828125 0.5999345093749999 0.01939096875 0.615367896875 0.039989043749999995 0.6152332031250001
1 0.0358367109375 0.5454073390625 0.0701034234375 0.5484920203125 0.1010761640625 0.5399685953125 0.0656280484375 0.5302915687499999 0.0451861625 0.5290999953125 0.031096534375000002 0.53099681875 0.0471828796875 0.537184934375 0.0358367109375 0.5454073390625
1 0.036651529687500004 0.48674348749999996 0.07013839375 0.4892390875 0.080593590625 0.480606928125 0.080896221875 0.4762755796875 0.062241001562499995 0.473013659375 0.0375594234375 0.47374944374999994 0.0323885671875 0.477253396875 0.036651529687500004 0.48674348749999996
1 0.087420209375 0.42990423906249997 0.062639703125 0.42030540937499994 0.023981984375 0.4213137640625 0.025201215625000002 0.42736469374999997 0.0450000109375 0.4377603828125 0.0830292 0.4339972703125 0.087420209375 0.42990423906249997
1 0.084396890625 0.3791710140625 0.061804610937500004 0.37350510312499996 0.04381575 0.3724565203125 0.0345186890625 0.3762635765625 0.038668164062499996 0.38737792187500003 0.060669743750000005 0.3897476578125 0.084396890625 0.3791710140625
1 0.0455471703125 0.3241749453125 0.074203640625 0.3253017296875 0.07755 0.32440954375 0.0806082890625 0.3158898375 0.0679037703125 0.3097130453125 0.044153353125 0.3088722390625 0.0417235953125 0.3201467015625 0.0455471703125 0.3241749453125
1 0.036276373437499995 0.245352746875 0.031067689062499997 0.24939811875 0.0369660015625 0.2589835359375 0.0745034140625 0.26225886875 0.0844668359375 0.260665146875 0.091386528125 0.2556322671875 0.08678310624999999 0.251014940625 0.057020890625 0.242212971875 0.036276373437499995 0.245352746875
1 0.0413687125 0.1842201171875 0.05329338593750001 0.18980782812500002 0.08946024999999999 0.1891979046875 0.066617725 0.1753630546875 0.0409671546875 0.178216853125 0.0413687125 0.1842201171875
1 0.0547745625 0.133357315625 0.060120001562500004 0.1391051390625 0.06658574843750001 0.14056928125 0.09026050625000001 0.142492921875 0.0946136859375 0.1389413078125 0.091645615625 0.1344193078125 0.0812806375 0.1300097609375 0.059241229687499994 0.12818144375 0.0547745625 0.133357315625
1 0.043452296875000004 0.060395393750000005 0.0450352578125 0.0729910078125 0.050645498437500006 0.074948903125 0.084018878125 0.07906875625000001 0.098448965625 0.0722991671875 0.0979339203125 0.0679201578125 0.0748265953125 0.057875235937500005 0.0535292046875 0.05717741875 0.043452296875000004 0.060395393750000005
1 0.103654790625 0.009542284375 0.0836290234375 0.00239510625 0.0489840234375 0.0047246125 0.060809539062499994 0.010570621875 0.0520131921875 0.0201226453125 0.09869635 0.021756595312499998 0.103654790625 0.009542284375
1 0.23041190312499998 0.0636826796875 0.2239461578125 0.062218540625 0.18395571875 0.05880021875 0.190369253125 0.065782890625 0.19160009375 0.07213541875 0.1836006984375 0.07563185781250001 0.20902429531250002 0.0760265703125 0.2273157859375 0.07274380625 0.23263795781250002 0.0670741796875 0.23041190312499998 0.0636826796875
1 0.1880645078125 0.0117444734375 0.1927794953125 0.0153075734375 0.203085790625 0.01960291875 0.19052027968750002 0.023673434375 0.1869674703125 0.027445609375000003 0.2311976015625 0.028936568750000002 0.2413123390625 0.025177176562499997 0.23522488125000002 0.0182988515625 0.2225581921875 0.011580640625 0.1880645078125 0.0117444734375
1 0.28863858750000004 0.0176070109375 0.3138352109375 0.0212502359375 0.328818171875 0.0183182390625 0.33577569218750003 0.012743939062500001 0.3287570734375 0.00744220625 0.28931950781250004 0.007861478125 0.28255113125000003 0.0107286859375 0.28863858750000004 0.0176070109375
1 0.299861928125 0.0802343171875 0.32383931875 0.0778266125 0.3283816421875 0.07156790625000001 0.3229605453125 0.066902915625 0.305123 0.06368865781250001 0.2943419046875 0.0652347140625 0.29362315625 0.0755216671875 0.299861928125 0.0802343171875
1 0.2776129625 0.1284071546875 0.28042971875 0.135094828125 0.28923500468749996 0.1383262125 0.301424478125 0.14012399375 0.31302325 0.13862560156249998 0.3256288421875 0.1344677796875 0.3292778328125 0.1292442453125 0.31170509062499996 0.1222400578125 0.2776129625 0.1284071546875
1 0.1883204640625 0.137336440625 0.21861228437500002 0.13855855 0.224676471875 0.134019425 0.2220110328125 0.12516607500000002 0.197934715625 0.117239165625 0.185995484375 0.1236103265625 0.182975025 0.131588615625 0.1883204640625 0.137336440625
1 0.1564863671875 0.1816888109375 0.1542457546875 0.19025618125 0.1581828171875 0.192660171875 0.160862815625 0.1895546484375 0.161468078125 0.180891953125 0.1564863671875 0.1816888109375
1 0.16823645468749998 0.1780247453125 0.164776609375 0.180541184375 0.1657310390625 0.1903820453125 0.1672150734375 0.1926430453125 0.1909654921875 0.1934838515625 0.20937047031249997 0.18857683281249998 0.209635271875 0.18478690312499998 0.1952575734375 0.17905620312499998 0.16823645468749998 0.1780247453125
1 0.3127380359375 0.18970959375000002 0.30727910937499997 0.1855860234375 0.286246521875 0.1810982765625 0.277062946875 0.18328107656249998 0.2777904046875 0.1963704453125 0.30889990156249997 0.1976402203125 0.3127380359375 0.18970959375000002
1 0.18383596875 0.5540343296875 0.20269489218749998 0.5426302875 0.2021798484375 0.5382512765625 0.16262879531250002 0.5402948046875 0.1568148484375 0.553002871875 0.1590030734375 0.5569357890625 0.18383596875 0.5540343296875
1 0.15076236406250001 0.4868716125 0.150346246875 0.49282721562500004 0.15420765 0.49631404218749997 0.162233090625 0.4989563453125 0.1919720375 0.4963408625 0.19662784687499998 0.48845789999999994 0.19533295625 0.48348980781249995 0.16511679375 0.48118486093749996 0.15076236406250001 0.4868716125
1 0.1655387625 0.439894065625 0.190333828125 0.4375340234375 0.2073682578125 0.428741746875 0.20852639375 0.42391664375 0.20388514375 0.41984073750000006 0.19336884999999998 0.4175968640625 0.16678711562499998 0.422027253125 0.1655387625 0.439894065625
1 0.15507200000000002 0.3664383875 0.15543573125000001 0.37298307343750003 0.161674503125 0.37769572500000004 0.187764459375 0.380303775 0.204193625 0.380174196875 0.2067979671875 0.3781515109375 0.1968491078125 0.36778635937500004 0.16265805312499998 0.3636188421875 0.15507200000000002 0.3664383875
1 0.20519758906250002 0.3188032515625 0.19353771875 0.3094256125 0.1632837265625 0.307662084375 0.1626784640625 0.3163247796875 0.16650204062500001 0.320353025 0.191849978125 0.321830575 0.20519758906250002 0.3188032515625
1 0.2055730203125 0.2546775515625 0.20138571718749998 0.244104625 0.1909072515625 0.2413193328125 0.167785365625 0.24323328125 0.1659841390625 0.2572625 0.2029308484375 0.25724165625 0.2055730203125 0.2546775515625
1 0.27360595781249997 0.24450903125 0.2609625375 0.2492082734375 0.2669743359375 0.257169434375 0.27176690312499996 0.25907966875 0.28908940312500003 0.25791491718750004 0.30258832812500003 0.25272191875 0.3020732828125 0.24834290937499998 0.2908906296875 0.243885696875 0.27360595781249997 0.24450903125
1 0.2657812296875 0.32124747187499997 0.2993059234375 0.32320165312500004 0.29998684375 0.31345612031250003 0.289584034375 0.3095879890625 0.2601477203125 0.307872125 0.255681053125 0.3130479953125 0.258573465625 0.31865283125 0.2657812296875 0.32124747187499997
1 0.31077079531249996 0.3706215765625 0.28996518125000004 0.36288531874999996 0.273119896875 0.3689705015625 0.2741878140625 0.3771871046875 0.27979805468749996 0.379145 0.3188573328125 0.3841399125 0.31077079531249996 0.3706215765625
1 0.27270949375 0.49234913125 0.2667209625 0.4958054203125 0.267311665625 0.49910159531250003 0.2739287265625 0.4984000625 0.27270949375 0.49234913125
1 0.32239855156249997 0.4979636625 0.3080965109375 0.49115012656249996 0.2867234625 0.491535146875 0.279879428125 0.495485190625 0.2819163375 0.501583784375 0.31057280625 0.5027105671875 0.32239855156249997 0.4979636625
1 0.2780055390625 0.416550540625 0.27409174531249997 0.42556400156249996 0.277499203125 0.43554785156250003 0.2936635671875 0.43920820312500003 0.31024404843750003 0.43691294999999997 0.322031965625 0.4327074640625 0.32345490312499997 0.42409243124999996 0.3148387625 0.41815395312500003 0.2780055390625 0.416550540625
1 0.4114403984375 0.9391400984375 0.46343116562500003 0.9470632921875 0.4763393890625 0.9385741203125001 0.4494084890625 0.92450095625 0.42908008906250006 0.9216851281249999 0.4115306140625 0.9260983906250001 0.4083210109375 0.9367837734375 0.4114403984375 0.9391400984375
1 0.3946359359375 0.85063715625 0.445899246875 0.8454709781249999 0.4501011109375 0.8440850390625 0.4504037421875 0.839753690625 0.4392210890625 0.8352964796875 0.392651415625 0.832038275 0.3884349921875 0.8453830859375 0.3946359359375 0.85063715625
1 0.3807762765625 0.7552387625 0.3788004671875 0.760016203125 0.383139084375 0.7684234578125 0.40576919531250005 0.77354795 0.4356216296875 0.769308209375 0.4366284484375 0.76664878125 0.41274127656250004 0.7560147796875001 0.3874689953125 0.753454390625 0.3807762765625 0.7552387625
1 0.393303353125 0.6934522624999999 0.4315449546875 0.6983995109375 0.4439235734375 0.6974902000000001 0.44842806875 0.6917729109375 0.42454089687499996 0.68113890625 0.39369620156249996 0.6760792062500001 0.38706458125 0.688739609375 0.393303353125 0.6934522624999999
1 0.4016198578125 0.6096753796875001 0.378195340625 0.6159206765625 0.3816406265625 0.62536310625 0.3895904078125 0.629088246875 0.3978428203125 0.628482040625 0.43758301718750003 0.6237314203125 0.43952099999999994 0.6194953953125 0.42202391562499997 0.6114083734375 0.4016198578125 0.6096753796875001
1 0.37028053125 0.5529426046875 0.3991494140625 0.5627797484375 0.414472834375 0.554974984375 0.414775465625 0.5506436359375 0.3997314078125 0.5426996 0.37037075 0.5399008984375 0.3648972640625 0.5477361984375 0.37028053125 0.5529426046875
1 0.4287109203125 0.4922009734375 0.41756609375 0.48720234375000004 0.38326155625 0.4846590828125 0.3809831125 0.4937678703125 0.38640420937500003 0.4984328609375 0.43089914374999994 0.496133890625 0.4287109203125 0.4922009734375
1 0.450520496875 0.43856628593749997 0.43785380937499996 0.4318480765625 0.4125058703125 0.4303705265625 0.40309532187499997 0.4358018375 0.41152231875 0.44444740781250003 0.4458646875 0.44644925156250004 0.450520496875 0.43856628593749997
1 0.41809869375000003 0.3855757796875 0.4483526859375 0.38733930625 0.45063112812500006 0.37823051875 0.43952413124999995 0.37269046875 0.4151451828125 0.3690949078125 0.41008781406250006 0.3709746046875 0.4079985171875 0.3773763015625 0.41809869375000003 0.3855757796875
1 0.45265061875 0.337576465625 0.4524382046875 0.32886610781250003 0.4445640828125 0.3240581296875 0.41512776718750005 0.322342265625 0.4136669984375 0.3314987171875 0.4181191046875 0.338281715625 0.45265061875 0.337576465625
1 0.42294664375 0.28093901718750003 0.43093425312500006 0.28412273906249996 0.4579932015625 0.28461277812499997 0.481342059375 0.2794503171875 0.4557438796875 0.2698038265625 0.43121361562500005 0.2683739375 0.419463528125 0.27203800624999996 0.42294664375 0.28093901718750003
1 0.4199146171875 0.20682947031249999 0.4568991578125 0.20626720937499998 0.46615838906249996 0.203001571875 0.4672786953125 0.1987178859375 0.45402130625000003 0.1887035015625 0.420231809375 0.1905392515625 0.4173626640625 0.1963518640625 0.4199146171875 0.20682947031249999
1 0.44035364687499995 0.1493095296875 0.460682046875 0.15212535625 0.47764081875000003 0.14441591874999998 0.45130061875000005 0.133638928125 0.4316385796875 0.1330364359375 0.42642989531250003 0.13708180625 0.4290953359375 0.1459351546875 0.44035364687499995 0.1493095296875
1 0.445483815625 0.08763548125000001 0.4674853953125 0.0900052171875 0.48421719375 0.0855442890625 0.4663563796875 0.0709125796875 0.43614021718749996 0.0686076328125 0.43193835312499995 0.0699935734375 0.43070455937499996 0.0759015140625 0.445483815625 0.08763548125000001
1 0.44061273593749994 0.028096568750000002 0.45863942343749997 0.028603735937500003 0.47031385468750003 0.02602250625 0.4718881078125 0.0152417984375 0.46312065 0.011468995312499999 0.437659225 0.0116157 0.434085890625 0.015756396875000002 0.44061273593749994 0.028096568750000002
1 0.61834223125 0.01073175625 0.5926916609374999 0.013585551562500001 0.5881493359375 0.0198442578125 0.5927149296875001 0.025003004687500004 0.6023000609375 0.0288234703125 0.6154585265625 0.028503240625 0.626504425 0.0231672546875 0.62855589375 0.0173069765625 0.62554999375 0.0133263953125 0.61834223125 0.01073175625
1 0.58929576875 0.085689540625 0.608844321875 0.0879162875 0.622154103125 0.08543038281250001 0.6292251109375 0.0782318265625 0.628195021875 0.0694738046875 0.585448925 0.07024384375 0.5802024125 0.07483063437500001 0.58929576875 0.085689540625
1 0.5829696359375001 0.152730109375 0.5919262375 0.1537958203125 0.6052738453125001 0.1507684984375 0.61631974375 0.1454325109375 0.6166980328125 0.14001832812499998 0.606446540625 0.133984525 0.5782672875 0.13777817187500002 0.5829696359375001 0.152730109375
1 0.5778918546875 0.20190386718750003 0.589225825 0.20419540625 0.6139074046874999 0.20345961875000002 0.6251802765625001 0.194875121875 0.615746459375 0.18888898125 0.58537898125 0.188749709375 0.575037271875 0.1957576140625 0.5778918546875 0.20190386718750003
1 0.574108965625 0.2560457203125 0.584663090625 0.2577481765625 0.6103136609375001 0.25489437812500004 0.6154088578125 0.2524732625 0.6175359828125 0.2455301484375 0.5766900406250001 0.2426055828125 0.571443528125 0.24719237187499998 0.574108965625 0.2560457203125
1 0.5842876578125 0.321873875 0.616177 0.323732728125 0.6267835125000001 0.312934896875 0.6196892359375 0.30871599843749997 0.5853846953125 0.30617273906250003 0.5801760109375 0.310218109375 0.5795329203125 0.31942222187499997 0.5842876578125 0.321873875
1 0.5654607109375 0.368071690625 0.5670815015625 0.38012588593749996 0.5774086515625 0.3850768515625 0.5888939359375 0.3852027140625 0.6017265015625 0.37779638125 0.5982433875 0.36889536875 0.5862808859374999 0.363849078125 0.5681407109375 0.3649661671875 0.5654607109375 0.368071690625
1 0.5968844046874999 0.44709795 0.5923188109375 0.44193920625 0.5638514859375 0.4381053296875 0.5596117921875 0.44003268906250004 0.5602635921875 0.45420489531249997 0.592379909375 0.452815240625 0.5968844046874999 0.44709795
1 0.5554506156250001 0.499588725 0.5574875234375 0.50568731875 0.5671104859375 0.5089663671875 0.597099675 0.5145198234375 0.60461006875 0.512783115625 0.6107499140625 0.507161153125 0.5933663171875 0.49744987343749997 0.55991728125 0.49441285468749996 0.5554506156250001 0.499588725
1 0.568006675 0.56664270625 0.5785607984375 0.5683451625 0.5984498109375 0.5656991421875001 0.60262840625 0.55289575 0.5938231218750001 0.5496643640625 0.570701234375 0.5515783140625 0.56581845 0.5627097875 0.568006675 0.56664270625
1 0.5608919875 0.6097178734375001 0.563519596875 0.6191126390624999 0.599572975 0.620126971875 0.602078390625 0.6077696718750001 0.5669183453125 0.605720165625 0.5608919875 0.6097178734375001
1 0.5417332874999999 0.6841647765625 0.5452542328125001 0.69252436875 0.5605630921875 0.6966784765625 0.5996601984375001 0.7011319703125001 0.6098127640625 0.6968311593750001 0.5990840562499999 0.6858769265625 0.5764161171875 0.6812938515625 0.546124296875 0.68007174375 0.5417332874999999 0.6841647765625
1 0.5930692625 0.77196246875 0.5957870921875 0.768315528125 0.5747690640625 0.7518689109375 0.549042834375 0.7558055453125 0.547014634375 0.7730832734375 0.5780106453125 0.7759773046875 0.5930692625 0.77196246875
1 0.5654457390625 0.838305221875 0.56394714375 0.8480030921875 0.5675437453125001 0.855279846875 0.581179425 0.859880046875 0.61367403125 0.8530762046874999 0.6172095343749999 0.8494769265625 0.6142036359375 0.8454963453125 0.598894775 0.8413422374999999 0.5654457390625 0.838305221875
1 0.562233140625 0.943037309375 0.5800328546875 0.9467929859374999 0.6265792578125 0.938633740625 0.6183414078125 0.9272810765624999 0.586527721875 0.9243393859375001 0.559014828125 0.9303463687500001 0.556774215625 0.9389137390625001 0.562233140625 0.943037309375
1 0.7020410828125 0.9631465406249999 0.706266215625 0.9731780499999999 0.75291154375 0.9753534187499999 0.7472780343750001 0.9619780718750001 0.7137300718749999 0.9486064375 0.7020410828125 0.9631465406249999
1 0.7260447343750001 0.8781095796875 0.7520968640625 0.88125905 0.7635588796875 0.869967459375 0.7624531343750001 0.862292275 0.719418965625 0.8554347921875 0.712749515625 0.8686366140624999 0.7187234859375 0.8771391953125001 0.7260447343750001 0.8781095796875
1 0.7399395046875 0.761496821875 0.7377599874999999 0.7809402249999999 0.7592697921875 0.790348403125 0.801576503125 0.7841165140624999 0.770557225 0.769805034375 0.7399395046875 0.761496821875
1 0.731169190625 0.699012503125 0.7267025234375 0.7041883734375001 0.738665025 0.7092346671875001 0.769471890625 0.7148357875 0.8025193671874999 0.7118695374999999 0.79000399375 0.702985653125 0.7645193 0.6917149046875 0.7406175671875 0.6930397734375 0.731169190625 0.699012503125
1 0.7251399734375 0.6442986984375 0.7688550625 0.641410646875 0.7663409375 0.630391625 0.7514481953125001 0.620281915625 0.737699028125 0.617305971875 0.7244649062499999 0.6187090390625001 0.714009709375 0.6273412 0.7251399734375 0.6442986984375
1 0.7243107328125 0.5621631984375 0.7581613265625 0.5712034828125 0.7708193078125001 0.5545453703125001 0.745925315625 0.5465707984375 0.72481706875 0.5431658875 0.7201234296875 0.55159026875 0.720373671875 0.5597592109375 0.7243107328125 0.5621631984375
1 0.7198557703125 0.49666868593749997 0.71917485 0.50641421875 0.722998425 0.5104424625 0.7557811 0.511266140625 0.7748902671875 0.5080310421875 0.77433739375 0.50419345 0.7600731828125 0.49683849531249996 0.7281838406250001 0.494979640625 0.7198557703125 0.49666868593749997
1 0.7310210078125 0.45437325156249997 0.7561798015625001 0.4585578953125 0.7675283312500001 0.44889056250000003 0.7572390109375 0.443398175 0.7328600625 0.43980261406250004 0.72780269375 0.44168230937499997 0.7271596031249999 0.45088642500000004 0.7310210078125 0.45437325156249997
1 0.7352200140625 0.39427579687500003 0.7789205406249999 0.403346615625 0.783954640625 0.3900494671875 0.771477096875 0.380624165625 0.7396634109375 0.37768247499999996 0.7337883671875 0.3795145078125 0.7280879078125 0.39059831875 0.7352200140625 0.39427579687500003
1 0.7349814734375 0.3154364703125 0.7376469140624999 0.32428982031250003 0.7481253796875 0.32707511093749997 0.773548975 0.32746982343750003 0.7821040203125 0.32253226874999996 0.780922615625 0.3159399203125 0.7600035125 0.30982791718749997 0.7401901578125 0.3113911015625 0.7349814734375 0.3154364703125
1 0.7451311828125 0.2524241453125 0.741595678125 0.2560234234375 0.74437460625 0.26325251562499996 0.7820255046875 0.264903590625 0.787007215625 0.2641067328125 0.7889451968750001 0.259870709375 0.7796248671875 0.2522603140625 0.7699262484375 0.250064103125 0.7451311828125 0.2524241453125
1 0.7509801015625001 0.18046314531250002 0.7416073812499999 0.1853530390625 0.7405249046875 0.1890953046875 0.7431525140625 0.198490071875 0.7485736125 0.2031550609375 0.7616185890625 0.2044590859375 0.78154543125 0.20127164843749998 0.78308185625 0.19103235937500002 0.7648049265625 0.18235625312499998 0.7509801015625001 0.18046314531250002
1 0.785380709375 0.1346295078125 0.762523625 0.13275352812500002 0.7473515203125001 0.1383926171875 0.751061609375 0.144045115625 0.7613887593750001 0.14899608125 0.7908629046875 0.1501705296875 0.7991153171875001 0.149564321875 0.8026129921875 0.1465064625 0.7996449218749999 0.14198446250000002 0.785380709375 0.1346295078125
1 0.758470221875 0.0732622796875 0.7522547171875 0.07996708125 0.7576379859375 0.0851734875 0.758470221875 0.0732622796875
1 0.769326975 0.0706333875 0.765011625 0.073643584375 0.7673744328125001 0.0868282796875 0.7787840609375001 0.0880369796875 0.7946225250000001 0.0846112265625 0.8040330734375001 0.079179915625 0.803518028125 0.0748009046875 0.796499409375 0.069499171875 0.769326975 0.0706333875
1 0.7694463125000001 0.033673939062500005 0.7907437046875 0.03437175625 0.7980416859374999 0.023924690625 0.7893498859375 0.01906905 0.7616624078124999 0.0158242546875 0.7571957421875 0.021000125 0.7599368390625 0.0287706359375 0.7694463125000001 0.033673939062500005
1 0.9434511609375 0.02261549375 0.9365613015625 0.018408512499999998 0.891529028125 0.0157835484375 0.8901887687500001 0.021141659375 0.8955342078124999 0.026889484375 0.9044151515625 0.029038031250000002 0.9314741 0.029528071875 0.943262015625 0.0253225875 0.9434511609375 0.02261549375
1 0.91011846875 0.076665734375 0.903274434375 0.0806157796875 0.9035246750000001 0.088784721875 0.9089457718749999 0.0934497078125 0.9170846984375001 0.0944677578125 0.9342558828125 0.095468678125 0.9487994562500001 0.087074834375 0.949881934375 0.0833325671875 0.9363219109375001 0.07764953125 0.91011846875 0.076665734375
1 0.9068738921874999 0.14660405 0.925680428125 0.1477002953125 0.9349396593750001 0.144434659375 0.9419728390625 0.137777521875 0.919758846875 0.126697428125 0.9027622453124999 0.134948284375 0.9007864359375001 0.1397257234375 0.9068738921874999 0.14660405
1 0.8637436546874999 0.1881234671875 0.8623585453124999 0.1961970796875 0.8668106515625 0.2029800796875 0.8871768796874999 0.2052544921875 0.90531705625 0.20413740156250001 0.9076333265625 0.19448719375 0.898123853125 0.189583890625 0.8687631937500001 0.1867851875 0.8637436546874999 0.1881234671875
1 0.8811446703125 0.244587390625 0.8638221703125 0.24575214375 0.8588026296875 0.2470904203125 0.857417521875 0.2551640359375 0.8651025015625 0.26267910625 0.9091434890625001 0.266877159375 0.9134210093749999 0.26440838125 0.9141019296874999 0.2546628484375 0.8981645390624999 0.24775398750000002 0.8811446703125 0.244587390625
1 0.88368491875 0.325735378125 0.8934591953125001 0.326848753125 0.9084799859375 0.3233753359375 0.9165578140624999 0.3135173515625 0.8756362109375001 0.3116756234375 0.8703518703125 0.3168038296875 0.8755838234375 0.3241759125 0.88368491875 0.325735378125
1 0.90967880625 0.376720328125 0.90340220625 0.3725490953125 0.8723305390625 0.3707379046875 0.8636241796874999 0.377841134375 0.867697996875 0.3900383203125 0.9066205187499999 0.3852400375 0.90967880625 0.376720328125
1 0.9213415328125001 0.4448094828125 0.9057067734375 0.433569271875 0.8803588343750001 0.432091721875 0.8755138796875 0.44268177656249996 0.88179048125 0.4468530109375 0.9178060296874999 0.4484087609375 0.9213415328125001 0.4448094828125
1 0.8947859265625 0.5193688390625 0.9029626828125 0.5198454671875 0.90242436875 0.5040490046875 0.8971167578125 0.49775976093749996 0.8719579640624999 0.4935751171875 0.8592010562500001 0.499898615625 0.8628354874999999 0.5066339515625 0.8947859265625 0.5193688390625
1 0.8644998218750001 0.6355697578124999 0.865529909375 0.6443277796875 0.8695048 0.64619035 0.9104642296875 0.6474906578125 0.9214722999999999 0.642696090625 0.9135603484375 0.6384295328125 0.8901125625 0.6332573796875 0.8704883515624999 0.63211346875 0.8644998218750001 0.6355697578124999
1 0.8796980515625 0.7000596328124999 0.8785777453125 0.70434331875 0.8861492375 0.71348264375 0.9180007515625 0.7158829171875001 0.9255111453125 0.7141462093750001 0.917311121875 0.702252128125 0.9078394765625 0.69680740625 0.8914103109375 0.696936984375 0.8796980515625 0.7000596328124999
1 0.877143103125 0.7836287359375 0.8719344203125001 0.7876741078125 0.8742594 0.8014002203124999 0.880498171875 0.8061128734375 0.8926119890624999 0.808993490625 0.90892766875 0.8104881671875 0.92581078125 0.8038615671875 0.9244402328125 0.7999763125 0.9064281046874999 0.7875102765625 0.877143103125 0.7836287359375
1 0.9200375218750001 0.8747397296875 0.8968923671875 0.8652362265625 0.8731419515625 0.8643954203125 0.865177609375 0.8726291500000001 0.8700312718750001 0.8854154187500001 0.9125125671875001 0.8884353062500001 0.9200375218750001 0.8747397296875
1 0.9240039781249999 0.5477095375000001 0.9203317203125 0.54151561875 0.9131472234375 0.5503384296875 0.9144799453125 0.5547651046875 0.9240039781249999 0.5477095375000001
1 0.871355559375 0.5609493265625 0.8698569640624999 0.5706472 0.875755275 0.5802326156250001 0.90020988125 0.582745340625 0.9444167453125001 0.57281885 0.9438638718749999 0.568981259375 0.9156991781249999 0.5608160343749999 0.8764129265625 0.5590696312500001 0.871355559375 0.5609493265625
1 0.8979951187499999 0.9669581203125001 0.844619240625 0.9671085406250001 0.8373212609375 0.9775556062499999 0.838464834375 0.9846893718749999 0.8448549234374999 0.9872363515625 0.8606675875 0.9899852265625 0.8792320046875 0.9897692093750001 0.8899405609375 0.98823355625 0.89919979375 0.98496791875 0.9059827296874999 0.9701418390625 0.8979951187499999 0.9669581203125001