1 0.1338665171875 0.9629420828124999 0.14053847656250001 0.962368128125 0.13283954375 0.9604849171875 0.1269628609375 0.9555483312499999 0.10294602187499999 0.9511189421875 0.059993746875 0.9527072921874999 0.0573762171875 0.9612712109375 0.0671112765625 0.96745585 0.079624271875 0.9705926796875 0.10925045 0.9707651453125001 0.1301685421875 0.967210134375 0.1338665171875 0.9629420828124999
1 0.13951583750000002 0.8943417140625 0.11355198749999999 0.888675396875 0.10572829375 0.8825018828125 0.0818005703125 0.8811369984375 0.0713236984375 0.8823016000000001 0.0553266015625 0.8907876312499999 0.05447785625 0.8944594734375 0.05938103125000001 0.898777596875 0.100671459375 0.9057587281249999 0.12840409375 0.90653296875 0.12534099375000002 0.899774371875 0.13951583750000002 0.8943417140625
1 0.05642920312500001 0.8301271546875 0.056625253125 0.8368690640625 0.07593496718750001 0.8437222390624999 0.0989248328125 0.8456944625 0.11493975000000001 0.8378213296875 0.1264257703125 0.8385009906249999 0.126194075 0.830533284375 0.08593062343749999 0.8260093156250001 0.05642920312500001 0.8301271546875
1 0.13136892656250002 0.7784756703125 0.10836123906249999 0.7758905453125 0.096607878125 0.7660173734375 0.056611765625 0.770686915625 0.05289596875 0.7743420671875 0.0539764109375 0.7786379359375 0.0849503734375 0.7922997796875 0.100701321875 0.791778675 0.11369215937499999 0.7949182828125 0.107672896875 0.7850784921875 0.13136892656250002 0.7784756703125
1 0.045272659375 0.7093412140625001 0.045468709375 0.7160831234375 0.05132756875 0.7204068078125 0.1174479359375 0.7269196890625 0.117341 0.723242284375 0.09884438749999999 0.7114914671875 0.077676775 0.70646586875 0.048988457812500004 0.7056860640625 0.045272659375 0.7093412140625001
1 0.049295778125 0.6505361296875 0.05711947187500001 0.6567096453125 0.08795085 0.6654682828125 0.12047972656249999 0.6668832390625 0.1257682578125 0.651594103125 0.10068879687500001 0.643481746875 0.0633815078125 0.642038971875 0.0511002078125 0.646869853125 0.049295778125 0.6505361296875
1 0.0709956625 0.57528843125 0.060590084375 0.5789046390625 0.0588212984375 0.5837967171875 0.0637601203125 0.5893406406249999 0.08584776875 0.593146003125 0.105934940625 0.593875734375 0.1229411859375 0.58723396875 0.1094725078125 0.584091578125 0.105435903125 0.5767145171875 0.0709956625 0.57528843125
1 0.12455390156249999 0.5112565390625 0.09949226562499999 0.5037570828125 0.06887475781249999 0.502353253125 0.057513496875 0.505963896875 0.060594418750000004 0.51333539375 0.0895679015625 0.52392160625 0.12455390156249999 0.5112565390625
1 0.06418979062499999 0.43982069375000005 0.0644036640625 0.4471755 0.0970394734375 0.4522678625 0.10470276249999999 0.45292527031249996 0.12556738750000002 0.4475315578125 0.1235847296875 0.44506882656249996 0.1282027421875 0.4395805390625 0.09464689375 0.435708415625 0.06418979062499999 0.43982069375000005
1 0.07175047812499999 0.37123145156250004 0.058495671875 0.37544386875 0.061594415624999996 0.3834282671875 0.077858853125 0.3841357453125 0.09143446875 0.3909555390625 0.1019648046875 0.3916296390625 0.11321913125000001 0.384341590625 0.1304036078125 0.38382883125 0.1004209734375 0.37139835312499997 0.07175047812499999 0.37123145156250004
1 0.12353993125 0.312091634375 0.0889927546875 0.306988146875 0.076586696875 0.30752872343750004 0.0700216734375 0.3117800859375 0.0672793828125 0.3160537 0.07220038125 0.320984721875 0.10393397499999998 0.32791022187499996 0.1316487890625 0.328071559375 0.1249055375 0.3261939140625 0.12646045 0.31394702812499997 0.12353993125 0.312091634375
1 0.10218734843749999 0.2678459546875 0.1213010140625 0.2679572234375 0.14196958906249998 0.25582160468750004 0.11795275000000001 0.2513922140625 0.0787875609375 0.251777015625 0.0712490328125 0.2554099140625 0.0810553828125 0.26404615625 0.10218734843749999 0.2678459546875
1 0.0824075015625 0.211966290625 0.11390940000000001 0.2109240796875 0.1404724796875 0.204337946875 0.10758715 0.1906649765625 0.0790592375 0.19540128125 0.068689303125 0.20024328749999998 0.0668848734375 0.203909565625 0.0824075015625 0.211966290625
1 0.097484559375 0.2047004953125 0.0899282046875 0.2077204921875 0.1023520875 0.2077928171875 0.097484559375 0.2047004953125
1 0.11110015312499999 0.1471768453125 0.0891194390625 0.1470488875 0.0625741828125 0.1542479203125 0.0636724484375 0.1591566890625 0.0713892046875 0.16165279999999999 0.10790121562499999 0.168606115625 0.11535063125 0.161908715625 0.14000234375 0.15531145625 0.126587134375 0.15400776875 0.11110015312499999 0.1471768453125
1 0.07344748749999999 0.1009978859375 0.071714346875 0.107115765625 0.08044025625 0.1114561421875 0.1025100828125 0.11464860156250001 0.12149898750000002 0.11046956562500002 0.1289662265625 0.10438506562500001 0.1114609421875 0.0938656140625 0.105709021875 0.0932193328125 0.07344748749999999 0.1009978859375
1 0.18922485312499998 0.9608131578125001 0.1951193546875 0.9663626437499999 0.2201097 0.9714104984375 0.2383033265625 0.972742003125 0.2696626421875 0.9667965890625 0.23675949218749998 0.9525107171875 0.202319253125 0.951084634375 0.191931496875 0.9553137406250001 0.18922485312499998 0.9608131578125001
1 0.24154224375000002 0.886969290625 0.22143725 0.88562665625 0.195794209375 0.8909925515625 0.1930875640625 0.896491965625 0.1999377515625 0.9020470156249999 0.22200757656249998 0.9052394765624999 0.2567686265625 0.9176977734375 0.2554386671875 0.904821296875 0.2618611078125 0.8956667296875 0.24154224375000002 0.886969290625
1 0.2668042640625 0.83564140625 0.2655990625 0.827055234375 0.2091424640625 0.8242753921875 0.19774555625 0.826660234375 0.1921362171875 0.8309171578125 0.19332359375 0.8388904296874999 0.20491655312499998 0.8432474953125 0.26133750624999996 0.8448015359375001 0.27073393437500004 0.8393410640625 0.270626996875 0.8356636609375 0.2668042640625 0.83564140625
1 0.23210101718749998 0.7594525671875 0.21962366875 0.7575415421875 0.1948293734375 0.7592355953125 0.1863351609375 0.7628629296875 0.18645991875 0.767153234375 0.1980885234375 0.7727361 0.200106825 0.77642463125 0.2278038140625 0.77597306875 0.263959371875 0.7706683734374999 0.2553404 0.7700054 0.23210101718749998 0.7594525671875
1 0.25651429062500003 0.7117965265625 0.23139918750000002 0.7024583671875 0.22454900156250002 0.6969033171875 0.18635731875 0.697906584375 0.17881878906249998 0.7015394796875001 0.1770678265625 0.7070444609375001 0.199298059375 0.715753028125 0.22043002500000003 0.7195528265625 0.23943675312499998 0.7159866906250001 0.24032114531249998 0.71354065 0.25651429062500003 0.7117965265625
1 0.20326770781249998 0.6551092406250001 0.23464485000000002 0.6497767265625 0.2400759609375 0.6393907953125 0.217917021875 0.6331338296875 0.1920601078125 0.63114491875 0.1768226453125 0.6328946046875 0.1751786171875 0.6420769890625 0.20326770781249998 0.6551092406250001
1 0.20238765 0.591986034375 0.23488087968750002 0.592175190625 0.2318356015625 0.5860294921875 0.23845409375 0.5836168359375 0.1789165734375 0.57346549375 0.1724050171875 0.5795555546875 0.175396825 0.58386255 0.20238765 0.591986034375
1 0.2572869296875 0.5083524453125 0.2485431984375 0.5033991703125 0.23121614375 0.4990087234375 0.19969641875 0.49943803124999997 0.1768847828125 0.503594815625 0.1750981734375 0.50787399375 0.1924786984375 0.514103140625 0.20297339062500003 0.5135514375 0.21069014687499998 0.5160475484375 0.24219204843750003 0.5150053390625 0.2572869296875 0.5083524453125
1 0.22424553125000002 0.42359412343749997 0.2109016109375 0.4247420375 0.18532986093749998 0.432559534375 0.185543734375 0.43991434375000005 0.2009416015625 0.44368076093750003 0.23054995625000002 0.4432403265625 0.2580687203125 0.43665975625 0.2655894265625 0.4324139578125 0.2541212265625 0.432347196875 0.22424553125000002 0.42359412343749997
1 0.20451915 0.36955315781250003 0.1960962296875 0.37563209531249997 0.20099940312500003 0.3799502171875 0.22310487499999998 0.3843684796875 0.2661106203125 0.38461883281250003 0.248534046875 0.371647778125 0.2369232640625 0.3666778109375 0.2168539171875 0.36656098125000003 0.20451915 0.36955315781250003
1 0.20105720625 0.3162196734375 0.202155471875 0.3211284421875 0.21378407500000002 0.326711309375 0.23960534218750001 0.327474421875 0.26508798125 0.316592421875 0.257389046875 0.3147092125 0.254325946875 0.3079506140625 0.2171612390625 0.31141104531249997 0.20105720625 0.3162196734375
1 0.3203572 0.3113989921875 0.3167661640625 0.3193444484375 0.3389429265625 0.3262143125 0.3840560875 0.3332177 0.383770921875 0.3234112890625 0.38945155468750003 0.321605965625 0.3740358640625 0.317226646875 0.3642473375 0.3092033046875 0.3203572 0.3113989921875
1 0.3500768296875 0.249066715625 0.3214419765625 0.2501256125 0.31006289374999996 0.2531233578125 0.31310816875 0.2592690546875 0.3342757828125 0.264294653125 0.36487546718749997 0.2650855828125 0.38866061093750004 0.2615472640625 0.38287304375 0.25967518125 0.388428915625 0.25357955468750004 0.3500768296875 0.249066715625
1 0.23167904843749998 0.2520542578125 0.20888523593750002 0.2568239421875 0.2090634609375 0.2629529484375 0.2129753078125 0.26603970625 0.25138086249999997 0.272391246875 0.27707737187500003 0.26886405625 0.27496995625 0.262111021875 0.2834107 0.2566449859375 0.26227873437500004 0.2528451890625 0.23167904843749998 0.2520542578125
1 0.312495453125 0.20533935625000002 0.3164073015625 0.20842611406249997 0.33561007656249997 0.2116018859375 0.349007465625 0.2122926734375 0.37364135625 0.20508251249999998 0.35337595781250003 0.198223775 0.33132395468750003 0.195644215625 0.313326378125 0.20105461562500002 0.312495453125 0.20533935625000002
1 0.213935325 0.20047602343749998 0.213104403125 0.2047607640625 0.2246795375 0.20850493124999997 0.255279221875 0.2092958578125 0.2837001984375 0.20088214999999998 0.24713471875 0.19209013125000002 0.2405518734375 0.1957285921875 0.22336739687499998 0.196241353125 0.213935325 0.20047602343749998
1 0.3494328015625 0.12834197187500002 0.31980662187500003 0.12816950625 0.30563177812500003 0.1336021609375 0.305827828125 0.14034406875 0.32124351875 0.14472338906249999 0.3663032125 0.1498880734375 0.3661071609375 0.143146165625 0.3765662078125 0.1413686609375 0.3783706375 0.137702384375 0.3494328015625 0.12834197187500002
1 0.2771216875 0.138951365625 0.2666448171875 0.1401159703125 0.22908800937499998 0.1300925875 0.2214603671875 0.13066098125 0.2036053734375 0.1409745890625 0.20470363749999998 0.14588335624999998 0.2172701 0.150858884375 0.26611687968750003 0.1548200234375 0.26710001875 0.14481672968749998 0.2809978890625 0.14081232187499998 0.2771216875 0.138951365625
1 0.201983503125 0.0852006265625 0.20212608593749998 0.09010383125 0.20701144062500001 0.0938090515625 0.2464083234375 0.10139195937500001 0.2581260390625 0.1100393296875 0.2666915421875 0.10886359999999999 0.260494053125 0.0928948 0.244900134375 0.082386475 0.21240690624999997 0.0821973203125 0.201983503125 0.0852006265625
1 0.341831175 0.9512839874999999 0.3313186609375 0.951222790625 0.3247536375 0.9554741515625 0.32399400312500004 0.9622104968749999 0.34523290625 0.9696876984375 0.35388752343749996 0.971576471875 0.3985907625 0.9644831421875001 0.40416445625 0.95900041875 0.3655628515625 0.9459069671875 0.341831175 0.9512839874999999
1 0.38646745781249997 0.8761698109375 0.3577969609375 0.8760029093749999 0.34820448437499996 0.8747214734375 0.34524831875 0.87164028125 0.32732203437499996 0.8795022843750001 0.3275537296875 0.8874699937500001 0.34785477343750004 0.895554534375 0.366030578125 0.8962731406250001 0.3869308484375 0.8921052296875001 0.390628821875 0.887837178125 0.38646745781249997 0.8761698109375
1 0.3860151453125 0.8277562203125 0.3868638921875 0.8240843796874999 0.384845590625 0.82039585 0.37516399843750003 0.8160499124999999 0.35210284375 0.8116260859375 0.31107975468750004 0.8138384625 0.3093822640625 0.82118214375 0.3220378390625 0.8292221765625 0.35373578906250003 0.8349218734375 0.381486246875 0.8363090140624999 0.380316690625 0.8289486421875001 0.3860151453125 0.8277562203125
1 0.37642700156250003 0.7609055390624999 0.36279791875 0.75224704375 0.33124255156250004 0.75145055 0.3179699234375 0.755050065625 0.3162189609375 0.760555046875 0.3201664546875 0.7648676046875 0.332697271875 0.7686173328125 0.3538470609375 0.7730300328124999 0.3805883671875 0.77257290625 0.38895782031250004 0.76465526875 0.37642700156250003 0.7609055390624999
1 0.38214761406250003 0.694756775 0.38016495625 0.6922940453125 0.3532275984375 0.6860092640625 0.30921270624999997 0.6839146453125 0.3093552859375 0.6888178500000001 0.302879378125 0.6961337140625 0.3174284984375 0.7035719734375 0.3547179640625 0.704401846875 0.3669814421875 0.6989580656250001 0.3822010828125 0.696595475 0.38214761406250003 0.694756775
1 0.31336058125 0.629399865625 0.312600946875 0.636136209375 0.32327386874999997 0.6417135140625 0.3539448421875 0.6449560453125 0.382526225 0.64205844375 0.385956859375 0.6285968828125 0.37533740625 0.6248582796875 0.31988995781249996 0.6239227031250001 0.31336058125 0.629399865625
1 0.37003538593749996 0.573965271875 0.36122036562500004 0.5665603921875 0.32962935312499997 0.5645380984374999 0.3192059515625 0.5675414046875 0.3136144328125 0.5724112296875 0.33292414843749996 0.5792644046875 0.334924628125 0.582340034375 0.34442799062499996 0.5805569671875 0.379913028125 0.585053115625 0.39125646718749996 0.5808295718750001 0.37003538593749996 0.573965271875
1 0.3797213140625 0.5127419640624999 0.38320541406249997 0.5011191046875 0.355348021875 0.496054559375 0.328678003125 0.4989632890625 0.3230686640625 0.5032202140625001 0.3242203984375 0.5099676843750001 0.328114421875 0.512441540625 0.34243184531250004 0.511912090625 0.36075023281249996 0.5175339 0.3674221921875 0.5169599453125 0.3797213140625 0.5127419640624999
1 0.327976175 0.44196908749999997 0.3662926140625 0.44525612812500004 0.3863263171875 0.44414715937500004 0.3900599359375 0.441104909375 0.3659361609375 0.4329981140625 0.32576182343750004 0.4315386515625 0.3192502671875 0.43762871406250003 0.327976175 0.44196908749999997
1 0.3134313875 0.368961584375 0.31546751562500003 0.3732630171875 0.332830215625 0.3788792640625 0.3643142921875 0.377224153125 0.38425888124999996 0.3730506796875 0.35725023437500003 0.364314296875 0.33427819062499997 0.362954971875 0.31622714687500003 0.366526671875 0.3134313875 0.368961584375
1 0.3380826171875 0.0994744421875 0.36646795 0.08983493125 0.3779361484375 0.0899016921875 0.3604843328125 0.08122094375 0.34894484375 0.07870258125 0.3421124796875 0.07376043125000001 0.333493509375 0.0730974609375 0.328822028125 0.076747046875 0.3070017203125 0.08213519531249999 0.305304225 0.089478875 0.3121009453125 0.0931952234375 0.32263128281250003 0.093869321875 0.3380826171875 0.0994744421875
1 0.5002785359375 0.9454656031249999 0.45353917343749994 0.9482575000000001 0.44888551562499995 0.9525199890625 0.45104639999999996 0.961111725 0.473258809375 0.9692073921875 0.49341727031250004 0.9723887265625001 0.4961417390625 0.9675022109375 0.534173015625 0.9609828374999999 0.5051817109375001 0.9497837265625 0.5002785359375 0.9454656031249999
1 0.4838758515625 0.874285675 0.4581258734375 0.875974165625 0.4506408125 0.8814457640625 0.4507833953125 0.8863489687499999 0.46241199687499995 0.8919318359374999 0.47485370156249995 0.8926170609374999 0.49219858125 0.8976204093750001 0.525997203125 0.8769820656249999 0.5117510703125 0.8799631203124999 0.4838758515625 0.874285675
1 0.507351265625 0.8272369703125 0.5261619421875 0.8169289281250001 0.5241792843749999 0.814466196875 0.49915329374999995 0.8081925421875 0.47241198906250004 0.8086496671875001 0.46373954843750004 0.8061479953124999 0.445795440625 0.8133970984375001 0.44602713749999995 0.8213648078125001 0.4529307921875 0.828758559375 0.45682481406250003 0.8312324156249999 0.47020437968750006 0.8313103015625 0.507351265625 0.8272369703125
1 0.44790719062499995 0.7545808875 0.44707626874999995 0.7588656281249999 0.47022653593749997 0.7663539593750001 0.48847363125000004 0.769524165625 0.527175428125 0.753203946875 0.5060612843750001 0.7500170484375001 0.4954061875 0.745052646875 0.46296642656250003 0.7467021921875 0.44790719062499995 0.7545808875
1 0.5120848828125 0.69428759375 0.5213743734375 0.6851497171875 0.51363979375 0.6820407078125 0.4945083078125 0.6813165390625 0.47739512343749996 0.6842809015625 0.46113068593750006 0.683573421875 0.45076075312499997 0.6884154312499999 0.4528681703125 0.695168465625 0.46155843125 0.6982830390625 0.4721422390625 0.700795840625 0.49695435625 0.6997146859375001 0.5120848828125 0.69428759375
1 0.4629394515625 0.6143379 0.4486933171875 0.6173189515625 0.4440218359375 0.6209685390625 0.447013646875 0.6252755343749999 0.4586066046875 0.6296326 0.49589607031250005 0.6304624734375001 0.5053103203125 0.6256149 0.5215569359375001 0.625709478125 0.49550397031250004 0.6169786578124999 0.4629394515625 0.6143379
1 0.5165868046875 0.553370509375 0.50706561875 0.5545406765625 0.486800221875 0.5476819374999999 0.445723665625 0.5480556125 0.4430170203125 0.553555028125 0.4479380203125 0.55848605 0.46816777031249995 0.5641189875 0.4853878890625 0.5648320296875 0.506305984375 0.5612770203124999 0.5051898968749999 0.55575535 0.5165868046875 0.553370509375
1 0.5128218734375001 0.4896177125 0.502309359375 0.4895565140625 0.492841640625 0.492565384375 0.439305559375 0.491640934375 0.43277618125000006 0.49711809531249995 0.43380315625000004 0.49957526249999995 0.45120150312499996 0.5064173109375 0.48275687187500005 0.507213803125 0.49034886875000006 0.5054196078125 0.4977448171875 0.49688350468750003 0.5128218734375001 0.4896177125
1 0.45366296406249995 0.42676803906250005 0.42985999843749995 0.42969345781249996 0.42809121406250006 0.4345855375 0.43299438749999997 0.4389036578125 0.4619322265625 0.4482640703125 0.46672846406249996 0.44890478749999996 0.481858990625 0.4434776953125 0.49973180624999997 0.4337769890625 0.5015362390625 0.4301107109375 0.45366296406249995 0.42676803906250005
1 0.494037690625 0.3694001640625 0.49584211875 0.3657338875 0.46796690312500006 0.3600564421875 0.42793514374999997 0.363500184375 0.42321019687500006 0.3653110703125 0.42057484218749996 0.37326208906249997 0.42930075 0.37760246406250003 0.4397776203125 0.376437859375 0.46476796406250004 0.3814857125 0.4721995578125 0.37417541249999997 0.494037690625 0.3694001640625
1 0.471533371875 0.3184070140625 0.4961316171875 0.309971053125 0.47600880312499994 0.3080155203125 0.466291565625 0.3024437796875 0.429109034375 0.3052913109375 0.42254401250000007 0.309542671875 0.42656279374999995 0.3163068328125 0.44673907812499997 0.32010106875 0.45645631406250003 0.325672809375 0.46316391875 0.3263246515625 0.471533371875 0.3184070140625
1 0.4863719921875 0.27008243906249996 0.48624723281250004 0.2657921328125 0.49760849374999994 0.262181490625 0.49550107812500005 0.25542845625 0.4639100640625 0.25340616250000003 0.4277188609375 0.2574850578125 0.418286790625 0.261719728125 0.4165001828125 0.2659989078125 0.42906664531249994 0.2709744375 0.46260467031249997 0.27423365781250003 0.48260272656250003 0.2718988875 0.4863719921875 0.27008243906249996
1 0.4360637484375 0.21586344531249999 0.4732462796875 0.213015915625 0.494075259375 0.2063964015625 0.46798665 0.19643977968749998 0.450837821875 0.198178340625 0.4346803203125 0.20114826562500002 0.41963890781249996 0.2096398625 0.4360637484375 0.21586344531249999
1 0.47680600625 0.1382754125 0.45947895 0.13388496875 0.42629737968750003 0.14288375625 0.425484278125 0.1477814 0.43036962812499996 0.151486621875 0.4457140296875 0.1534143375 0.45346643125 0.15713624843750001 0.4573069875 0.157771403125 0.4760641953125 0.1456246578125 0.47884213124999997 0.14257684531249998 0.47680600625 0.1382754125
1 0.4856966546875 0.0825626484375 0.44831807343749996 0.078668271875 0.4282843703125 0.0797772421875 0.417950084375 0.08584505 0.42097753750000005 0.09137784843749999 0.43165045781250005 0.0969551515625 0.45644475 0.09526109687499999 0.48401698125000003 0.09051922968750001 0.4800694890625 0.086206671875 0.4856966546875 0.0825626484375
1 0.6856521734375 0.9784101749999999 0.67699755625 0.9765214015625 0.672023090625 0.9697516765625 0.68049948125 0.96551144375 0.6813482265624999 0.9618396015625 0.6144682265625 0.9620630640625001 0.608823240625 0.9650941890625001 0.6071079234375001 0.9718249671875 0.61686080625 0.9786225109375 0.633196534375 0.9817815921875 0.6693877359375 0.9777026953125001 0.6856521734375 0.9784101749999999
1 0.6655269500000001 0.877794321875 0.6560592296875 0.8808031921874999 0.64255490625 0.8764349984375001 0.6339537578125001 0.876384928125 0.595162846875 0.8896406421874999 0.596332403125 0.897001015625 0.60412045 0.9019487296875001 0.641374271875 0.9015527999999999 0.6783072859375 0.8901246578125 0.678218171875 0.8870601562499999 0.6655269500000001 0.877794321875
1 0.6296430671875 0.8267232828125 0.6419243671875 0.8218924031249999 0.6524368843749999 0.8219536 0.6523121234375 0.8176632953125 0.6636555625 0.81343975 0.625107425 0.8021850031250001 0.60326929375 0.80696025 0.59176545 0.8056676875000001 0.5833603515625 0.812359525 0.5844586171875 0.81726829375 0.592282309375 0.82344180625 0.61328951875 0.8229513015625001 0.6296430671875 0.8267232828125
1 0.626281315625 0.743976128125 0.6203689890625 0.7378137406249999 0.614634890625 0.7377803593750001 0.6004956921875 0.7444388171874999 0.5860891546875 0.7419037640624999 0.5852404078125 0.7455756046875 0.5767461953125 0.7492029390625 0.5788357890625 0.7553430718749999 0.5943227703125 0.7621739937500001 0.6287095421875 0.7617613750000001 0.6600153921875 0.753977259375 0.626281315625 0.743976128125
1 0.6411199359374999 0.695651553125 0.6381637734375001 0.692570359375 0.640834771875 0.685845140625 0.616710996875 0.6777383484375 0.5851378046875 0.6763289546875 0.572785215625 0.6787082343749999 0.56436229375 0.68478716875 0.5654605593750001 0.6896959390624999 0.5760621890625 0.692821640625 0.5903439671874999 0.6910663890625 0.63736849375 0.6980809015625 0.6411199359374999 0.695651553125
1 0.5548810875 0.6216138921875001 0.5559437078125 0.6252968609375 0.5733420546875 0.632138909375 0.597305425 0.6347295984375 0.60760406875 0.6274359859375 0.6256016437499999 0.622025584375 0.602469196875 0.61515015625 0.5670554515624999 0.61310560625 0.5548810875 0.6216138921875001
1 0.55982424375 0.561588571875 0.55336615625 0.569517334375 0.5735602609375 0.5739244703125 0.5993815312499999 0.5746875828125 0.6190587765625 0.5613206 0.6131999203125 0.556996915625 0.5883165109374999 0.555626465625 0.570318934375 0.5610368671875 0.55982424375 0.561588571875
1 0.54698369375 0.5143284578125 0.5642394609375 0.5162673 0.586184528125 0.51516945625 0.6183034796875 0.5024876984375 0.6171161015625 0.4945144265625 0.5684831953125 0.4979080984375 0.5458497859375 0.5081938874999999 0.54698369375 0.5143284578125
1 0.584609384375 0.42814312499999996 0.56356653125 0.4274078296875 0.545586778125 0.43343113125 0.5447914984375 0.43894167343749996 0.5534817624999999 0.4420562484375 0.6109475125 0.44668035625 0.6157081046874999 0.4460952734375 0.6211035734375 0.4344835390625 0.609635375 0.43441677968750003 0.584609384375 0.42814312499999996
1 0.612542403125 0.3700900265625 0.6066835453125 0.365766340625 0.5875164140625 0.3638163703125 0.5417327359375 0.36661383125 0.5351498890624999 0.3702522921875 0.5343546109374999 0.3757628328125 0.5517529578125 0.3826048828125 0.5603897531250001 0.3838807546875 0.58990899375 0.380375815625 0.6078887484375 0.3743525125 0.612542403125 0.3700900265625
1 0.5496677 0.310895503125 0.553561721875 0.313369359375 0.58028520625 0.312299334375 0.608795296875 0.306950128125 0.5904412671875 0.3001025171875 0.5761060203125 0.300019065625 0.5503738625000001 0.3023204578125 0.5496677 0.310895503125
1 0.5481349453125001 0.258186046875 0.5444369703125 0.262454096875 0.54741095625 0.2661481921875 0.5923637109375 0.267635471875 0.619953765625 0.26350650625 0.62074904375 0.2579959625 0.6071734296875 0.251176165625 0.5831387671875 0.24613387812499998 0.5481349453125001 0.258186046875
1 0.5920115921875 0.1898082125 0.5691286640625 0.19151339375 0.548353153125 0.1999716078125 0.546602190625 0.20547658750000003 0.551451896875 0.2079560078125 0.5907240218750001 0.2112486078125 0.60006698125 0.20394943593749998 0.6191271765625 0.20222199999999999 0.6199937453125 0.199163059375 0.5920115921875 0.1898082125
1 0.6258925843750001 0.139143303125 0.56752461875 0.13635233125 0.550464903125 0.141155396875 0.55251885 0.14606972812500002 0.5602356078125 0.14856583750000002 0.595667178125 0.1512232875 0.6258925843750001 0.139143303125
1 0.5561855140625 0.0750066296875 0.5534254015625 0.07866734375 0.5564706765625 0.08481304218749999 0.60798845625 0.082048959375 0.61269558125 0.079625175 0.6125530015625 0.07472196875 0.605684990625 0.06855401875 0.5902871234375 0.06478760156249999 0.5561855140625 0.0750066296875
1 0.7371005859374999 0.8089649265625001 0.7456304453125 0.80656339375 0.7706207890625 0.8116112484375 0.8019979296875 0.8062787328125 0.791146784375 0.794572421875 0.7690234874999999 0.789541259375 0.7289204390624999 0.7905333999999999 0.720515340625 0.7972252359375 0.72161360625 0.8021340046875001 0.7293303625 0.8046301140625 0.7324825749999999 0.8144532140624999 0.7371005859374999 0.8089649265625001
1 0.7389628203124999 0.74156810625 0.745795184375 0.7465102546875 0.7791015140625001 0.74180176875 0.7817903359375 0.73568945 0.7940716359375 0.73085856875 0.7807633609375 0.733232284375 0.7682503656249999 0.73009545625 0.763258078125 0.7227128328125 0.7470649328125 0.72445695625 0.728835659375 0.72189965 0.7146251718750001 0.7261065046875 0.71474993125 0.7303968078125 0.7264320015625 0.737818378125 0.7389628203124999 0.74156810625
1 0.743709925 0.6748008765625 0.77220219375 0.6688387703124999 0.7837238609375 0.6707442343750001 0.7740066234375 0.66517249375 0.747033621875 0.6576619109374999 0.7440418125 0.653354915625 0.745757128125 0.646624134375 0.742854434375 0.6453816421874999 0.737262915625 0.6502514671874999 0.715478253125 0.65686541875 0.7098689125 0.6611223421875 0.711922859375 0.6660366734375 0.73220608125 0.6735083125 0.743709925 0.6748008765625
1 0.7669536421875 0.6197844625 0.777323575 0.6149424546875 0.7455543359375 0.606791153125 0.7338366203125 0.5981437828125 0.7252889375 0.599932415625 0.7154825875 0.591296171875 0.70980195625 0.59310149375 0.7021208453125001 0.5918311843749999 0.695716228125 0.601598653125 0.6977701765625001 0.606512984375 0.7220008875 0.61829718125 0.7450263968749999 0.62149520625 0.7669536421875 0.6197844625
1 0.7876621984375001 0.5433053984375 0.76469015625 0.541946078125 0.7511145421875 0.5351262828125 0.7405663828125 0.5338392828125 0.733045675 0.5380850796875001 0.713118909375 0.5428714546875 0.7103409734375 0.54591926875 0.7123770984375 0.5502207 0.7335625328125001 0.5558591984375 0.7479156031249999 0.5565555515625 0.7695576843749999 0.5450383984375 0.7876621984375001 0.5433053984375
1 0.784111140625 0.4869074109375 0.783048521875 0.48322444375 0.7485369921875 0.4793467578125 0.7170707359375 0.4816147671875 0.7066829796875 0.48584387500000004 0.7068433828125 0.49135998125 0.737674765625 0.50011861875 0.751072153125 0.5008094078124999 0.770963271875 0.49479723125 0.7755634609375 0.488696040625 0.784111140625 0.4869074109375
1 0.6953617000000001 0.4251110734375 0.6926728765625 0.43122339062500004 0.7052571609375 0.43681182031250004 0.7426535640624999 0.44131909843750006 0.7749685656249999 0.4353792453125 0.7689849484375 0.42676525625000006 0.7459594390625 0.4235672328125 0.70102450625 0.42269285156249997 0.6953617000000001 0.4251110734375
1 0.6830490874999999 0.3631469078125 0.69092625 0.3711591234375 0.7236511734375 0.3793159875 0.75232166875 0.3794828890625 0.7483563546875 0.37455743125 0.7624955515625 0.367898975 0.734531221875 0.359157025 0.695348209375 0.35892892656250003 0.6830490874999999 0.3631469078125
1 0.7341680234375 0.313807940625 0.7540413203125 0.3071828640625 0.7491025 0.301638940625 0.7452797671875 0.3016166859375 0.7422344890625 0.29547099062500004 0.726890090625 0.2935432734375 0.689796671875 0.299455309375 0.6841695109375 0.3030993328125 0.6862234578125 0.3080136640625 0.6996743140625 0.3105431546875 0.7017104390625 0.31484458593750003 0.7341680234375 0.313807940625
1 0.708333265625 0.2468626828125 0.734154534375 0.24762579375 0.7540991218750001 0.2434523203125 0.757797096875 0.23918426875 0.7260456796875 0.23164586874999998 0.6897297171875 0.231434459375 0.6880500453125 0.239391040625 0.708333265625 0.2468626828125
1 0.69285061875 0.1744625140625 0.6862677734375 0.178100975 0.6854724953125 0.1836115171875 0.6903578484375 0.1873167390625 0.712427675 0.1905092 0.74877928125 0.19194640937500002 0.7562999875 0.1877006125 0.74460009375 0.17966614218750002 0.7310779468749999 0.17468505 0.69285061875 0.1744625140625
1 0.7273843078125 0.11338385468750001 0.6901839546875 0.11561848593749999 0.68075188125 0.11985315781250001 0.6808588171875 0.12353055937499999 0.6886825109375 0.129704075 0.7002041765625 0.1316095359375 0.7278298765625 0.128706371875 0.7448895906249999 0.1239033078125 0.7486053890625 0.1202481578125 0.7273843078125 0.11338385468750001
1 0.7259228453125 0.063126 0.69341179375 0.06232394375 0.6829527468750001 0.064101446875 0.6793795312500001 0.07265980625 0.6986001328125 0.076448478125 0.7435350640625 0.0773228578125 0.7259228453125 0.063126
1 0.80240351875 0.8859446953125 0.7958028500000001 0.8889702546875 0.7823163484375 0.8852149640625001 0.7744748328125 0.8784285484375 0.7554146359375 0.8801559828125001 0.7276641796875001 0.8787688421875 0.72497535625 0.884881159375 0.7289763171875 0.89103241875 0.7541627125 0.90282218125 0.778992653125 0.902353928125 0.7978211515625 0.8926587859374999 0.80240351875 0.8859446953125
1 0.7981554484375 0.9698731437499999 0.7903139328125001 0.963086728125 0.7513447953125 0.9702134390625 0.749665125 0.9781700203125 0.7574353484375 0.9825048328125 0.767010003125 0.9831733671875 0.7757180875 0.9869008421875 0.7986366625 0.9864214609375 0.8157142015625001 0.9822312984374999 0.80974840625 0.974230209375 0.7981554484375 0.9698731437499999
1 0.9571529046875 0.8843943609375 0.9159337687500001 0.8798648312499999 0.9035989984375 0.8828570093750001 0.9027858984374999 0.8877546515624999 0.909689553125 0.8951484046875 0.919317675 0.8976556406249999 0.92234513125 0.9031884359375001 0.932822 0.9020238328125 0.971138440625 0.9053108703125 0.977739109375 0.9022853109375 0.9571529046875 0.8843943609375
1 0.9516302703124999 0.793055471875 0.9210662296875001 0.7934903421875 0.91430515625 0.7909997953125 0.9057752984375 0.7934013265625001 0.90405998125 0.800132109375 0.9070339671875001 0.803826203125 0.9272458968749999 0.8088462406250001 0.9521827734375 0.8120553906250001 0.9796480656250001 0.8036361203125001 0.9737892078125 0.799312434375 0.9516302703124999 0.793055471875
1 0.9488388437499999 0.7299211375 0.9648894078125 0.72327380625 0.9609240937499999 0.7183483484375001 0.9532073375 0.7158522390625001 0.9159000484375 0.714409465625 0.9024313703125 0.7112670734375001 0.8873186656250001 0.717307065625 0.8913196265625001 0.723458328125 0.901974721875 0.7284227296875 0.9308590921875 0.7359444390625 0.9402555187500001 0.7304839671875001 0.9488388437499999 0.7299211375
1 0.8975681734375 0.6426055078124999 0.8783832203124999 0.6400426375 0.8745961328125 0.641246184375 0.874774359375 0.6473751921875001 0.8884034421875 0.6560336890625 0.907552753125 0.657370759375 0.9249332765625 0.66359990625 0.9607858468750001 0.6478758984375 0.921424609375 0.641518790625 0.8975681734375 0.6426055078124999
1 0.9487762234374999 0.59633104375 0.9256437765625 0.5894556140625 0.91875794375 0.5826747640625001 0.878690540625 0.584892703125 0.8740547062499999 0.5897680921874999 0.876126478125 0.595295325 0.8983210640625 0.602778090625 0.9174881953125 0.6047280609375 0.93162739375 0.598069603125 0.951750209375 0.6000251375000001 0.9487762234374999 0.59633104375
1 0.8765585578125 0.5444356953125 0.9168041890625 0.5483467609375 0.9272097671875 0.54473055625 0.9434385593749999 0.5442122328125001 0.9153851140624999 0.53240578125 0.88181144375 0.5279207578125 0.865725234375 0.5333422859375 0.8765585578125 0.5444356953125
1 0.8535017375 0.474442625 0.8555735078125 0.47996985625 0.87776809375 0.48745262343749995 0.9207916609375 0.4883158765625 0.920613434375 0.48218686875000005 0.9339217062499999 0.4798131546875 0.903072503125 0.470441615625 0.857217534375 0.47078747343750005 0.8535017375 0.474442625
1 0.9175012 0.408020325 0.9154472531250001 0.40310599218750004 0.92289666875 0.3964085921875 0.915251203125 0.3963640828125 0.9058013062500001 0.39998585468750003 0.8800156828125001 0.40044854374999994 0.8544261109375 0.407653140625 0.852692971875 0.41377101875 0.864285928125 0.418128084375 0.9006375343749999 0.41956529531250003 0.9089891640625 0.41103475625 0.9175012 0.408020325
1 0.8375311328124999 0.352403065625 0.8424699531250001 0.3579469890625 0.867674171875 0.3703496484375 0.8868234796875001 0.37168671875000003 0.9009448546875 0.3644153609375 0.8748206015625 0.3532329375 0.8555643546875 0.348218465625 0.8402734234375 0.34812945 0.8375311328124999 0.352403065625
1 0.9027001515625 0.2933411359375 0.8843461218750001 0.28649352499999997 0.8566134859375 0.2857192859375 0.8357310375000001 0.290500096875 0.8387941390625 0.29725869375 0.8551476890625 0.30103067656250004 0.8629179125 0.3053654875 0.8991982296875 0.30435109531250004 0.9086837687499999 0.3019551265625 0.9095681624999999 0.2995090875 0.9027001515625 0.2933411359375
1 0.8340378796874999 0.23227453125 0.835118321875 0.23657040000000001 0.8466578109375 0.2390887625 0.87736443125 0.243557096875 0.8820359109375 0.239907509375 0.9095368515625 0.23271404062499998 0.88256385 0.2252034578125 0.8462657109375 0.22560495 0.8340378796874999 0.23227453125
1 0.8935084453125001 0.174405025 0.8933480406250001 0.16888891718750002 0.8750831234374999 0.165105809375 0.8532984593749999 0.17171976093750002 0.8333004046875001 0.17405453125 0.8277979999999999 0.181988859375 0.8403288171875 0.1857385875 0.879511828125 0.18596668593750001 0.89381143125 0.1848243375 0.9070662359374999 0.1806119203125 0.8935084453125001 0.174405025
1 0.8918152859375 0.1161794609375 0.876399596875 0.1118001421875 0.837270053125 0.11341074531249999 0.8278023343750001 0.11641961406250001 0.8259800828125 0.11947299062500001 0.8289897140625 0.1243928859375 0.8366708234375 0.1256631953125 0.8682261921875 0.1264596875 0.8957627765625 0.12049201875 0.9032834843750001 0.116246221875 0.8918152859375 0.1161794609375
1 0.8774198249999999 0.08116623437500001 0.887932340625 0.0812274328125 0.8839848484375 0.0769148734375 0.8867449625000001 0.073254159375 0.8819309015625001 0.072000540625 0.881717028125 0.064645734375 0.885432825 0.060990581249999995 0.8558066453125001 0.0608181171875 0.821526809375 0.064908140625 0.8150508999999999 0.0722240046875 0.8247503140625 0.07718284375 0.8715966125 0.0780683515625 0.8774198249999999 0.08116623437500001
1 0.9122203796875 0.9821802999999999 0.9237598703125001 0.9846986640625 0.9352280687500001 0.984765425 0.9554399968749999 0.9897854593750001 0.9706596375000001 0.9874228734375 0.9667299671875 0.9837232140625 0.9685522203125 0.9806698375 0.9761442171875 0.97887564375 0.9758055859375 0.96723053125 0.9556649484375 0.9646620968749999 0.929897146875 0.9657376859375001 0.92409175625 0.9632527015625 0.912712671875 0.9662504453125 0.9071033328125001 0.9705073703125 0.9073350281250001 0.9784750796875 0.9122203796875 0.9821802999999999