1 0.06772758125 0.8635101046875 0.060549857812499996 0.859956665625 0.055818884375 0.8538623421875 0.0331190609375 0.8441742671875 0.0195882765625 0.8415922281249999 0.020040965625 0.861041625 0.035127315625 0.86458195 0.056482670312500004 0.8658553515625 0.061035828125000004 0.8625627578125 0.06772758125 0.8635101046875
1 0.081259925 0.7975313546875 0.0569074796875 0.7862094328125 0.05052388437500001 0.7784812624999999 0.0272568296875 0.7717751390625 0.0179379484375 0.7706874078125 0.018404646875 0.79073868125 0.0405743625 0.799820878125 0.067713896875 0.8068127484375 0.0661425359375 0.7995908578125 0.081259925 0.7975313546875
1 0.0803064828125 0.7406134625 0.081781290625 0.73286039375 0.0431055828125 0.7194232453125 0.0166900765625 0.7170737234375 0.016907924999999997 0.726433384375 0.029478290624999997 0.73429268125 0.0516921421875 0.7413746625 0.0691428328125 0.7373706656250001 0.0803064828125 0.7406134625
1 0.09800256562500001 0.6837109828125 0.0759021640625 0.6760326125 0.066440215625 0.6638439671875 0.026062807812499998 0.6593526703125 0.0216230953125 0.662048875 0.021768728125 0.6664441390625 0.049345153125 0.6866217984375 0.06496460468750001 0.689664215625 0.077084103125 0.6956233703125 0.073260703125 0.6847579296874999 0.09800256562500001 0.6837109828125
1 0.0280099015625 0.5975083375 0.0267619875 0.6040686281250001 0.0316064078125 0.6095665593749999 0.0953152390625 0.6307472890625 0.09599591874999999 0.6271689484375 0.08029600625 0.6116473984375 0.060528903125 0.6020245359375 0.0324496140625 0.59481213125 0.0280099015625 0.5975083375
1 0.044539334375 0.541578103125 0.050922931250000004 0.5493062734375 0.07940693125 0.5647128140625 0.11113180625 0.5734037421875 0.11960652187500001 0.559817196875 0.0966476234375 0.5463302484375 0.06022395781249999 0.5365366515625001 0.0470995296875 0.5384408328125 0.044539334375 0.541578103125
1 0.0819872296875 0.47373548281250005 0.0709692125 0.4748879515625 0.068182121875 0.4792180046875 0.0718598921875 0.48568818281250004 0.09279364375 0.49433879999999997 0.1124151125 0.49956639843749995 0.13057866875 0.49697571875 0.11798929375 0.49090629375 0.11559162187500001 0.4828674796875 0.0819872296875 0.47373548281250005
1 0.14840509531249998 0.4239054984375 0.12533275 0.411014940625 0.09548738906250001 0.4027650796875 0.08352961406250001 0.403697015625 0.0849875265625 0.41151529531250003 0.111251671875 0.4282699390625 0.14840509531249998 0.4239054984375
1 0.1042396796875 0.341271703125 0.1028783203125 0.3484283828125 0.13392251718749998 0.3606976515625 0.141327134375 0.3630583125 0.163022828125 0.36254254375 0.1615971 0.359715915625 0.167316909375 0.35545107656249997 0.13510606249999998 0.34415405312499997 0.1042396796875 0.341271703125
1 0.12634329375 0.2766813671875 0.11239255625 0.277768625 0.1137370234375 0.28618329375 0.129599459375 0.2905287578125 0.14150815781249998 0.30017652031250003 0.151732046875 0.30319878125 0.1643705046875 0.2986885078125 0.18139959375 0.30206172656249997 0.15453603124999998 0.2832973796875 0.12634329375 0.2766813671875
1 0.1899740703125 0.2311814328125 0.157050359375 0.21847109687500002 0.1447200578125 0.21620054687499998 0.1373476265625 0.21883154062500002 0.133734225 0.2223446703125 0.1375254421875 0.2282184578125 0.1672895375 0.2420563625 0.19454251875 0.2484518421875 0.188304553125 0.24511893437499999 0.19245300468749998 0.23363220468749998 0.1899740703125 0.2311814328125
1 0.1784073171875 0.183610146875 0.1972024765625 0.18802082343749998 0.220146084375 0.180944765625 0.197446265625 0.1712566921875 0.15880274218749998 0.1628111984375 0.1506039984375 0.16462526718749998 0.1584133234375 0.1751800640625 0.1784073171875 0.183610146875
1 0.17087556875 0.12514851875 0.202114475 0.1312333546875 0.2296756109375 0.13084800937500002 0.20021966875000002 0.1102292828125 0.1711193578125 0.1083843890625 0.15987444687500002 0.1107296375 0.1573142484375 0.11386690937499999 0.17087556875 0.12514851875
1 0.18727305625 0.1215203796875 0.179187759375 0.122738059375 0.1914046140625 0.1256049984375 0.18727305625 0.1215203796875
1 0.212973175 0.0689882640625 0.19135874218749999 0.06391598750000001 0.163684159375 0.06489772187500001 0.16371634531249998 0.069889375 0.17078062031250002 0.07403920625 0.20524350781249998 0.08897977812499999 0.2140094859375 0.084183759375 0.23969110625 0.083357346875 0.2267613875 0.0790770953125 0.212973175 0.0689882640625
1 0.1857708796875 0.015878734375000002 0.18275689687500002 0.0214015671875 0.19042058906249998 0.027561099999999998 0.2114677890625 0.035615328125 0.2310570734375 0.035851271875 0.23970960468750002 0.03165164375 0.22472255625 0.017543406249999997 0.21919745468750002 0.0156238125 0.1857708796875 0.015878734375000002
1 0.1159955765625 0.8729681578124999 0.120613103125 0.8796588703125 0.1441392359375 0.89016386875 0.16176774375 0.8955467890625 0.19391422187500001 0.8968605046875 0.16457172656250002 0.8756453875 0.1309673359375 0.866513390625 0.11983586875 0.8682622484375001 0.1159955765625 0.8729681578124999
1 0.18328883125 0.8133754 0.163780809375 0.807551409375 0.13738632343749999 0.8069645078125 0.133546028125 0.811670415625 0.1391033140625 0.8185816609375 0.1601505140625 0.8266358874999999 0.19171286406250002 0.846502903125 0.1931554875 0.83375818125 0.20143549374999997 0.8263560671875 0.18328883125 0.8133754
1 0.219131578125 0.7694535874999999 0.21978007656249998 0.76088359375 0.16478814375 0.74548654375 0.1530572625 0.7452256968750001 0.14662458750000001 0.7480772234375 0.1460895375 0.7560508265625 0.1565725046875 0.7628719625 0.21179132968749997 0.7770762343750001 0.22220992968750003 0.7739140625 0.222890609375 0.7703357234375 0.219131578125 0.7694535874999999
1 0.20124720156250003 0.688003084375 0.1893706890625 0.6833469765625 0.16459664375 0.6794022671875 0.15545814062500002 0.680995803125 0.15466401406250002 0.6851705328125 0.1649200875 0.6931844484374999 0.166118925 0.6972038546875 0.1934853515625 0.7030029437499999 0.23021717343749998 0.7060157203124999 0.22187279843750002 0.703434525 0.20124720156250003 0.688003084375
1 0.23546951093750002 0.64743908125 0.21273750625 0.6327593546875 0.2071802203125 0.6258481078125 0.16936300937499998 0.6182195359375 0.16116426718750002 0.62003360625 0.15826373124999998 0.6249600484375 0.17828990625000002 0.638381784375 0.1982839015625 0.6468118671875 0.21775974062499998 0.647644203125 0.2191532859375 0.6454791765625 0.23546951093750002 0.64743908125
1 0.1951596796875 0.58066238125 0.2271927140625 0.5825724875 0.2347598546875 0.5737570609375 0.2142798890625 0.5627208828125 0.189246765625 0.5549773015625 0.1738702984375 0.5532379296875 0.1702890828125 0.5617427140625 0.1951596796875 0.58066238125
1 0.20778445156249997 0.51945475 0.23973622031250003 0.5269528984375 0.2380514140625 0.5203273984375001 0.2450835078125 0.5194855734375 0.18863366406249998 0.4962702421875 0.180920890625 0.5006904046875 0.1829460375 0.505526734375 0.20778445156249997 0.51945475
1 0.279712128125 0.450981353125 0.27216188125 0.4442254296875 0.2560403671875 0.436081090625 0.22491490625 0.4293998671875 0.20156659062500001 0.4282817859375 0.198892946875 0.4320154484375 0.21467412343749998 0.44194895624999997 0.2251249046875 0.44377843749999996 0.2321891828125 0.44792826874999997 0.2634280875 0.45401310156249997 0.279712128125 0.450981353125
1 0.26529552343749996 0.3616224578125 0.25191201875 0.35972776562500003 0.225063746875 0.361526421875 0.22370238593749997 0.3686831046875 0.23805783281249998 0.3757899828125 0.267303775 0.382030140625 0.29580466875 0.3818653296875 0.304116859375 0.37945487031249997 0.292839765625 0.37680846562500003 0.26529552343749996 0.3616224578125
1 0.25742343437500004 0.30495 0.2478311453125 0.308929096875 0.251735809375 0.314206496875 0.2725561125 0.323453503125 0.3148452203125 0.333377521875 0.300311959375 0.316883725 0.28994243750000004 0.3094662 0.2702075203125 0.30483499062499997 0.25742343437500004 0.30495
1 0.2654137828125 0.25262300781249997 0.2654459671875 0.2576146625 0.2757020421875 0.2656285765625 0.300962059375 0.2721793796875 0.3283775640625 0.2673987703125 0.321199840625 0.26384533125 0.31962848125 0.256623440625 0.28229724218749996 0.2516009609375 0.2654137828125 0.25262300781249997
1 0.38390454531249996 0.27482222031250003 0.37867070625 0.28169315625 0.399037225 0.293325721875 0.44195793281249995 0.3102510984375 0.44377308125 0.3007088578125 0.44975196874999995 0.300242890625 0.43550996875000003 0.292539621875 0.42758719687499996 0.282581215625 0.38390454531249996 0.27482222031250003
1 0.426488121875 0.2212680609375 0.3980684921875 0.2158448265625 0.38622416249999997 0.21618037031249998 0.3879089671875 0.22280587187499998 0.40767606875 0.232428734375 0.4376348765625 0.24008220625 0.46180950468750004 0.2420172109375 0.456511296875 0.23890483749999997 0.4632843125 0.23426414062499998 0.426488121875 0.2212680609375
1 0.3092774578125 0.1975002109375 0.2858156953125 0.196978521875 0.284681228125 0.20294241875000002 0.28787302656249997 0.2068065046875 0.324328875 0.2215917546875 0.35038301875 0.223967828125 0.34975141718749997 0.2169664703125 0.35923025937499997 0.213583765625 0.339236265625 0.20515368281250002 0.3092774578125 0.1975002109375
1 0.39883203749999996 0.17054408906250001 0.4020238359375 0.174408175 0.42025176249999996 0.1818008 0.4332949265625 0.1854846640625 0.45908999375 0.18406186093750002 0.44060299062499997 0.1728703640625 0.41944234375 0.165412528125 0.40056592343749997 0.1665898921875 0.39883203749999996 0.17054408906250001
1 0.3028310984375 0.14365438125000002 0.3010972140625 0.147608578125 0.311693628125 0.153833321875 0.3416524359375 0.1614867921875 0.371433428125 0.159753346875 0.33731088124999997 0.143023603125 0.33005189375 0.1450582078125 0.313022803125 0.1416849890625 0.3028310984375 0.14365438125000002
1 0.4516564015625 0.10444084218750001 0.4225239046875 0.0976042953125 0.4074065171875 0.099663796875 0.4061586015625 0.10622408593749999 0.42040060312499994 0.11392735624999999 0.46366165 0.1290635640625 0.4649095640625 0.1225032734375 0.475587240625 0.1231399765625 0.4781474390625 0.1200027046875 0.4516564015625 0.10444084218750001
1 0.37819275625 0.0984152921875 0.3676285265625 0.0971822015625 0.3327931140625 0.0790391453125 0.32516160312500003 0.0778712640625 0.3053776078125 0.083819753125 0.30540979375 0.0888114046875 0.31671907187500004 0.0964494640625 0.363966046875 0.11127502656249999 0.3670720203125 0.1018280359375 0.3816114484375 0.10108659687499999 0.37819275625 0.0984152921875
1 0.3157012609375 0.029548265624999997 0.3147936859375 0.0343193859375 0.318811796875 0.03900039375 0.3559805109375 0.055198959375 0.36566935156249997 0.066194825 0.3743540671875 0.06698684687499999 0.37166513437500004 0.05015750625 0.3585576015625 0.0364903375 0.32660583125 0.0289921875 0.3157012609375 0.029548265624999997
1 0.26828544062500004 0.89811493125 0.2579481015625 0.8956890609375 0.2505756703125 0.8983200546875001 0.2483879984375 0.9046598109374999 0.2677013109375 0.9166682312500001 0.27581879374999996 0.9204422062500001 0.3213487765625 0.9236506140625 0.3280083453125 0.9196063062500001 0.2928004078125 0.8982607687499999 0.26828544062500004 0.89811493125
1 0.328287525 0.835565121875 0.3000947875 0.828949109375 0.29092410156250004 0.8255509921874999 0.28867206093750003 0.821907440625 0.269341853125 0.8254703687499999 0.267867046875 0.8332234375 0.2861271546875 0.8456077171875 0.3038691078125 0.8503942484375001 0.325337909375 0.8510712609375 0.32989106874999996 0.8477786671875001 0.328287525 0.835565121875
1 0.3381895734375 0.78867085 0.3398100125 0.7853130453125 0.3386111765625 0.7812936374999999 0.33000772500000003 0.7749135703125 0.3082476625 0.76544603125 0.26738428281250004 0.7583486359375 0.26414340625 0.7650642484375 0.2748854515625 0.7756842578125 0.30487644375 0.78832938125 0.3319025296875 0.795917640625 0.3323241328125 0.7885404281249999 0.3381895734375 0.78867085
1 0.343037203125 0.721900075 0.331468846875 0.71046314375 0.30057028125 0.7025891390625 0.286732990625 0.70308000625 0.283832453125 0.708006446875 0.2867973578125 0.7130633125 0.29833353125 0.719508590625 0.31821407968750004 0.7285350640625 0.344640746875 0.73411361875 0.3545733765625 0.7283453546875001 0.343037203125 0.721900075
1 0.3628075140625 0.65925423125 0.361381784375 0.656427603125 0.336203028125 0.644288759375 0.2933145046875 0.6323550359375 0.29240693125 0.6371261546875 0.284467265625 0.642739096875 0.297202271875 0.6532037828124999 0.3337393859375 0.6624009921875 0.34697726093750003 0.6599004203125001 0.3624671734375 0.6610434015625 0.3628075140625 0.65925423125
1 0.3090498109375 0.5805995312500001 0.3068621375 0.5869392875 0.31617845624999996 0.5947326703125 0.3456834765625 0.6047716999999999 0.37444344687500003 0.6084057640625 0.38069830625 0.59616731875 0.37104165 0.59016310625 0.3166491359375 0.576775759375 0.3090498109375 0.5805995312500001
1 0.376698696875 0.5397806078125 0.3696022359375 0.5306391234375 0.3389305640625 0.5215723390625 0.32802599374999997 0.5221284171875 0.321479871875 0.525576334375 0.3390271171875 0.5365472984374999 0.3403393984375 0.539970315625 0.35007731875000003 0.5403864828125 0.384054234375 0.5527209625 0.3961254578125 0.5511926390624999 0.376698696875 0.5397806078125
1 0.3993204640625 0.4827880171875 0.405234984375 0.47233874218749994 0.3788895765625 0.4611721421875 0.352009121875 0.45797914687499997 0.3455764453125 0.46083067499999997 0.34526829062500003 0.46761149687500003 0.3485735359375 0.4708791921875 0.36278335 0.473590809375 0.37961773125 0.483148459375 0.3863094828125 0.48409580781250006 0.3993204640625 0.4827880171875
1 0.3634994234375 0.40273541562500004 0.400522509375 0.4145387171875 0.4204843171875 0.41797714687500004 0.424810584375 0.41587733125000004 0.40279144375 0.40261091562500007 0.363548503125 0.39215571875 0.3558357296875 0.39657588125 0.3634994234375 0.40273541562500004
1 0.36478273125 0.328898071875 0.3658681203125 0.3335138703125 0.38176274375 0.3428509859375 0.4131150953125 0.34833943125 0.4336441390625 0.3487959109375 0.40891917187500004 0.33427150625 0.386591871875 0.327785915625 0.3680557921875 0.3271741125 0.36478273125 0.328898071875
1 0.44665106093749996 0.073984640625 0.4766589453125 0.07105841562500001 0.4879360390625 0.07370481875 0.4726086515625 0.061385753125 0.46178534375 0.056353789062500007 0.45611461093749994 0.050038932812500006 0.4477702375 0.0474577390625 0.442390765625 0.049933409375 0.41975531562499996 0.050228642187500006 0.41651443749999995 0.056944253125 0.4224120625 0.0620663296875 0.43263595468749994 0.0650885921875 0.44665106093749996 0.073984640625
1 0.4255331703125 0.9281632484375001 0.3789177984375 0.92033904375 0.37342488125 0.9234111046875 0.37371614375 0.9322016312500001 0.39385576875 0.945026978125 0.41302345156250003 0.9526401390625001 0.4167503 0.9485306187500001 0.4555885296875 0.9507916796875 0.42943783281250003 0.9334406484375 0.4255331703125 0.9281632484375001
1 0.42459662187499997 0.8556740078124999 0.398882815625 0.851508765625 0.3903437328125 0.8551120046875 0.389436159375 0.859883125 0.3996922328125 0.8678970406250001 0.411795640625 0.8713603703125001 0.4278037078125 0.8801010953124999 0.46549218281250004 0.8677630546874999 0.45082858124999997 0.867436996875 0.42459662187499997 0.8556740078124999
1 0.4577657265625 0.815485859375 0.47848947812500003 0.8097579078124999 0.47706375 0.8069312796875 0.45376451093750003 0.7952335015625 0.4273378421875 0.7896549453125 0.41933380781249996 0.78528458125 0.4001170453125 0.78825111875 0.3986422375 0.7960041906249999 0.4038591828125 0.8047046046874999 0.4071644265625 0.8079723 0.4203210390625 0.811059771875 0.4577657265625 0.815485859375
1 0.4147669625 0.73187981875 0.4130330765625 0.735834015625 0.43422590781250003 0.7482835046874999 0.45151407343749994 0.7554555953125 0.4931072109375 0.748394953125 0.4729997703125 0.7405612609375 0.46357000625 0.73336426875 0.431277896875 0.7276552890625 0.4147669625 0.73187981875
1 0.4908414859375 0.68805404375 0.5019407671875 0.6813135328125 0.4949899359375 0.6765673125 0.4763082234375 0.6715602484375001 0.458825346875 0.6705725890625 0.4429629109375 0.666227125 0.4317179984375 0.6685723734375 0.43234959999999995 0.6755737296875 0.44024018906249995 0.680540484375 0.45012373749999995 0.685351915625 0.47478433906250006 0.6898930140624999 0.4908414859375 0.68805404375
1 0.4595414203125 0.5997171953125 0.44487781875000004 0.5993911390625 0.4394983484375 0.6018668093749999 0.4415234953125 0.606703140625 0.4520064640625 0.613524275 0.4885435765625 0.6227214812499999 0.49884872812500003 0.6201557 0.5148246140625 0.623904775 0.4910394046875 0.609600903125 0.4595414203125 0.5997171953125
1 0.525392053125 0.5528691609374999 0.5157675796875 0.5518566 0.4972805796875 0.540665103125 0.45675754062499996 0.531778540625 0.4529172453125 0.5364844484375 0.45670846249999997 0.5423582359375 0.4754223578125 0.5523569562499999 0.49222455312499996 0.5569229531250001 0.513579909375 0.5581963578125 0.513661171875 0.5526083140625 0.525392053125 0.5528691609374999
1 0.5353109968750001 0.4904035359375 0.524973659375 0.487977665625 0.5150088453125 0.4887542765625 0.46249585 0.47580799531249995 0.454896521875 0.47963176875 0.45538249375 0.4822378625 0.471050221875 0.49276775937500006 0.5019487890625001 0.5006417640625 0.5098071921875 0.5006168640624999 0.518913509375 0.4940316765625 0.5353109968750001 0.4904035359375
1 0.4904970875 0.41633973593749996 0.46643590625 0.4138083390625 0.46364881562500004 0.4181383921875 0.467553478125 0.423415790625 0.4940445140625 0.438977653125 0.498629859375 0.4406767125 0.5146870046875 0.43883774375 0.534357553125 0.4334856453125 0.53691775 0.4303483734375 0.4904970875 0.41633973593749996
1 0.542510428125 0.369982565625 0.5450706234375 0.36684529375 0.5188386640625 0.3550823046875 0.4786881515625 0.3493982265625 0.473649021875 0.3500847265625 0.4693549390625 0.3571761953125 0.477018634375 0.363335728125 0.48758286562500003 0.36456882031250004 0.5111089984375 0.37507381875 0.5199884203125 0.36968140781250003 0.542510428125 0.369982565625
1 0.5312518328125 0.31563045624999997 0.557273790625 0.313014875 0.5378792156250001 0.306594496875 0.52950265625 0.29902164999999997 0.49228486406250005 0.29340278125 0.48491243125 0.296033775 0.48742355000000004 0.30347620000000003 0.506477784375 0.3116857484375 0.5148543453125 0.319258596875 0.521319203125 0.32139872187499996 0.5312518328125 0.31563045624999997
1 0.55619000625 0.2722647234375 0.556984134375 0.2680899953125 0.5689419109375 0.2671580609375 0.5683103078125 0.260156703125 0.5376386359375 0.2510899203125 0.5011337078125 0.246884365625 0.4909420015625 0.2488537578125 0.48826835781250005 0.25258741875 0.4995776375 0.260225478125 0.53190193125 0.27092611093749996 0.5520906359375 0.2731717609375 0.55619000625 0.2722647234375
1 0.5182456640625 0.20853518593749998 0.5554634578125001 0.214154053125 0.5773860453124999 0.2124455078125 0.5538277296875 0.1969488578125 0.5365717453125 0.19476841875 0.5200286281250001 0.1940012921875 0.503404246875 0.19882221093750002 0.5182456640625 0.20853518593749998
1 0.5749425046875001 0.1427176828125 0.5588209890625 0.1345733453125 0.5242277609375 0.1358005109375 0.5223804296875 0.140351096875 0.5263985390625 0.14503210625000001 0.5410943265625 0.150349815625 0.547931709375 0.15569242656249999 0.5515772937500001 0.1571709515625 0.5726413875 0.14965382656249998 0.57602789375 0.1473334796875 0.5749425046875001 0.1427176828125
1 0.59560349375 0.09087206875 0.5596336156249999 0.0786929109375 0.53967180625 0.0752544828125 0.5282000015625 0.078792509375 0.529998253125 0.0848216203125 0.539314571875 0.0926150015625 0.5640886187499999 0.096559709375 0.592249171875 0.09818406874999999 0.589284265625 0.09312720468749999 0.59560349375 0.09087206875
1 0.5972677656250001 1 0.592889740625 0.997964571875 0.589438865625 0.9903016140625001 0.5986908125 0.9881116875 0.600311253125 0.9847538828125 0.53441475 0.9699129078125001 0.52820896875 0.9715716562500001 0.5250815375 0.9776908765625001 0.5332312031249999 0.9864565046875 0.54863985625 0.9931875281250001 0.585144784375 0.99739308125 0.594660934375 1 0.5972677656250001 1
1 0.6026968421875 0.8999609859375 0.592732028125 0.9007375968750001 0.5803695453125 0.89347539375 0.5719117234375 0.8914905890625 0.5308858203125 0.895569284375 0.5304642171875 0.9029465 0.5370747078125 0.9094818890624999 0.5738387125 0.9174863156249999 0.6126447609375 0.914755721875 0.61321199375 0.9117737734375 0.6026968421875 0.8999609859375
1 0.578281634375 0.842521403125 0.5914060609375 0.8406172218749999 0.6017433984375 0.8430430953125001 0.6025375265624999 0.838868365625 0.6146087484375 0.8373400421875001 0.5790604734375 0.8177836703124999 0.556538465625 0.8174825140624999 0.5454882640625 0.813643328125 0.5357825265625 0.8182188140625 0.5358147125 0.8232104671875 0.542198309375 0.8309386359375001 0.5629864296875 0.8351939890625 0.578281634375 0.842521403125
1 0.5926571843749999 0.761788225 0.5881531046874999 0.7545011234375 0.58251455625 0.7531779203125 0.5671702734374999 0.7564302046875 0.5535276921875 0.7507366375 0.551907253125 0.7540944453125 0.54276875 0.7556879796875 0.5435138 0.7620929453125 0.5573020125 0.7721817765625001 0.5912467453125 0.7795246015624999 0.623733565625 0.779049146875 0.5926571843749999 0.761788225
1 0.617595359375 0.71842249375 0.61534331875 0.7147789421875 0.6194105078125001 0.7088802546874999 0.597391365625 0.6956138421875 0.56660625 0.6871434468750001 0.5539356093750001 0.68666206875 0.544343321875 0.6906411625 0.544375503125 0.695632815625 0.5541456078125 0.7010406375 0.568582315625 0.7025594749999999 0.6133825421875 0.71992591875 0.617595359375 0.71842249375
1 0.5485102687500001 0.6274487265625 0.5487693453125 0.6312476015625 0.5644370750000001 0.6417774984375 0.5874772359375 0.649676403125 0.599175934375 0.6449455953125 0.61805235625 0.6437682265625 0.596746078125 0.6319151265625 0.5623153765625 0.62196620625 0.5485102687500001 0.6274487265625
1 0.566206353125 0.57054625 0.558153240625 0.57675558125 0.577094028125 0.5855615203125 0.602354046875 0.592112321875 0.6245847921875 0.583622953125 0.6197403718750001 0.5781250203125 0.5955335578125001 0.5711983625 0.5766571375 0.5723757296875001 0.566206353125 0.57054625
1 0.5636646562500001 0.5219778171875 0.5802399578124999 0.52773659375 0.6020812859375 0.531616090625 0.6364154359375 0.5265900515624999 0.636950484375 0.5186164484375 0.5883421484375 0.510947565625 0.5638593640625 0.5157933828125 0.5636646562500001 0.5219778171875
1 0.6191304765625001 0.447149253125 0.5985692499999999 0.44170111875 0.5795793812500001 0.44347487656249995 0.577618603125 0.44862185156249995 0.5855091906250001 0.45358860625 0.6411005390625 0.4709953640625 0.645912775 0.4715016421875 0.6537068109375 0.461493434375 0.642429715625 0.458847028125 0.6191304765625001 0.447149253125
1 0.6590404125 0.3973287546875 0.6541959921875 0.391830821875 0.6357411734375 0.385630975 0.5900655593749999 0.3780273046875 0.582806571875 0.3800619078125 0.58084579375 0.3852088828125 0.5965135234375001 0.39573878125 0.60474445 0.398916365625 0.6345576265624999 0.40217457031250003 0.6535474953125 0.40040081406250005 0.6590404125 0.3973287546875
1 0.6097867890625001 0.32596115625 0.6130920343749999 0.32922885156250004 0.63963215 0.33421101875 0.6688459078125 0.335459521875 0.652238421875 0.3247090890625 0.6381420515625 0.3214010828125 0.6123148015625001 0.31783222968749997 0.6097867890625001 0.32596115625
1 0.6195432078125 0.274671621875 0.6149900484375 0.277964215625 0.6171286406250001 0.28220415625 0.6610703703125 0.2937620234375 0.689117478125 0.29598277500000003 0.69107825625 0.29083579843749996 0.679169559375 0.28118803593749997 0.6565831859375 0.2709035734375 0.6195432078125 0.274671621875
1 0.6773576218749999 0.2184615671875 0.654463090625 0.21495792656249998 0.6322001625 0.2184556421875 0.6292996265624999 0.22338208593750003 0.633544628125 0.2268703140625 0.6715074703125 0.2388941484375 0.682266409375 0.23394280625000002 0.701401909375 0.23656431093750002 0.7029089015625 0.23380289531249998 0.6773576218749999 0.2184615671875
1 0.7215447421875 0.17712095156250002 0.6646732953125001 0.16128283125 0.6468500796875001 0.1620843421875 0.6478220203125 0.1672965296875 0.6548862984375 0.171446359375 0.6892035546875 0.18199167031250002 0.7215447421875 0.17712095156250002
1 0.6666203890625 0.0994384984375 0.6631204328125 0.1023552359375 0.664805240625 0.1089807375 0.7161194015625 0.11790761093749999 0.7212719812499999 0.1166247203125 0.7221795546875 0.1118536 0.7167357156249999 0.1043459640625 0.70238026875 0.09723908437499999 0.6666203890625 0.0994384984375
1 0.6878776828125 0.849550021875 0.6967892921875001 0.8491492656249999 0.720315425 0.8596542640625 0.75234845625 0.8615643687500001 0.7441666062500001 0.8478070875 0.7234597468749999 0.8379636921875001 0.6837630203125 0.8298940531250001 0.674057284375 0.8344695375000001 0.6740894703125 0.8394611921875 0.6811537453125001 0.843611021875 0.6821578734375 0.8538148609375 0.6878776828125 0.849550021875
1 0.7041158546874999 0.7848292625 0.709786584375 0.7911441171875 0.7435856875 0.7940916812500001 0.7475394265624999 0.7887893828125 0.7606638546875 0.7868852015625001 0.7470534578125 0.7861832890625 0.7354038375 0.7803344 0.732066409375 0.7720750515625 0.715750184375 0.770115146875 0.6983485703125 0.7635394468750001 0.6834580734375 0.7644061671875 0.682663946875 0.768580896875 0.69257968125 0.778383984375 0.7041158546874999 0.7848292625
1 0.723059853125 0.72136649375 0.7523870578125 0.7220186078124999 0.7633238125 0.7264541828125 0.754947253125 0.7188813359374999 0.7299953921875 0.7055497109375 0.7279702453125 0.7007133796875 0.731097675 0.69459415625 0.7285052953125 0.692739775 0.7219591734375 0.6961876921875 0.6990968265624999 0.69767570625 0.6926641515624999 0.7005272328125 0.6936360953125 0.70573941875 0.7120096515625 0.7175273078125 0.723059853125 0.72136649375
1 0.7577037640625 0.6734252749999999 0.7689486750000001 0.671080028125 0.7394114703125 0.65604934375 0.7297226296875 0.6450534796875 0.72092446875 0.6448578453125 0.71311514375 0.634303046875 0.70713625625 0.634769015625 0.6998450859374999 0.6318119640625001 0.69145163125 0.6398104671875 0.6924235734375 0.6450226546875 0.713762034375 0.661867409375 0.735748990625 0.67014216875 0.7577037640625 0.6734252749999999
1 0.79443879375 0.6041693421875001 0.772111496875 0.5976837515625 0.7602028 0.5880359890625 0.7500923562499999 0.5844173374999999 0.7417801640625 0.586827796875 0.7211376765625 0.5869677078125 0.7177511671875 0.58928805625 0.71883655625 0.5939038546875001 0.7384902109375 0.60412310625 0.752473134375 0.608027503125 0.776243053125 0.6017683703125 0.79443879375 0.6041693421875001
1 0.8029963765625 0.5488603999999999 0.8027372984375001 0.5450615265625001 0.76958669375 0.5335439703125 0.7381208953125 0.528651915625 0.7269894328125 0.530400775 0.7259684109375 0.5357682828125 0.7544524109374999 0.5511748234375 0.767495575 0.5548586859375 0.7883649593750001 0.5535259953125 0.7941982171874999 0.548664765625 0.8029963765625 0.5488603999999999
1 0.7288230765625 0.46915283125 0.7248693375 0.47445512812499996 0.7360651703125 0.482689578125 0.7719216 0.49546512500000006 0.8050078390625 0.49699937343749995 0.8009575468750001 0.487326709375 0.7789705875 0.47905195 0.7349154125 0.4680904734375 0.7288230765625 0.46915283125
1 0.729943859375 0.406491571875 0.7359871171875 0.41600891406249996 0.7664640781250001 0.43126013125 0.794656815625 0.43787614374999995 0.7918053578124999 0.432222890625 0.807149640625 0.42897060624999994 0.7814849140625 0.4142256671875 0.7429548390625 0.40518378281249995 0.729943859375 0.406491571875
1 0.7908197296874999 0.3703133453125 0.8118025609374999 0.3683842640625 0.8081247921875001 0.36191408593749996 0.804365759375 0.3610319515625 0.8026809546875 0.3544064515625 0.787985165625 0.349088740625 0.750200140625 0.346451821875 0.7438809125 0.34870695937499996 0.7448528546875 0.353919146875 0.757555678125 0.359392178125 0.7586410671875 0.3640079765625 0.7908197296874999 0.3703133453125
1 0.779691475 0.299793496875 0.8049514921875 0.306344296875 0.8254805359375 0.3068007765625 0.8300336937499999 0.3035081828125 0.8003830453124999 0.2890738890625 0.7646722421875001 0.28069360625 0.7613179171875 0.28800560625 0.779691475 0.299793496875
1 0.7799215765625 0.2263320078125 0.772662590625 0.22836661249999998 0.7707018125 0.23351358906250003 0.7747199218749999 0.23819459687500003 0.795767121875 0.2462488234375 0.8312510296875001 0.2558218875 0.8395632187500001 0.2534114265625 0.8297609312500001 0.24301195312499999 0.8175118953125 0.235153359375 0.7799215765625 0.2263320078125
1 0.8269770515625 0.1750732953125 0.78987270625 0.16885803906250002 0.779681 0.17082743125 0.77900031875 0.174405771875 0.7853839140625001 0.1821339421875 0.79632066875 0.186569515625 0.8241408828125 0.18998304531250002 0.8419641015625 0.18918153437500002 0.8464038125 0.18648532812500002 0.8269770515625 0.1750732953125
1 0.83627968125 0.12616932187500002 0.804441359375 0.11807478281249999 0.79376368125 0.1174380796875 0.7884163953125001 0.12490540624999999 0.8065308734375 0.1328944203125 0.8505860500000001 0.1438558984375 0.83627968125 0.12616932187500002
1 0.735720865625 0.9386539953125 0.7285753265625 0.9400922078124999 0.716099396875 0.9334263953124999 0.709829246875 0.9251018343749999 0.690693746875 0.9224803312500001 0.6636676593749999 0.9148920703125001 0.6597139203125 0.9201943703125 0.662338484375 0.9270404031249999 0.684616703125 0.9441056906249999 0.70916385625 0.9492431781249999 0.7297741609374999 0.944111615625 0.735720865625 0.9386539953125
1 0.8884154390625 0.97199490625 0.8487999734375 0.958337225 0.8360158875 0.958452234375 0.8341685562500001 0.9630028203125001 0.8393855015625 0.9717032375000001 0.8483292921875 0.976294134375 0.8501275453125 0.9823232453124999 0.8606917765625001 0.9835563374999999 0.897714859375 0.9953596375 0.9048603999999999 0.9939214249999999 0.8884154390625 0.97199490625
1 0.9024997265625 0.8824712031249999 0.8723140265625 0.8760105109375 0.8661895062499999 0.872081215625 0.8572779 0.8724819703125 0.85415046875 0.8786011921875 0.8562890624999999 0.882841134375 0.8751164046875 0.8922434625 0.8989828781250001 0.9009592906250001 0.9278241125 0.8990053109374999 0.922979690625 0.893507378125 0.9024997265625 0.8824712031249999
1 0.9132449812500001 0.8208225046875001 0.9304687812499999 0.8180112875000001 0.9276173218749999 0.8123580328125 0.9205530453125 0.8082082046875 0.8841293796875 0.7984146062499999 0.8715400015625001 0.7923451828125 0.8553694078125 0.7947805421874999 0.8579939718749999 0.8016265765625 0.8674237343750001 0.8088235687499999 0.8942551140624999 0.8225962609374999 0.9046737125 0.819434090625 0.9132449812500001 0.8208225046875001
1 0.8814267609374999 0.7248879078125 0.8630853890625 0.718091671875 0.8590994656250001 0.718402315625 0.8579649984375 0.724366215625 0.869533353125 0.7358031484375 0.88810161875 0.7414066046875 0.90388279375 0.7513401109375 0.942543209375 0.74421425625 0.9051476015625 0.7292084703125 0.8814267609374999 0.7248879078125
1 0.9417353984375 0.6916916296875 0.9204291203125001 0.679838528125 0.9150987296875 0.6717345031249999 0.875175109375 0.66485764375 0.869568746875 0.6685260953125 0.8704272421875 0.674334671875 0.8906803140624999 0.6865636281249999 0.9091351328125 0.6927634734375 0.9244794140625 0.689511190625 0.9438739921874999 0.6959315703125 0.9417353984375 0.6916916296875
1 0.8817228359374999 0.6252753734375001 0.9205119890625 0.63811613125 0.9315300046875 0.6369636640625 0.9476193374999999 0.640116346875 0.9225218453125 0.622389459375 0.89042444375 0.610496046875 0.8734275406249999 0.6121144843749999 0.8817228359374999 0.6252753734375001
1 0.8739810875 0.5524351765625 0.8748395828125 0.558243753125 0.8950926546875 0.5704727093749999 0.9372683140625 0.5809931203125 0.93840278125 0.57502921875 0.9520131796875001 0.5757311328125 0.9236426281250001 0.5597282031249999 0.8784208 0.549738971875 0.8739810875 0.5524351765625
1 0.9511900765625001 0.5026455015625 0.9502181359374999 0.4974333140625 0.9589841140625 0.49263729375 0.9514660515625 0.49087302499999996 0.9413877906250001 0.49224602656250005 0.9159008796875 0.4868880046875 0.8891660546875 0.488090271875 0.886152071875 0.49361310312500006 0.8966350390625 0.5004342390625001 0.932118946875 0.510007303125 0.9421650234375001 0.5036426484375001 0.9511900765625001 0.5026455015625
1 0.8843401328124999 0.4308866375 0.8880179015625 0.43735681406250004 0.9101826718750001 0.4550184921875 0.9287509390625001 0.4606219484375 0.9442086671875 0.4567732734375 0.9208772453125 0.44008384375 0.902989659375 0.4309020484375 0.8879535328125 0.4273735078125 0.8843401328124999 0.4308866375
1 0.9611275203125 0.388474175 0.9445200328125001 0.37772374375 0.9173804984375 0.37073187500000004 0.8957982515625 0.3706512515625 0.8973696109375 0.377873140625 0.9126648156250001 0.38520055625 0.9193887515625001 0.39113955625 0.9553264468749999 0.398327059375 0.9651778140625 0.3981468359375 0.9665713578125 0.3959818109375 0.9611275203125 0.388474175
1 0.906575690625 0.31399420624999996 0.9067213203125 0.31838946875 0.9175446296875001 0.3234214328125 0.9468227562499999 0.33465324375 0.952202225 0.3321775734375 0.9808165671875001 0.3314163734375 0.9558647062500001 0.31808475 0.9200404578124999 0.3103008546875 0.906575690625 0.31399420624999996
1 0.9774976375 0.2714513203125 0.9785186578125 0.2660838125 0.9613439359375 0.25831533125 0.9384815906249999 0.25980334374999997 0.9182928875 0.25755769375000004 0.9111795328125 0.26398756093750003 0.92271570625 0.27043283906250004 0.96124578125 0.279474725 0.9755690421875001 0.2815899515625 0.98951978125 0.28050269375000003 0.9774976375 0.2714513203125
1 0.9882750765624999 0.21479427499999998 0.9740330765625 0.20709100625 0.9351626609375 0.199838290625 0.925197846875 0.20061490312500002 0.9227510984375 0.2031557859375 0.9246627984375 0.20858850625 0.9319539671875001 0.21154555625000002 0.9628525328125 0.21941956093749998 0.99123998125 0.21985114062500002 0.9995521703125 0.21744068125 0.9882750765624999 0.21479427499999998
1 0.9815849265625 0.17771257499999998 0.991922265625 0.1801384484375 0.9889573609375001 0.17508158437500002 0.9924573140625 0.1721648453125 0.9879854187499999 0.169869396875 0.9893467796875001 0.162712715625 0.9937864921875 0.1600165109375 0.96465399375 0.1531799640625 0.9300285828125 0.149415478125 0.922088915625 0.15502842187500002 0.930578921875 0.1620048796875 0.9765136125 0.173407425 0.9815849265625 0.17771257499999998