1 0.07411581874999999 0.855816271875 0.0669013953125 0.8521468578125001 0.062190573437499994 0.8459423218750001 0.039356368749999995 0.835901425 0.0389287015625 0.8358148296874999 0.0398783421875 0.856203990625 0.0411454609375 0.8565162921875 0.06271990468750001 0.8580510484375001 0.0673618953125 0.8547820968750001 0.07411581874999999 0.855816271875
1 0.0885762625 0.789402 0.0640906265625 0.777693209375 0.057728371875 0.7698207828125 0.0355447546875 0.7631601375 0.03664035 0.78668300625 0.047417571874999995 0.79123605 0.07477203125000001 0.7986084265625 0.073268790625 0.79130314375 0.0885762625 0.789402
1 0.08828501875 0.7319606375000001 0.089867621875 0.724155040625 0.05092668125000001 0.7101443828125 0.0329915953125 0.7083427828125 0.03366828125 0.7228715015625 0.0369742546875 0.7249881984375001 0.059347959375 0.732393859375 0.0770373 0.7285580234375 0.08828501875 0.7319606375000001
1 0.081822090625 0.67551990625 0.106847590625 0.6747530546875 0.0845956265625 0.6667469640625 0.0751739828125 0.6543378921875 0.0344069625 0.649333690625 0.030354625000000003 0.6517259796875 0.030595506249999998 0.656897803125 0.05762230625 0.6771207046875001 0.07337705312500001 0.6803732765625 0.085559003125 0.6865278859374999 0.081822090625 0.67551990625
1 0.0371062765625 0.586955484375 0.03576715 0.593560221875 0.0405997109375 0.5991643265625 0.104756721875 0.621281190625 0.1054871546875 0.6176786062499999 0.0897985421875 0.6018336359374999 0.0699284421875 0.5918928546875 0.041626529687500004 0.5842869625 0.0371062765625 0.586955484375
1 0.054477915625 0.530715246875 0.0608401703125 0.538587675 0.089454390625 0.55446619375 0.121424384375 0.5636065765625 0.1301525796875 0.5499969046875 0.1071013515625 0.536119909375 0.070394084375 0.52581195 0.057103257812499995 0.52757969375 0.054477915625 0.530715246875
1 0.0931381453125 0.46270017656249995 0.0819857078125 0.4637340890625 0.0791168890625 0.468070503125 0.082758515625 0.47464195625 0.10381955000000001 0.483615390625 0.12359436718750001 0.48911964374999994 0.141987684375 0.48671818437500003 0.12933200625000002 0.48044681718750004 0.12700304843750002 0.47230758906250003 0.0931381453125 0.46270017656249995
1 0.1608730953125 0.4131988609375 0.1377001265625 0.3999222953125 0.10762504375 0.39124894375 0.0955251515625 0.39204934375 0.09690665312499999 0.39995505625 0.123260746875 0.417167834375 0.1608730953125 0.4131988609375
1 0.11720002031250001 0.32930448437500004 0.11573915625 0.3365096515625 0.1469787171875 0.349252615625 0.1544366203125 0.3517211703125 0.1763762796875 0.3514546328125 0.17496832499999998 0.3485858796875 0.18080124687500002 0.3443495828125 0.1483707515625 0.33257396093749997 0.11720002031250001 0.32930448437500004
1 0.1403092984375 0.2643914203125 0.1261927578125 0.26532521875000004 0.1274525203125 0.2738313609375 0.1434375171875 0.2784015515625 0.1553627625 0.288275503125 0.1656630296875 0.291444603125 0.178493353125 0.28704161875 0.19566928125 0.290644465625 0.16873295 0.27139687968750004 0.1403092984375 0.2643914203125
1 0.205175428125 0.2192265171875 0.17204095625 0.2060165203125 0.1596023015625 0.2035812515625 0.15211794843749998 0.2061496578125 0.1484234125 0.209652125 0.152186778125 0.215623146875 0.18211366874999999 0.2299338890625 0.20958986406250002 0.236705834375 0.2033228953125 0.233269934375 0.207652578125 0.22172835468750002 0.205175428125 0.2192265171875
1 0.1940440546875 0.1710916984375 0.2129931546875 0.1757620046875 0.236271940625 0.1688907328125 0.2134377359375 0.158849834375 0.1744703390625 0.1498761359375 0.166160265625 0.151610596875 0.173930478125 0.1623517765625 0.1940440546875 0.1710916984375
1 0.18712062499999998 0.112015728125 0.2186301203125 0.1185208734375 0.246497984375 0.1184545671875 0.21696276406249998 0.097305575 0.1875652046875 0.09510355781249999 0.176169290625 0.0973383328125 0.1735439484375 0.1004738859375 0.18712062499999998 0.112015728125
1 0.20374077031249999 0.10854680624999999 0.1955524359375 0.1096808359375 0.207869353125 0.1127165359375 0.20374077031249999 0.10854680624999999
1 0.230343484375 0.055842584375000004 0.20855201874999998 0.05047173125 0.1805624140625 0.0511384671875 0.1805359578125 0.056175428125 0.1876286453125 0.060445271875 0.22229281093750003 0.07592359062500001 0.231211578125 0.071186978125 0.25718453281250003 0.0706536421875 0.2441636390625 0.0661835640625 0.230343484375 0.055842584375000004
1 0.203470590625 0.0019367109375 0.2003582921875 0.007473985937499999 0.20803321874999997 0.0137786390625 0.22921599062500003 0.022151643749999998 0.2490172625 0.0226189359375 0.257814290625 0.018482753125 0.2428296546875 0.004072159375 0.23726666562499998 0.0020706375 0.203470590625 0.0019367109375
1 0.12280124218749999 0.8659242624999999 0.127390325 0.8727292312499999 0.1510502453125 0.883604071875 0.1688084140625 0.8892417265624999 0.20129181875 0.890943428125 0.171878334375 0.8691940031250001 0.13801343125 0.8595865890625 0.1267392546875 0.8612209343749999 0.12280124218749999 0.8659242624999999
1 0.19153655625 0.8065825453125001 0.171883478125 0.8004778609375001 0.14520654375 0.799576821875 0.1412685296875 0.8042801515625 0.146805065625 0.8113186328124999 0.167987840625 0.8196916375000001 0.1996614484375 0.8401068 0.2012705046875 0.8272642453125 0.2097287703125 0.81989239375 0.19153655625 0.8065825453125001
1 0.2282913421875 0.7626848093749999 0.229048228125 0.7540452671875 0.1736353359375 0.7378661390625 0.16177891875 0.737465678125 0.1552420203125 0.7402675999999999 0.154606871875 0.7483067125 0.1651241625 0.755311909375 0.2207805328125 0.770290175 0.23135073125 0.7672214546875 0.23208116250000002 0.7636188703125 0.2282913421875 0.7626848093749999
1 0.2111734625 0.680291903125 0.1992217640625 0.6754549125 0.174222715625 0.6711848046875 0.1649651890625 0.6726857500000001 0.16411301875 0.6768887640625 0.1743868328125 0.6850948234375001 0.1755513109375 0.6891644359375 0.20314924374999999 0.6953359515625 0.2402481828125 0.6988056593749999 0.23184282656250002 0.696103590625 0.2111734625 0.680291903125
1 0.2462503640625 0.6397632359375 0.2234426109375 0.6246853796875 0.21790607343750001 0.6176468984375 0.17976439375 0.6095071453124999 0.1714543234375 0.61124160625 0.16846376406250002 0.61617845 0.1885508890625 0.6299553312499999 0.20866446875000003 0.6386952499999999 0.22834400000000002 0.639762975 0.2297784109375 0.6375947671875 0.2462503640625 0.6397632359375
1 0.206287746875 0.5719138 0.2386494109375 0.57421593125 0.2464036953125 0.5654097046875 0.2258296171875 0.554034546875 0.20061354687500002 0.545928340625 0.18508905312499999 0.5439933875 0.1813680609375 0.5525328140625 0.206287746875 0.5719138
1 0.21977427968750002 0.5103029718750001 0.251987753125 0.5182424937500001 0.2503627734375 0.5115376406250001 0.2574819140625 0.5107705265625 0.20068751875 0.48668568749999996 0.1928379484375 0.49105538437499996 0.19482814375 0.4959589453125 0.21977427968750002 0.5103029718750001
1 0.293299778125 0.4420549109375 0.28574659062499996 0.43514982812499997 0.2695445703125 0.42674353906249995 0.23815681562500002 0.41963796249999996 0.21456572343750002 0.41823660937499996 0.21181864374999998 0.4219725921875 0.22765544843750002 0.4321801734375 0.23819919375 0.4341484109375 0.24529187812500003 0.43841825625 0.276801371875 0.44492339999999997 0.293299778125 0.4420549109375
1 0.2797811484375 0.35172300624999997 0.2662733 0.349654653125 0.2391094140625 0.3511553375 0.23764855 0.358360503125 0.2520773984375 0.36569933125 0.28157024218750004 0.3723378765625 0.3103855640625 0.3725050859375 0.31881737499999996 0.3701701953125 0.3074479140625 0.3673680109375 0.2797811484375 0.35172300624999997
1 0.272492503125 0.2944483296875 0.262748021875 0.298350996875 0.2666331265625 0.3037215875 0.287572421875 0.31329545468750003 0.3302078984375 0.3238036453125 0.3157102203125 0.3069913265625 0.3053146671875 0.29938569843749996 0.28541811250000004 0.2944818765625 0.272492503125 0.2944483296875
1 0.2811888546875 0.24174384375 0.28116240000000003 0.246780803125 0.29143621406250003 0.2549868609375 0.3168957609375 0.2618922078125 0.34466834375 0.257389371875 0.33745391874999997 0.2537199578125 0.3359506796875 0.24641467499999997 0.2982695 0.2409101609375 0.2811888546875 0.24174384375
1 0.4007163828125 0.2655293859375 0.3953439609375 0.272400921875 0.41579629999999995 0.2843765109375 0.45898756250000006 0.3019564671875 0.46093537968750004 0.2923495796875 0.466985328125 0.2919493796875 0.4526782171875 0.2840101203125 0.44478626875 0.2738693703125 0.4007163828125 0.2655293859375
1 0.4443997421875 0.21199147968749998 0.4157326109375 0.2061868796875 0.403754459375 0.2063868484375 0.4053794375 0.21309170000000002 0.42524953906249996 0.22303248125000003 0.45544636250000003 0.231105403125 0.47986316718750005 0.23334070312500002 0.47454365468750004 0.23013832031249998 0.4814457703125 0.22553510625 0.4443997421875 0.21199147968749998
1 0.32618488437500004 0.186638159375 0.302472053125 0.18583723593749998 0.3012546671875 0.191841540625 0.3044357953125 0.1957777546875 0.3411166109375 0.21112267343750002 0.3674283265625 0.21382500625 0.36687254375 0.20675323906249998 0.37649528593750003 0.203451003125 0.35638170625 0.19471108125 0.32618488437500004 0.186638159375
1 0.4170398921875 0.16048732968749999 0.4202210203125 0.16442354374999998 0.43856142656249997 0.172096003125 0.451704059375 0.175965646875 0.477798753125 0.17483188125 0.4592413234375 0.1633233234375 0.4379368125 0.1555507484375 0.4188395171875 0.15651783125000002 0.4170398921875 0.16048732968749999
1 0.3203041953125 0.1322322359375 0.31850456875 0.136201734375 0.329143596875 0.1426065 0.35934041875 0.150679421875 0.38946841249999997 0.14927885624999998 0.3551694609375 0.1319992453125 0.34780684375000004 0.1339672203125 0.330630915625 0.130364375 0.3203041953125 0.1322322359375
1 0.47122461875 0.0944072125 0.4418535125 0.0871682375 0.4265460390625 0.08906938125 0.4252069140625 0.09567411718749999 0.4395140234375 0.1036133765625 0.4830705015625 0.11939204218749999 0.4844096265625 0.1127873046875 0.495196846875 0.1135546828125 0.4978221890625 0.11041913125 0.47122461875 0.0944072125
1 0.397026740625 0.087467796875 0.3863612578125 0.08609998906250001 0.35135832968749997 0.06738600156249999 0.34365695 0.06611830937499999 0.32358574687499997 0.07188883593749999 0.32355929375 0.076925796875 0.3349023 0.084764940625 0.382492075 0.1002768046875 0.3857437453125 0.090781128125 0.40045134375 0.0902031484375 0.397026740625 0.087467796875
1 0.3346639640625 0.017249659375 0.333690053125 0.022053103125 0.3376968984375 0.0268232640625 0.3750816921875 0.043602559375 0.38474681093749996 0.05481076875 0.39351738125 0.055711546875 0.3909978578125 0.0386992609375 0.37790813437500004 0.024755696875 0.3456946625 0.016816175 0.3346639640625 0.017249659375
1 0.27646360625 0.8930794000000001 0.2660415984375 0.89051073125 0.25855724375 0.8930791375 0.2562706625 0.8994503578125 0.2756538109375 0.9117928609374999 0.2838156921875 0.915695790625 0.329806940625 0.9194658468749999 0.33658731875000003 0.9154630625 0.3012456296875 0.8935134078125 0.27646360625 0.8930794000000001
1 0.33786275312499997 0.830668696875 0.309439103125 0.8236632374999999 0.30020803125 0.8201272218750001 0.297974359375 0.8164245234375 0.2783901109375 0.819793328125 0.27680750781249996 0.827598925 0.2951214625 0.8403083453125 0.31300137031249997 0.845345565625 0.33469755 0.8462798890625001 0.3393395421875 0.8430109375000001 0.33786275312499997 0.830668696875
1 0.3484275625 0.7834682015625 0.3501054515625 0.7800991328125 0.348940971875 0.7760295203124999 0.3403185921875 0.7694913515625 0.318431840625 0.7596839703125 0.2772043203125 0.7520445328124999 0.273848546875 0.75878266875 0.28458286093749996 0.769623965625 0.31475322656250004 0.7827338453125 0.341985946875 0.7907066515625 0.34249935468750003 0.7832679687499999 0.3484275625 0.7834682015625
1 0.354117434375 0.7161531515624999 0.34255740625 0.704477909375 0.311413128125 0.696171471875 0.297418325 0.6965048406250001 0.2944277671875 0.701441684375 0.2973654171875 0.7065787593749999 0.3089519 0.7132170421875 0.328943740625 0.7225573921875 0.355594221875 0.7284953921875 0.3657039171875 0.722791434375 0.354117434375 0.7161531515624999
1 0.3748448484375 0.653174778125 0.3734368921875 0.6503060234375 0.3481255390625 0.6377632890625 0.304907821875 0.6252202921875 0.3039339125 0.6300237359375 0.2958408640625 0.6355942953125 0.30859182500000004 0.6463021921875 0.345420834375 0.6560097203125 0.35883339687500004 0.6536415453125 0.37447963125 0.65497606875 0.3748448484375 0.653174778125
1 0.3214272921875 0.5731830687499999 0.3191407125 0.5795542874999999 0.32846706875 0.58752683125 0.3581769375 0.598001475 0.38720928125 0.6020047828124999 0.393677353125 0.5897293734375 0.383985778125 0.5835581203125 0.3291551234375 0.5694138 0.3214272921875 0.5731830687499999
1 0.3903002671875 0.5327883265625 0.383234034375 0.523481521875 0.35233323437499997 0.5139742234375 0.341302534375 0.5144077078125 0.3346438953125 0.517810059375 0.3522538703125 0.5290851015625 0.3535400890625 0.5325542859375 0.3633798546875 0.5330881468750001 0.397583521875 0.5459312296875 0.4098051515625 0.5445303984375001 0.3903002671875 0.5327883265625
1 0.41384358906249996 0.47554745625 0.41994644374999995 0.4650733390625 0.3934441578125 0.45349795000000004 0.36630672343750004 0.44996167187499997 0.3597698234375 0.45276359375 0.359378153125 0.4596018453125 0.3626810203125 0.462937628125 0.3770145828125 0.46583992968750004 0.39392058125 0.4756805953125 0.400674503125 0.47671477187500005 0.41384358906249996 0.47554745625
1 0.37857587187499997 0.39435515 0.41586538125 0.406697915625 0.43600541406250004 0.41040087812500003 0.44040392656250005 0.4083327859375 0.41830015468750004 0.39468930625 0.37875051875 0.3836808 0.370900946875 0.3880504984375 0.37857587187499997 0.39435515
1 0.3807458546875 0.31986821718749997 0.3817885953125 0.3245382609375 0.3977471375 0.3341454140625 0.42937837031250004 0.340050128125 0.450127096875 0.3407509375 0.42530269687500005 0.32580647812499997 0.4028072515625 0.31900125 0.3840751765625 0.31816704218749997 0.3807458546875 0.31986821718749997
1 0.4665243296875 0.0636183078125 0.49689579687499996 0.06101688125 0.508265259375 0.063819065625 0.492915409375 0.0512097609375 0.482032903125 0.04600585625 0.47637462656249996 0.039567803125 0.46796926875 0.036865734375 0.46250156249999996 0.0393007421875 0.43961445 0.0393337625 0.43625867500000004 0.0460719 0.44216042968749997 0.0513090890625 0.45246069687499996 0.0544781890625 0.4665243296875 0.0636183078125
1 0.4350802671875 0.9252382109375 0.388046275 0.9167981109375001 0.38245683124999996 0.9198335468750001 0.3826474 0.9287066062499999 0.4028562625 0.94188305625 0.422144125 0.9497890312499999 0.4259604 0.9456861328124999 0.46519772656249997 0.948422009375 0.438965371875 0.9306088000000001 0.4350802671875 0.9252382109375
1 0.43499012343750004 0.8520855390625 0.409043621875 0.8475819171874999 0.40036833437499997 0.8511176687500001 0.399394425 0.8559211124999999 0.40966823750000003 0.864127171875 0.42186341406250005 0.8677633015625 0.43794369531250005 0.8767700218750001 0.476191190625 0.8647619375 0.46137067187499997 0.8642613593749999 0.43499012343750004 0.8520855390625
1 0.46899782968750003 0.8119237890625 0.4900164875 0.806386775 0.48860853281249994 0.8035180234375 0.4651920890625 0.7914423203125 0.4385416078125 0.7855043203125 0.43050146875 0.781000959375 0.4110389578125 0.783769334375 0.40945635625000004 0.79157493125 0.4146276765625 0.8004147046875 0.41793054375 0.8037504890625 0.43119491249999997 0.807019703125 0.46899782968750003 0.8119237890625
1 0.4265156859375 0.727062065625 0.42471606250000005 0.731031565625 0.4459941203125 0.7438410984375 0.4633870703125 0.7512800421875 0.505519671875 0.7446425484375 0.48528435312499996 0.7365030578125 0.47583625781250005 0.7291309453125 0.4432575703125 0.722992715625 0.4265156859375 0.727062065625
1 0.5039422109375 0.683732003125 0.515242840625 0.6770606984375 0.5082718921875 0.6721904234375 0.4894445328125 0.6669196859375 0.4717816484375 0.6657185625 0.45579665 0.6611483703125 0.4444007375 0.6633831453125001 0.444956521875 0.6704549125 0.452874921875 0.675558703125 0.46280997343749997 0.6805290937499999 0.4876872828125 0.6853996312499999 0.5039422109375 0.683732003125
1 0.4733429375 0.5942337828124999 0.45852242031249996 0.5937332046875 0.4530547109375 0.5961682125000001 0.45504490468750003 0.6010717718749999 0.465562196875 0.6080769687500001 0.502391203125 0.6177844984374999 0.5128396625 0.6153162078125 0.5289463999999999 0.6192859687500001 0.5050694546875001 0.6045750265625001 0.4733429375 0.5942337828124999
1 0.54046919375 0.5477346203125 0.530751165625 0.546600328125 0.5121937359375 0.5350917703125 0.47133142968749997 0.525651040625 0.46739341718749994 0.5303543687500001 0.4711567828125 0.536325390625 0.489957690625 0.5466330875 0.5068901421875001 0.55143679375 0.5284645859375 0.5529715484375 0.5286127781250001 0.5473341578124999 0.54046919375 0.5477346203125
1 0.551235103125 0.484822815625 0.5408130984375 0.482254146875 0.530729853125 0.48292114531249997 0.4777941109375 0.46924385625 0.470066278125 0.4730131234375 0.47052677656249997 0.47564836093749996 0.48624184374999996 0.48645637343750003 0.517386121875 0.49476280937499995 0.525330978125 0.4948296421875 0.534614959375 0.48829173593749997 0.551235103125 0.484822815625
1 0.5068051421875001 0.40956798125000005 0.48251007343749996 0.40673225 0.47964125468749996 0.41106866406250003 0.483526359375 0.41643925312499996 0.5101239296875 0.43245117187500004 0.5147394656250001 0.4342191796875 0.53099439375 0.43255155156249997 0.5509438578125 0.42738145312500003 0.5535692 0.4242459 0.5068051421875001 0.40956798125000005
1 0.5599365953125 0.3634021859375 0.5625619375 0.360266634375 0.536181390625 0.3480908140625 0.4956578453125 0.341885753125 0.4905553546875 0.34251946875 0.4861303875 0.3496245203125 0.4938053125 0.355929171875 0.5044707953125 0.35729697968749996 0.5281307156249999 0.36817182187499997 0.5371712203125 0.362834778125 0.5599365953125 0.3634021859375
1 0.5491968921875 0.30842911562499997 0.5755350640625 0.3060944875 0.556003725 0.2993893734375 0.5476248218750001 0.291650346875 0.5100653828125 0.2855454 0.502581025 0.28811380625 0.5050317203125 0.2956526046875 0.5241978453125 0.3041590078125 0.5325767484374999 0.3118980375 0.53908719375 0.314133075 0.5491968921875 0.30842911562499997
1 0.57492098125 0.264964865625 0.5757731500000001 0.2607618515625 0.5878730437499999 0.25996145312499996 0.587317259375 0.2528896859375 0.5564164578125 0.2433823875 0.5195609953125 0.2387118203125 0.5092342750000001 0.2405796796875 0.5064871937500001 0.24431566249999997 0.5178302 0.25215480625 0.550382434375 0.2633299953125 0.57076594375 0.2658320953125 0.57492098125 0.264964865625
1 0.537313775 0.20021769687500002 0.5748732140625 0.20632264218750002 0.59705635 0.20485524531250002 0.5734228828125 0.1889434421875 0.556003475 0.1865414578125 0.5392880453125 0.1855738484375 0.5224244234375 0.1902436296875 0.537313775 0.20021769687500002
1 0.5954100578125 0.1344712109375 0.5792080390625001 0.126064921875 0.5442210328125 0.1268983421875 0.5422996671875 0.1314682703125 0.5463065109375 0.1362384296875 0.5611005765625 0.14177596718750002 0.5679497828125 0.1472466734375 0.571617865625 0.148781165625 0.593001740625 0.1414428625 0.5964527984375 0.1391412546875 0.5954100578125 0.1344712109375
1 0.61691028125 0.082400703125 0.5806899640625 0.06969102031249999 0.5605499328125 0.0659880578125 0.5489105421875 0.0694236953125 0.5506572578125 0.0755281171875 0.559983615625 0.083500659375 0.5849826625000001 0.08777076874999999 0.6134327671875 0.08973926875 0.6104951187500001 0.08460219218750001 0.61691028125 0.082400703125
1 0.60841108125 1 0.6034468000000001 0.9976261296875 0.60004865 0.9898538171875 0.609427915625 0.9877524421875 0.611105803125 0.9843833734375 0.5446622109375 0.9686377296875 0.5383687890625 0.970238790625 0.5351347515625 0.9763764968749999 0.5432701796875 0.985316384375 0.5587682203125001 0.9922882984375001 0.5956236828125 0.9969588671875 0.60626054375 1 0.60841108125 1
1 0.6145196265624999 0.898855178125 0.6044363828125 0.8995221765625001 0.5920241828125 0.892049946875 0.5834970875 0.889948309375 0.54197318125 0.8935836531250001 0.5414597718749999 0.9010223343750001 0.5480655046875 0.9076939015625 0.5851379875 0.9162005687500001 0.6244017703125 0.9138994874999999 0.6250104624999999 0.910897334375 0.6145196265624999 0.898855178125
1 0.590515553125 0.840612890625 0.603806378125 0.838845146875 0.61422838125 0.8414138156250001 0.615080553125 0.8372108015625 0.627302184375 0.835809971875 0.591595278125 0.8156616078125 0.5688299031249999 0.8150942000000001 0.5577039203124999 0.8110911546875 0.5478376984375 0.815594253125 0.5478112453125 0.8206312125 0.5541735 0.8285036390625 0.5751392484375 0.833040546875 0.590515553125 0.840612890625
1 0.6060028140625 0.7593212546875 0.6015354703125 0.7519158578125 0.595850740625 0.750514765625 0.5802997890625 0.753616771875 0.56657491875 0.74771231875 0.56489703125 0.7510813875 0.5556395046875 0.75258233125 0.5563170265624999 0.7590536671875 0.5701371828124999 0.7693946484375 0.604367303125 0.7772007703125 0.637215921875 0.77710118125 0.6060028140625 0.7593212546875
1 0.6317269046875 0.7158570046875 0.62949323125 0.71215430625 0.6336747218750001 0.7062501171875 0.611570946875 0.6926066359374999 0.5805484078125 0.6836997671875 0.5677445375 0.6830657921875 0.55800005625 0.6869684578124999 0.557973603125 0.69200541875 0.5677869156249999 0.6975762390625 0.58236395625 0.699277678125 0.6274501265625 0.717324665625 0.6317269046875 0.7158570046875
1 0.5629594953125 0.6232559921874999 0.56317651875 0.6270920890625 0.5788915859375 0.6379001015625 0.60209100625 0.64613970625 0.613973875 0.6415032093749999 0.63307116875 0.640536128125 0.6116713734375 0.6283270234375 0.576980753125 0.6178856625 0.5629594953125 0.6232559921874999
1 0.5815220671875 0.5660484078125 0.57330728125 0.572219396875 0.5923516656250001 0.5813262328125 0.6178112140625001 0.588231578125 0.6403860203125 0.579925928125 0.635553459375 0.5743218234375 0.61116310625 0.5670495625 0.5920658109375 0.5680166453125 0.5815220671875 0.5660484078125
1 0.5795264828125 0.5170130734375 0.5962154578125001 0.523017640625 0.6182504015625 0.5271876328125 0.6530203828125 0.5225181140624999 0.6536555328125 0.5144790015625 0.604604890625 0.5061723015624999 0.5797964140625 0.510775253125 0.5795264828125 0.5170130734375
1 0.63648474375 0.44216001406250005 0.6157624703125 0.43642224531249996 0.596543440625 0.437989759375 0.5945003359375 0.44316011875 0.6024187390625 0.44826390937499994 0.6584138703125 0.46647784375 0.663272884375 0.4670449890625 0.6712706484375001 0.4570379015625 0.6599011875 0.45423571875 0.63648474375 0.44216001406250005
1 0.6774210203125001 0.39235808906249997 0.6725884609375 0.3867539828125 0.654004575 0.380282384375 0.607918040625 0.3720758015625 0.6005554234375 0.3740437765625 0.598512321875 0.3792141375 0.6142273874999999 0.3900221484375 0.6225110046875 0.393324646875 0.6526125421875 0.39696104062500004 0.671831575 0.39539352656250004 0.6774210203125001 0.39235808906249997
1 0.6284708078125 0.319771778125 0.6317736734375 0.3231075609375 0.6585458921875 0.3284451296875 0.6880651921875 0.33004671406249997 0.67140266875 0.3190051875 0.65719084375 0.31550245781249997 0.631122603125 0.311599265625 0.6284708078125 0.319771778125
1 0.6389403312499999 0.268134753125 0.634298340625 0.2714037046875 0.6364102734375 0.27570683281249997 0.6806971828124999 0.28788291718750003 0.70902555 0.29045184687500003 0.711068653125 0.2852814875 0.6991434078125 0.2754075375 0.6764309390625 0.264766209375 0.6389403312499999 0.268134753125
1 0.6980529 0.2120952703125 0.6749487625 0.20829219375000002 0.6524004125 0.21156088281250002 0.6494098546875 0.216497728125 0.653660175 0.2200670265625 0.6918971375 0.2326433078125 0.702832553125 0.2277732953125 0.72214686875 0.23064231093749998 0.7237030171875001 0.22787367343749998 0.6980529 0.2120952703125
1 0.74321304375 0.1708996046875 0.6859052421875 0.15425344531250001 0.6678771421875 0.1548536140625 0.66879814375 0.1601240890625 0.6758908296875 0.164393934375 0.710459709375 0.1754357234375 0.74321304375 0.1708996046875
1 0.6886045546874999 0.091875240625 0.6850317593749999 0.094777278125 0.6866567375 0.10148212968749999 0.738428003125 0.11108980625 0.7436522328125 0.109855659375 0.7446261421875 0.105052215625 0.7392113421875 0.0974133015625 0.72478249375 0.090074475 0.6886045546874999 0.091875240625
1 0.7012301296875 0.8489872093749999 0.7102441796875001 0.848687125 0.733904103125 0.8595619687499999 0.766265765625 0.8618641 0.7581567953125 0.8478872515625 0.7373392375 0.8377129546875001 0.6973026499999999 0.8291061703124999 0.6874364296875 0.8336092687500001 0.6874099765625 0.8386462281249999 0.6945026609375 0.842916071875 0.6953972078125 0.8532235078125 0.7012301296875 0.8489872093749999
1 0.7184112015624999 0.7838739125 0.724069478125 0.7903119656250001 0.7582043140625 0.7936815578124999 0.7622640656249999 0.7883777984375 0.7755548890624999 0.786610053125 0.761803565625 0.785742559375 0.7500953421875 0.7797047078125 0.74681893125 0.7713319656250001 0.7303469781249999 0.769163496875 0.7128322875 0.762324984375 0.6977682921875 0.7630252671875 0.6969161203125 0.7672282796875 0.70682471875 0.7772356296875 0.7184112015624999 0.7838739125
1 0.7383128984375 0.72006159375 0.7679539375 0.7210627484375001 0.7789581796875 0.725666225 0.7705792796875001 0.7179271953125 0.7455114015625 0.7041836 0.74352120625 0.6992800406249999 0.7467552421875 0.693142334375 0.7441563546875 0.691240928125 0.737497715625 0.6946432812500001 0.7143671234375 0.6958771640625 0.7078302234375 0.6986790859374999 0.708751225 0.7039495609374999 0.727186915625 0.7160585484374999 0.7383128984375 0.72006159375
1 0.77390320625 0.6720942453125 0.785299121875 0.6698594703125 0.755615709375 0.6543478671875 0.7459505890625 0.64313965625 0.737058278125 0.6428393078125 0.7292880687500001 0.632098128125 0.7232381218749999 0.632498328125 0.7159019578125 0.62942934375 0.70732195625 0.6374016250000001 0.7082429578125 0.6426721 0.7296162984375 0.6599181625 0.7517465249999999 0.668524684375 0.77390320625 0.6720942453125
1 0.811859459375 0.602644796875 0.7893640140625 0.59583956875 0.7774387703125 0.5859656171875 0.7672602421875 0.5821960875000001 0.75882843125 0.584530978125 0.7379579656249999 0.5844306015625 0.7345069078125 0.5867322078125 0.735549646875 0.5914022515624999 0.7552980109375 0.6019434640625 0.769388096875 0.6060466250000001 0.793492596875 0.6000092984375 0.811859459375 0.602644796875
1 0.8211645046875 0.546938159375 0.8209474796875 0.5431020609375 0.7875695312500001 0.531092925 0.7558165609375 0.525788640625 0.7445423843750001 0.5274229859374999 0.7434467375 0.532826859375 0.7720609578125 0.5487053796875 0.7852035890625 0.552575025 0.80631753125 0.551474540625 0.8122721921875 0.5466378125 0.8211645046875 0.546938159375
1 0.7471199609375 0.46564521093750005 0.7430602078125 0.47094896875 0.754281475 0.47938854375 0.790380053125 0.49269865625 0.8238109093749999 0.49463387187499996 0.8198305203125 0.48482675156250005 0.7977002921875 0.47622023125 0.75329164375 0.46464458124999997 0.7471199609375 0.46564521093750005
1 0.7489935562500001 0.40243305781250005 0.7549905953125 0.41210677812499996 0.7856214640625 0.427851896875 0.8140451140625 0.4348573578125 0.8112292046875 0.4291198515625 0.8267801546875001 0.42601784531250003 0.8010083 0.4108398734375 0.76216264375 0.4012657453125 0.7489935562500001 0.40243305781250005
1 0.8109644140625001 0.36664152968749997 0.8322000953125 0.3649406171875 0.82855846875 0.358369165625 0.8247686484375001 0.357435103125 0.8231436671875001 0.35073025156250004 0.8083496046875001 0.345192715625 0.7701814703125 0.342089921875 0.763766309375 0.3442914140625 0.764687309375 0.34956188906249996 0.7774647265625 0.355232825 0.778507465625 0.3599028703125 0.8109644140625001 0.36664152968749997
1 0.8005475499999999 0.29535671875 0.826007096875 0.3022620640625 0.8467558234375 0.3029628734375 0.8513978156249999 0.299693921875 0.8215926625 0.284782746875 0.785589371875 0.2759091640625 0.7821118578124999 0.28324773125 0.8005475499999999 0.29535671875
1 0.801648340625 0.221236703125 0.794285721875 0.22320467812499997 0.7922426203125 0.2283750375 0.7962494640625 0.2331451984375 0.8174322343749999 0.241518203125 0.85319205 0.251592646875 0.8616238624999999 0.24925775625000002 0.8518370031250001 0.23864997500000001 0.839546540625 0.230577315625 0.801648340625 0.221236703125
1 0.8498254953125001 0.170067234375 0.8123877937499999 0.16336185625 0.8020610749999999 0.16522971718749999 0.8013306421875 0.1688323 0.8076928953125 0.176704728125 0.8186971390625001 0.1813082046875 0.8467820296875 0.18507799687499998 0.864810128125 0.184477828125 0.86933038125 0.18180930625 0.8498254953125001 0.170067234375
1 0.8598080640625 0.1208319296875 0.8277163312500001 0.1122919796875 0.816929109375 0.11152460156249999 0.81143495 0.1189965671875 0.8296536171875 0.12726945781250001 0.8740622640625 0.13884510781249998 0.8598080640625 0.1208319296875
1 0.7485448328125 0.9394530375000001 0.7413039546875 0.9408205828125 0.728770015625 0.933948784375 0.7225295 0.9254759265624999 0.7032151843750001 0.9226069109375 0.675982465625 0.9146341046875 0.6719227140624999 0.9199378640625 0.6744951484375 0.9268762296874999 0.69681594375 0.944355809375 0.721571515625 0.949826778125 0.7424684328125 0.9448901953125001 0.7485448328125 0.9394530375000001
1 0.902519503125 0.9748808 0.8626311093749999 0.9606366265625 0.8497055 0.9606030796875 0.8477841343750001 0.9651730093750001 0.8529554562499999 0.9740127828125 0.861943053125 0.9787496593749999 0.8636897687499999 0.9848540796874999 0.8743552515624999 0.9862218875 0.9116447609374999 0.998564653125 0.9188856390625 0.9971971078124999 0.902519503125 0.9748808
1 0.917816196875 0.88471610625 0.887375896875 0.8778440468750001 0.881230665625 0.8738077171875 0.872216615625 0.8741078015625 0.86898258125 0.88024550625 0.8710945125 0.884548634375 0.890017159375 0.8942559015624999 0.9140422984375001 0.903329453125 0.9432228359374999 0.9016953703125001 0.9383902765625001 0.8960912640625001 0.917816196875 0.88471610625
1 0.929407821875 0.822638246875 0.94685368125 0.8200032734375 0.9440377718749999 0.8142657671875 0.9369450859375 0.8099959218749999 0.9002378171875 0.7996879625 0.8875821390624999 0.7934165953125001 0.871205471875 0.7956846546875 0.87377790625 0.8026230218749999 0.883226003125 0.809995134375 0.9101887890624999 0.8242057609375 0.9207589875 0.8211370406249999 0.929407821875 0.822638246875
1 0.8983745015625001 0.7254678296875 0.87991235625 0.7183958015624999 0.8758790578125 0.7186626015625001 0.8746616703125 0.72466690625 0.8862217015624999 0.7363421484375 0.9049273234375 0.7422133171875 0.9207641296875 0.7524208984375 0.9599326265625001 0.7456832875 0.9223043546874999 0.7301048531250001 0.8983745015625001 0.7254678296875
1 0.9597366656249999 0.6926784546875 0.9383368687500001 0.68046935 0.9330438093750001 0.6722300078125001 0.89276374375 0.6648240859375 0.8870525578124999 0.6684599515625 0.8878518203124999 0.6743308578125 0.9081824234375 0.6869068765625 0.926766309375 0.6933784765625 0.942317259375 0.6902764703125001 0.9618485984375 0.696981584375 0.9597366656249999 0.6926784546875
1 0.8998510390625001 0.62496215625 0.9389137203125 0.6383723828125001 0.9500661546875 0.63733846875 0.96629463125 0.6407077984375 0.9411314687500001 0.622527675 0.9088227124999999 0.6101516218749999 0.8916203296875 0.6115857375 0.8998510390625001 0.62496215625
1 0.8928852328125 0.5513757375 0.8936844953125 0.5572466421875 0.9140150968749999 0.5698226625 0.9565288359374999 0.5809312828125 0.957746221875 0.5749269781249999 0.971497546875 0.575794471875 0.943005065625 0.5593155234375 0.8974054859375 0.548707215625 0.8928852328125 0.5513757375
1 0.97152914375 0.5020413703125 0.9706081421875 0.49677089375000005 0.9795269078125 0.49203428281250006 0.9719472671875 0.490166159375 0.9617422843749999 0.4914335890625 0.9360392609374999 0.48572910468749997 0.9089971109375 0.48662935625000003 0.9058848156250001 0.49216663125000004 0.9164021046874999 0.499171828125 0.9521619171875001 0.5092462734375001 0.9623933546875 0.502941884375 0.97152914375 0.5020413703125
1 0.9047943078125 0.4288543640625 0.908435934375 0.43542581562500005 0.93063499375 0.453505825 0.9493406156249999 0.45937699218750006 0.96501330625 0.45567455625 0.941623315625 0.4385618921875 0.923648125 0.42908814375000004 0.90848884375 0.42535189687499997 0.9047943078125 0.4288543640625
1 0.9829248093749999 0.3869586765625 0.9662622875 0.3759171515625 0.9389078312500001 0.368544775 0.917089909375 0.36821088125 0.9185931515625001 0.3755161625 0.9339694546875 0.38308850781250003 0.9406969234375 0.38915964375 0.9769436921875 0.396832365625 0.9869051984375 0.39676579843750004 0.9883396078125 0.394597590625 0.9829248093749999 0.3869586765625
1 1 0.327696590625 0.9784361515625 0.315874096875 0.942311121875 0.30760094531250004 0.92865508125 0.31116998125 0.9287503671874999 0.31560651093750003 0.939632871875 0.32081041718750003 0.9690992640625 0.332485921875 0.9745669703125 0.330050915625 1 0.32967015312500003 1 0.327696590625
1 1 0.26276109999999997 0.984681809375 0.2556308140625 0.96155121875 0.2568646984375 0.9411677078125 0.25436259687499996 0.933900375 0.260767103125 0.945486859375 0.267405384375 0.984332515625 0.27697951249999997 0.9987878171875 0.2792813828125 1 0.2792011984375 1 0.26276109999999997
1 1 0.20513968125 0.9981154374999999 0.20409390468750002 0.9589045625000001 0.1963210671875 0.9488213203125 0.196988065625 0.9463177171874999 0.1995231890625 0.948186171875 0.2050271796875 0.9555223359375 0.20809616250000001 0.9866666125 0.21640259999999997 1 0.2167593078125 1 0.20513968125
1 1 0.152232284375 0.9892706421874999 0.1495878640625 0.954310090625 0.1453843265625 0.9462170421874999 0.1509548859375 0.9547176828125 0.1580934828125 1 0.169870559375 1 0.152232284375