1 0.024343546875 0.10621145937500001 0.0664752359375 0.10654109687499999 0.0895794171875 0.101525265625 0.094903965625 0.0965302265625 0.10227079218749999 0.0944692515625 0.0956983703125 0.0940980390625 0.09171845625 0.0900295453125 0.070962609375 0.087148934375 0.0420106453125 0.08816160468749999 0.0300439125 0.091585671875 0.0210533921875 0.0979111390625 0.024343546875 0.10621145937500001
1 0.0250648546875 0.16689734375 0.041430089062499995 0.174740328125 0.05177313125000001 0.17558075312500002 0.075051721875 0.17356432500000002 0.082174375 0.167304190625 0.107076659375 0.16102326718749999 0.09275370625 0.1561143484375 0.095171803125 0.14941766875 0.068122590625 0.150964884375 0.028347121875 0.1589682359375 0.0239216265625 0.1633307296875 0.0250648546875 0.16689734375
1 0.060516140625000006 0.22937395624999998 0.0994972046875 0.22380279062500003 0.09904373749999999 0.2160043515625 0.08787140624999999 0.2169962328125 0.07154105468750001 0.20975312656249998 0.049231278125 0.2123367703125 0.0309362984375 0.219588784375 0.031320003125 0.22618746406249998 0.060516140625000006 0.22937395624999998
1 0.036571453125 0.28431049375 0.0760757515625 0.28773753125 0.086724846875 0.27774745 0.1089997390625 0.2745639265625 0.085267678125 0.268781915625 0.090313165625 0.258987834375 0.0778794640625 0.2624282359375 0.062434665624999997 0.2623673578125 0.03331618125 0.27661005312500003 0.032626421875 0.28084188125 0.036571453125 0.28431049375
1 0.0346653703125 0.34809377656249996 0.062648515625 0.34651389374999997 0.0829160125 0.340996184375 0.099998 0.32897779531250004 0.0997887078125 0.3253785171875 0.0356960625 0.3336313234375 0.030336632812499997 0.338026484375 0.0307203390625 0.3446251640625 0.0346653703125 0.34809377656249996
1 0.04174980625 0.40555159375 0.054170009374999994 0.40992596406250004 0.09052368125 0.4074522 0.114352503125 0.3988044234375 0.10787683906250001 0.384003425 0.07619284062500001 0.386313853125 0.04679529375 0.3957575109375 0.03967264375 0.4020176453125 0.04174980625 0.40555159375
1 0.056828951562499994 0.47174627343750003 0.067311521875 0.47498621874999997 0.10086339062500001 0.47261045625 0.1041805390625 0.465281228125 0.1170812078125 0.4618244953125 0.0998866875 0.455813815625 0.08030895 0.457099696875 0.0590377546875 0.46145031249999996 0.054682023437500005 0.46701256718749995 0.056828951562499994 0.47174627343750003
1 0.10127864375 0.5441268453125 0.12514235 0.5360789515625 0.0898542515625 0.524690140625 0.0624292234375 0.535868103125 0.06004600624999999 0.5431646625 0.07146251406250001 0.5463719421875 0.10127864375 0.5441268453125
1 0.10234877656250001 0.610811528125 0.1348271828125 0.6060689125 0.1298435703125 0.6008333265625 0.13157190937500002 0.598368471875 0.1107114140625 0.5936882203125 0.10327482343750001 0.594549434375 0.07180011562500001 0.6004591453125 0.0722187015625 0.60765770625 0.10234877656250001 0.610811528125
1 0.0721456046875 0.670775775 0.0854648609375 0.6745176015625 0.1134828890625 0.6735375984374999 0.14173720625 0.6605273265625 0.1248915078125 0.6605154484375 0.1132657078125 0.653708890625 0.1030273125 0.6546681046875 0.09033593906250001 0.66172411875 0.0744939375 0.6628793328125 0.0721456046875 0.670775775
1 0.0888484421875 0.7327059640625 0.095630159375 0.73667645625 0.1078061859375 0.7368516656249999 0.1411487625 0.7308766234374999 0.14384591875 0.7289789828125001 0.1412804046875 0.7170467171875 0.147713296875 0.715018409375 0.120629203125 0.7159657453125 0.090193078125 0.723642428125 0.0858024640625 0.728604803125 0.0888484421875 0.7327059640625
1 0.10254018281249999 0.791134871875 0.1408663703125 0.7903954140625 0.1639705515625 0.7853795828125001 0.1427263515625 0.7741006515625 0.124047665625 0.7747539875 0.1037104078125 0.7790719359375 0.094859415625 0.7877969234375 0.10254018281249999 0.791134871875
1 0.107617221875 0.8462584984375001 0.135914309375 0.8500775359375 0.16690066406249998 0.8357695062499999 0.1403667984375 0.8300854953125001 0.109477203125 0.8299637390625 0.0949877234375 0.8382848453125 0.0970648875 0.8418187937500001 0.107617221875 0.8462584984375001
1 0.11719285312500001 0.8339015640625 0.12483873906250001 0.8366396296874999 0.1293339984375 0.8334768953125 0.11719285312500001 0.8339015640625
1 0.121580134375 0.89325701875 0.143060621875 0.8925056843749999 0.15761986562500002 0.8853843359375 0.17062518124999998 0.8837272421875 0.145959184375 0.8779778968749999 0.1381040046875 0.8716405515625001 0.10299820781249999 0.8794805671875 0.0956662609375 0.882141421875 0.0950113875 0.8869731281250001 0.121580134375 0.89325701875
1 0.142394525 0.9454257937499999 0.14796325 0.9446299125 0.16418106875 0.9338439515625 0.1563607703125 0.9281064828125001 0.137437909375 0.9245606609375001 0.11613183125 0.9283113953125 0.1079706 0.93280455625 0.11018729062499999 0.9387380249999999 0.142394525 0.9454257937499999
1 0.15312182968750002 0.0999038078125 0.163639284375 0.10374363281250001 0.197191153125 0.10136786874999999 0.228142625 0.08645995937499999 0.19697397187500001 0.0815391625 0.179298984375 0.08335958906249999 0.155295753125 0.08900796562499999 0.1500060859375 0.0946028875 0.15312182968750002 0.0999038078125
1 0.1879182421875 0.1672121265625 0.2074610953125 0.1653263640625 0.226585365625 0.15624204218749999 0.2195245890625 0.147472509375 0.219725996875 0.1348423609375 0.1868020078125 0.148015965625 0.16549593125 0.1517667015625 0.1592723328125 0.1573942875 0.1623880765625 0.1626952078125 0.1879182421875 0.1672121265625
1 0.1697864515625 0.22555194374999998 0.18113319375 0.2275594640625 0.2360957859375 0.22323260312499998 0.23654136874999998 0.21480161718750002 0.2402771046875 0.21467095 0.2400678109375 0.21107167031250001 0.230414528125 0.2059994171875 0.175382171875 0.209126515625 0.164419134375 0.213717678125 0.1639386703125 0.221548784375 0.1697864515625 0.22555194374999998
1 0.1640748671875 0.28826613437500004 0.17268956875000002 0.291571415625 0.19707650625 0.2925217171875 0.20911300625 0.2902974109375 0.2309344296875 0.279315446875 0.23930495624999998 0.278421565625 0.2035015125 0.27426398281250003 0.1763825375 0.274611440625 0.1747239609375 0.27827605312500003 0.1638306921875 0.284066975 0.1640748671875 0.28826613437500004
1 0.16964025625 0.351788084375 0.20706739375 0.3516811734375 0.213290990625 0.3460535859375 0.2370500484375 0.3362060484375 0.22106852031250002 0.33496174375 0.21999505468749997 0.332594890625 0.2011070765625 0.329648946875 0.180769815625 0.3339668953125 0.15977768125 0.3431165515625 0.1619594890625 0.3484501375 0.16964025625 0.351788084375
1 0.18091390000000002 0.41691367343749997 0.20602547968749998 0.4142320296875 0.2271571453125 0.40748189375 0.220960540625 0.397479934375 0.18982676874999999 0.393159015625 0.163475203125 0.406703834375 0.16586630468750002 0.4156367 0.18091390000000002 0.41691367343749997
1 0.17298562343749999 0.4736943953125 0.23033143125 0.46207097499999994 0.22365436249999998 0.45990012187499996 0.22610734375 0.453803321875 0.194353578125 0.454913990625 0.16865688750000002 0.4636271015625 0.166099259375 0.46792426249999997 0.17298562343749999 0.4736943953125
1 0.199620803125 0.5454958750000001 0.23047551562500002 0.545017753125 0.24704215624999998 0.5402305921874999 0.25516850625 0.53513755 0.2398418546875 0.5290615375 0.208952259375 0.5289397796875 0.2016203125 0.5316006359375 0.191312153125 0.531360090625 0.17485015937499998 0.537946890625 0.17696220468749999 0.5420807187500001 0.199620803125 0.5454958750000001
1 0.216951521875 0.618223903125 0.230096365625 0.61896633125 0.258559975 0.6095553390624999 0.2697671875 0.6091633390625 0.2620515375 0.6052255125 0.2345837390625 0.59957416875 0.20559689374999998 0.5999869578125 0.1908632390625 0.60410890625 0.19128182656249998 0.6113074671875001 0.216951521875 0.618223903125
1 0.22773681250000002 0.6749511734375 0.24734943125000003 0.6742651703125 0.2582775859375 0.6690741296875 0.2743558734375 0.655888646875 0.23232883124999998 0.6573586515625001 0.21109251874999999 0.662309146875 0.206667025 0.6666716390625 0.21542125625000003 0.6723764421875 0.22773681250000002 0.6749511734375
1 0.232744084375 0.728875040625 0.2693768171875 0.7312003171875 0.271794915625 0.7245036375 0.2791617421875 0.7224426625 0.2533176359375 0.7125268234375 0.22813629062500002 0.7140087078125 0.21724302031249998 0.7197996296875 0.21658814531249998 0.7246313359375 0.232744084375 0.728875040625
1 0.376744375 0.726843759375 0.3856302484375 0.7187186515625 0.400329021875 0.7139968234375 0.39462076874999996 0.712393184375 0.394062653125 0.7027951031249999 0.350551446875 0.710929121875 0.3294546625 0.7182791374999999 0.3336438703125 0.7259469109375 0.376744375 0.726843759375
1 0.3399339015625 0.7858369125 0.36802169375 0.7860566703125 0.40513488906250006 0.7805508390625 0.3991824609375 0.7747480390625 0.40468141874999997 0.7727523984375 0.38112376875 0.7699697890625 0.35127275468749997 0.7716150046875 0.331005259375 0.7771327125 0.328552278125 0.7832295140625 0.3399339015625 0.7858369125
1 0.22931106875 0.7824930296875 0.25200454843750003 0.78650806875 0.2818555640625 0.7848628515625 0.302192825 0.780544903125 0.293473475 0.7754399828125 0.29495764062499996 0.7687759703125 0.26953212031249996 0.7660586921875 0.232523571875 0.7733641625 0.22896224687500003 0.7764942296874999 0.22931106875 0.7824930296875
1 0.33618694374999997 0.8340559828125 0.354245634375 0.838834234375 0.3755865953125 0.8356833781249999 0.394815509375 0.828398696875 0.37011463125 0.822049471875 0.3570744328125 0.8231066859375 0.3385701578125 0.8267594218750001 0.335008834375 0.8298894890625 0.33618694374999997 0.8340559828125
1 0.2486412984375 0.8413258171875 0.265486996875 0.841337696875 0.2722338296875 0.8447083093750001 0.30723498125000004 0.8350686515625 0.2787286015625 0.8276503343750001 0.2488775859375 0.8292955515625 0.23787966875 0.83328683125 0.23905777968750003 0.8374533265625 0.2486412984375 0.8413258171875
1 0.34874334375 0.9051477046875 0.37769530625000003 0.9041350343750001 0.4051901 0.8941568312499999 0.4031129375 0.890622884375 0.3927350140625 0.889182578125 0.3923513078125 0.8825838984375001 0.34873545625 0.8889182765625 0.3340366828125 0.8936401046875 0.3344203890625 0.9002387859375001 0.34874334375 0.9051477046875
1 0.252373703125 0.9055129796875001 0.259880059375 0.9058515265624999 0.295745378125 0.8949794421874999 0.3060884203125 0.89581986875 0.3097195109375 0.8938895609375 0.295789259375 0.8903694734375 0.2939742703125 0.8806149890625001 0.24655291406250002 0.8858802718750001 0.2346908265625 0.89110398125 0.23403595312499997 0.8959356890624999 0.252373703125 0.9055129796875001
1 0.23693118124999998 0.9457257312499999 0.2372102390625 0.95052476875 0.24765792812499998 0.9531648359375 0.2794116921875 0.9520541671875 0.29376164375 0.9413335390625001 0.2984583078125 0.9255406562499999 0.28998313593749997 0.924634896875 0.279264278125 0.9334252203125001 0.241391559375 0.941963115625 0.23693118124999998 0.9457257312499999
1 0.28975529375 0.0999334984375 0.30002857031249996 0.0995741640625 0.3236908671875 0.104156415625 0.360315709375 0.0902522671875 0.3543981640625 0.085049346875 0.310084665625 0.0793861234375 0.3017839046875 0.0814797640625 0.2816559375 0.0893969921875 0.2829735765625 0.09596300625000001 0.28975529375 0.0999334984375
1 0.310166871875 0.17736256718750001 0.3127942640625 0.17426516718750001 0.3220638421875 0.17273873906249998 0.35008187031250004 0.17175873749999998 0.35315484375 0.16023035000000002 0.34917493125 0.15616185625 0.3283842 0.1526813640625 0.3106743328125 0.15390191250000002 0.29151518125 0.1623863546875 0.2919686515625 0.17018479687500002 0.310166871875 0.17736256718750001
1 0.281692040625 0.2348619609375 0.32199074375 0.23585680937500003 0.344160990625 0.23087364843749997 0.3532561578125 0.22634781875 0.35491473125 0.22268320468749997 0.35377150468749996 0.21911659218750001 0.348098134375 0.21811283124999997 0.34861348125 0.21088160625 0.32159915156249996 0.21302870000000002 0.2910932625 0.21950562499999998 0.2794055859375 0.2277287328125 0.281692040625 0.2348619609375
1 0.2934461484375 0.2921564421875 0.306730521875 0.29529838750000004 0.3375154703125 0.293620503125 0.3501021984375 0.28476484687500003 0.36203405 0.2807409015625 0.3531751734375 0.2732364609375 0.32699013125 0.27355125 0.3066877515625 0.27846908125000003 0.2947559015625 0.282493028125 0.2912643390625 0.2868228546875 0.2934461484375 0.2921564421875
1 0.290954953125 0.361971190625 0.3338112828125 0.3586688796875 0.35961261875 0.35175541093749996 0.361340959375 0.34929055781249996 0.3612363140625 0.34749091718749997 0.346153834375 0.345614065625 0.33369874843749997 0.34063981249999997 0.29731019375 0.342513696875 0.28371976875 0.35020225781250003 0.29067589531250004 0.357172153125 0.290954953125 0.361971190625
1 0.3065145625 0.420334765625 0.36064786875 0.4178402125 0.37071185156249997 0.4138816 0.36620870625 0.40081490625000005 0.338016265625 0.398795509375 0.3083047796875 0.40284024531249996 0.2983454421875 0.4085984984375 0.29966308124999996 0.41516451249999997 0.3065145625 0.420334765625
1 0.3106576671875 0.4754910609375 0.3211053546875 0.4781311265625 0.3518205390625 0.47525348437500003 0.3598073609375 0.46776092187499996 0.37997020937500003 0.46044357343750003 0.368518821875 0.4566364140625 0.33420743124999996 0.46204424531250005 0.324763440625 0.460571271875 0.323069984375 0.46363600624999995 0.304775003125 0.4708880203125 0.3106576671875 0.4754910609375
1 0.32577169375000004 0.5422856234375 0.3520962640625 0.5443703531249999 0.3789013015625 0.538623978125 0.3745028015625 0.5273569234375 0.3621174796875 0.5235824328125 0.35554505625 0.5232112203125 0.3381142453125 0.5292308078125 0.3240703484375 0.5291209296875 0.32047414218750003 0.531651115625 0.3199239140625 0.5382824625 0.32577169375000004 0.5422856234375
1 0.3678302859375 0.605733328125 0.3907251734375 0.59711821875 0.386815025 0.5942494859375 0.367132640625 0.593735728125 0.3299496796875 0.5980417984375 0.32178845 0.602534959375 0.328674809375 0.6083050921875001 0.3678302859375 0.605733328125
1 0.324900859375 0.6721537093750001 0.3428549015625 0.6751323203124999 0.3651995609375 0.6731485593750001 0.39086136875 0.6638355687499999 0.371004575 0.6603224109375 0.340080096875 0.6596007734375 0.32358321874999996 0.66558769375 0.32195952656250004 0.6698521890625 0.324900859375 0.6721537093750001
1 0.3619467328125 0.9551782921875 0.366825696875 0.9586142375 0.37519622343750003 0.95772035625 0.38145470625 0.9526926484375 0.3925223875 0.949901128125 0.408844853125 0.9409148046875 0.397637640625 0.9413068078125001 0.369061496875 0.9326887296875 0.3544324890625 0.93861031875 0.34419409375 0.9395695328125001 0.337865846875 0.9433974812500001 0.340152303125 0.9505307078125 0.3619467328125 0.9551782921875
1 0.40950817187500005 0.099351434375 0.45544536406249997 0.10075016249999999 0.45987085937499994 0.09638766875 0.4872610078125 0.084609825 0.44951993124999995 0.0793178171875 0.44643906875 0.074616775 0.4270008609375 0.078302178125 0.4059738421875 0.086851953125 0.40459432656249994 0.09531560781250001 0.40950817187500005 0.099351434375
1 0.4201618234375 0.16990860937500002 0.4454826953125 0.1708262484375 0.47225284843750004 0.16447999062500002 0.486436275 0.1669893890625 0.4516286421875 0.1477694734375 0.43509688437499994 0.1531565140625 0.4229906203125 0.1541810609375 0.41209735 0.1599719828125 0.4123764078125 0.1647710234375 0.4201618234375 0.16990860937500002
1 0.431609878125 0.23803359999999998 0.43987575625 0.235340078125 0.4660607984375 0.23502528906250003 0.48999426718750005 0.2281771515625 0.4917226078125 0.22571229843750001 0.472450921875 0.216167671875 0.435783309375 0.2132425171875 0.42270822968750005 0.21369985156250002 0.419112021875 0.2162300390625 0.41299306874999997 0.223657265625 0.41344653906250006 0.23145570625 0.431609878125 0.23803359999999998
1 0.43592739218750004 0.29618929375 0.46778580468750003 0.2968782625 0.47778002500000005 0.2917198875 0.4981521671875 0.2880018203125 0.458919040625 0.273144396875 0.4413487 0.276764465625 0.41935286562499996 0.284747028125 0.42053097343749996 0.28891352187499997 0.43592739218750004 0.29618929375
1 0.43952026718750004 0.35797693750000004 0.45536226874999997 0.35682172031250003 0.472347496875 0.3592331203125 0.4909913 0.35797990468749996 0.4982883625 0.3547191703125 0.48842578750000004 0.3460476375 0.47316889843750004 0.34117138593749996 0.448816840625 0.3408209625 0.4386830921875 0.3435798171875 0.43045209531250006 0.3468732171875 0.42896793125 0.3535372296875 0.43952026718750004 0.35797693750000004
1 0.4330142765625 0.42312331406250003 0.44719770312499996 0.4256327125 0.47881193906249997 0.422122521875 0.5035398125 0.41284219999999994 0.48766292968749997 0.41339753437500004 0.478044528125 0.40892516093750003 0.44165597500000003 0.4107990453125 0.4306929390625 0.41539020625 0.4281353109375 0.4196873671875 0.4330142765625 0.42312331406250003
1 0.436022040625 0.490942421875 0.4762160984375 0.49013763125 0.4954450125 0.48285295 0.50485411875 0.48372604218750004 0.49350737968749997 0.4817185234375 0.49412737343749996 0.47628693593750004 0.473371525 0.4734063234375 0.45659558906250003 0.47459420625000004 0.4372969109375 0.48067912812499997 0.432906296875 0.4856415015625 0.436022040625 0.490942421875
1 0.43456153906250006 0.5462947171875 0.48682697812500003 0.5438655 0.49634073125 0.5465382328125 0.5066140078125 0.5461788984375 0.49125247187500004 0.53950300625 0.48329264531250005 0.53136601875 0.47571652656249996 0.5298277140625001 0.444931575 0.531505596875 0.428504465625 0.538692278125 0.4277100609375 0.541124465625 0.43456153906250006 0.5462947171875
1 0.43061317499999996 0.6071439359374999 0.45413594375 0.609326665625 0.5006582484375001 0.604693928125 0.49858108593750006 0.60115998125 0.4802782171875 0.5921825703125 0.465021328125 0.5873063171874999 0.4603865390625 0.58806953125 0.43289174375000006 0.5980477343749999 0.4284662484375 0.6024102296875 0.43061317499999996 0.6071439359374999
1 0.43438046249999995 0.671930978125 0.473814996875 0.6741582546875 0.50058515 0.667811996875 0.4985079859375 0.6642780515625 0.47674844062500005 0.6602303468749999 0.46885837812500003 0.6532931203125 0.444855146875 0.658941496875 0.43451210468749996 0.6581010703125 0.426350871875 0.6625942328125001 0.42960614374999995 0.670294671875 0.43438046249999995 0.671930978125
1 0.47709393125000005 0.7305469765625 0.48611933125 0.7248213890625 0.50562730625 0.7223357453125 0.48085666250000003 0.7147867609375 0.47199778437499995 0.707282321875 0.4654951265625 0.7081108687500001 0.45646972343750003 0.7138364578124999 0.43706639843749995 0.7181217390625 0.4337143671875 0.7248510875 0.44049608124999995 0.72882158125 0.47709393125000005 0.7305469765625
1 0.4432169 0.775612221875 0.47895057812499997 0.7785700453125 0.5096657625 0.7756924015625 0.5111499265624999 0.7690283890625 0.499733421875 0.765821109375 0.49948924687499996 0.7616219484375 0.49564886093749994 0.759952975 0.47589671093749997 0.758239459375 0.44338342500000005 0.7623821953125 0.4315213375 0.7676059015625001 0.43363338125000006 0.7717397296875 0.4432169 0.775612221875
1 0.4708827734375 0.8329512484375 0.48779823593750005 0.8341628875 0.5124563453125 0.8236828031250001 0.49152608593749997 0.8178027921875 0.45492823906249996 0.8160773953125 0.439400178125 0.8226315312500001 0.45483147968750004 0.8305071828124999 0.4708827734375 0.8329512484375
1 0.45039476250000005 0.8829580781249999 0.45160775624999994 0.8877244531249999 0.48481869062499994 0.8955793156249999 0.5013853296875 0.890792153125 0.503009021875 0.8865276609375 0.500032809375 0.8836262625 0.48065647812499995 0.87228199375 0.476955621875 0.8730125421875 0.46969344218750003 0.87687315625 0.454855140625 0.8791954656250001 0.45039476250000005 0.8829580781249999
1 0.47861875156250006 0.9498951859375 0.5148328953125 0.945021903125 0.5090199953125001 0.9416186234374999 0.5125115578125 0.9372887953125 0.4851484046875 0.9334370906249999 0.4607614671875 0.9324867875 0.45080213125 0.9382450421874999 0.4483142671875 0.9437419640625 0.45893636718749997 0.9493814296875 0.47861875156250006 0.9498951859375
1 0.5656766046875 0.0812659375 0.6310868843749999 0.07957914375 0.6299436578125001 0.0760125296875 0.6212940734375 0.072107371875 0.6255800390624999 0.06534535625 0.6338808015625 0.0632517171875 0.6180388015625 0.06440693125 0.5823051218749999 0.0614491078125 0.56660265 0.06500384375 0.5576470140625001 0.0719291921875 0.5598985875 0.0784625375 0.5656766046875 0.0812659375
1 0.5920406109374999 0.1644978046875 0.6004460203125 0.164203803125 0.6132769234375 0.15954731093750002 0.622790678125 0.1622200421875 0.6344085890625 0.152797175 0.634234178125 0.149797775 0.597147978125 0.13967405625 0.560689659375 0.1403481796875 0.55349724375 0.14540855625 0.552981896875 0.15263978281249999 0.5920406109374999 0.1644978046875
1 0.556826834375 0.23485601093750003 0.56796428125 0.2332642515625 0.589723828125 0.23731195624999998 0.6264533171875 0.22520744375 0.6150019312499999 0.2214002859375 0.6147577562500001 0.21720112500000002 0.6044844781250001 0.21756045937500001 0.5920642734375 0.2131860875 0.5763966859375 0.217340703125 0.5558152484375001 0.2174594921875 0.5486925968749999 0.22371962656250002 0.548037721875 0.2285513328125 0.556826834375 0.23485601093750003
1 0.5555756281249999 0.2938075890625 0.5567188546875 0.2973742015625 0.570588340625 0.29448468125 0.5849810578125 0.3005933578125 0.590584665625 0.3003973578125 0.5958394484375 0.2942025578125 0.6279690296875 0.28346113906250003 0.5966957296875 0.2767407046875 0.5630392140625 0.2773168265625 0.5484799703125 0.28443817656250003 0.546960925 0.290502309375 0.5555756281249999 0.2938075890625
1 0.54910451875 0.359553846875 0.56138519375 0.361528696875 0.5921352609375 0.359250934375 0.615030146875 0.350635825 0.6118446390625001 0.3441351453125 0.6144720296874999 0.34103774531250003 0.6105967625 0.33876889062500004 0.565217690625 0.34696824375 0.5511040296874999 0.3456586046875 0.5410051640625 0.3490173390625 0.5403502875 0.3538490453125 0.54910451875 0.359553846875
1 0.5491011859375 0.4238716765625 0.5835521078125 0.420863365625 0.605582825 0.41348068125 0.5875241328125 0.4087024296875 0.57683226875 0.40186320468750003 0.553623440625 0.40507939375 0.5371963281250001 0.41226607499999995 0.5364716875 0.415898021875 0.5491011859375 0.4238716765625
1 0.55673585 0.47469814218749995 0.5747945421875 0.47947639375 0.5990070703125 0.4774272984375 0.6043665 0.4730321375 0.58398646875 0.460520778125 0.558805125 0.46200266093750003 0.5394366828125 0.466887825 0.5464276906250001 0.4744575984375 0.55673585 0.47469814218749995
1 0.6081686687500001 0.5384190609374999 0.6086491328125 0.5305879546875001 0.5761628390625 0.51910114375 0.5546125875000001 0.5186527187500001 0.5379064171875 0.5210403593749999 0.53732130625 0.5270718265625 0.5603287265625 0.5364857859375001 0.6081686687500001 0.5384190609374999
1 0.5615383859375 0.6055699890625 0.5820500562500001 0.6042514406249999 0.6059835265625 0.5974033046875 0.6171907375 0.5970113031250001 0.6109243671875 0.5858095828125001 0.6062198140625 0.5853730359375 0.550427934375 0.591532203125 0.5421969375 0.594825603125 0.5434448125 0.6001918578125001 0.5615383859375 0.6055699890625
1 0.5453791140625001 0.6656441125 0.59038236875 0.6670755078124999 0.60895640625 0.6646225343750001 0.6143158375 0.660227371875 0.609401990625 0.6561915468749999 0.5913084171875 0.6508134125 0.5621471609375 0.648226803125 0.5538115140625 0.649720565625 0.5373844046875 0.656907246875 0.5386322781249999 0.6622735 0.5453791140625001 0.6656441125
1 0.5986797984375001 0.729299696875 0.61604084375 0.7220803484375 0.587708875 0.71766143125 0.5614889515625 0.717376340625 0.55789274375 0.719906528125 0.5593150296875 0.72827218125 0.5846707828125 0.7297896984375 0.5986797984375001 0.729299696875
1 0.5961458328125 0.7822851390625 0.6192151328125 0.77666943125 0.63190650625 0.7696134171875 0.63065863125 0.7642471625 0.6033303609375 0.7609953375 0.5595052140625 0.7637304375 0.55691270625 0.7674277171874999 0.56089261875 0.7714962078125 0.5961458328125 0.7822851390625
1 0.5871092109375 0.8360991296875 0.6096282796875 0.8371147671875001 0.6361891390625 0.8271692312500001 0.63508079375 0.824202496875 0.6162974625000001 0.8230561937499999 0.6065395312499999 0.8161843 0.5684226375 0.8205230374999999 0.5638924953125 0.8230858921875001 0.5660743046875 0.8284194796875 0.5871092109375 0.8360991296875
1 0.590248615625 0.89008833125 0.647079078125 0.8856961390625001 0.6164955359375 0.8747438750000001 0.5820794968749999 0.8783520656249999 0.57474755 0.8810129203124999 0.5731587390625 0.8858772937499999 0.590248615625 0.89008833125
1 0.618612134375 0.9594249578125 0.6333457890624999 0.9553030109374999 0.63953450625 0.9490755421875001 0.6392554484375 0.9442765015625 0.634446246875 0.9420403171875 0.5838393843749999 0.9408049203125 0.5813864046874999 0.946901721875 0.5843975 0.950403003125 0.618612134375 0.9594249578125
1 0.7315153140625 0.24557663437500002 0.75271674375 0.240026259375 0.7623272578125 0.22826920468749998 0.7311934859375 0.2239482859375 0.7071902546875 0.22959666250000002 0.698645315625 0.22749114375 0.6936617015625 0.2222555578125 0.6914180171875 0.2319516390625 0.684086071875 0.23461249374999998 0.683431196875 0.23944420000000002 0.692220309375 0.24574887968749998 0.7315153140625 0.24557663437500002
1 0.69799499375 0.3128701078125 0.7156002171875 0.30984992031249997 0.7315817453125 0.311094225 0.7358328296875001 0.30373232968749997 0.7477995640625 0.3003082625 0.7610141734375 0.30225044843750004 0.7485939687500001 0.297876075 0.74544334375 0.2919752765625 0.7124765859375 0.288319571875 0.706218103125 0.29334727968749996 0.6942862515625 0.29737122656250004 0.683497628125 0.3049617890625 0.6837418046875 0.30916095 0.69799499375 0.3128701078125
1 0.6904853046875 0.3768493921875 0.712349496875 0.3826967375 0.7182321609375 0.38729977656250003 0.7209641999999999 0.38600201562500003 0.7187126265625 0.37946866875 0.7212702531249999 0.3751715078125 0.7470018265625 0.36705827968750004 0.756027228125 0.3613326921875 0.7449246640625 0.36352433125 0.7165578125 0.358505534375 0.705420365625 0.3600972953125 0.6862263328125 0.3679818578125 0.6846375234375001 0.37284623125 0.6904853046875 0.3768493921875
1 0.6829756140625001 0.440828675 0.690377325 0.43936758124999997 0.6960855765625 0.44097122187500004 0.7049365671875 0.432246234375 0.713446621875 0.4337518703125 0.7241654828125 0.42496155 0.7545318453125 0.41608510625 0.743979509375 0.4116454015625 0.7223943734375 0.410597096875 0.7001543640625 0.41438049843749997 0.6774687703125 0.42659488906250004 0.675879959375 0.43145926250000005 0.6829756140625001 0.440828675
1 0.6979073421875001 0.488394409375 0.7177990203125 0.4925074484375 0.725514671875 0.49644527343749995 0.735718184375 0.49488617812499996 0.748409559375 0.48783016406249996 0.7707542171874999 0.4858464015625 0.7529048203125 0.48466743125 0.7307615671875001 0.4740210453125 0.7167874359375 0.4751109265625 0.6965548218750001 0.4812285171875 0.6949311296875 0.4854930109375 0.6979073421875001 0.488394409375
1 0.7069991765625 0.5481864109375 0.7379585375 0.5495079281249999 0.771370878125 0.54473264375 0.7720955171874999 0.541100696875 0.7635854640625 0.5395950593750001 0.7585669687500001 0.5337595921875 0.7386055265625 0.5284467937499999 0.725565328125 0.529504009375 0.6961677828124999 0.5389476656250001 0.6964817234375 0.5443465859375001 0.7069991765625 0.5481864109375
1 0.6963388625 0.6062648937499999 0.740198890625 0.604129678125 0.762438903125 0.6003462749999999 0.7675541546875 0.5917519546875 0.7354515671875 0.586863821875 0.6992723062499999 0.5923369875 0.687445103125 0.598160575 0.690595728125 0.6040613765625 0.6963388625 0.6062648937499999
1 0.69623088125 0.668783084375 0.7345221875 0.667443746875 0.7611179296875 0.658098090625 0.746725209375 0.6519894109375 0.750181890625 0.6470597046875 0.7221638609375 0.6480397078125 0.6908635671875001 0.65694881875 0.6838455609375 0.6650085921875 0.69623088125 0.668783084375
1 0.7326509859375 0.731826909375 0.7474892875 0.7295046015625 0.74994226875 0.7234078015625001 0.753678003125 0.723277134375 0.758033734375 0.7177148812499999 0.7380374109375001 0.711802203125 0.70621388125 0.7117131125 0.7045901890625 0.71597760625 0.6916546375 0.7188344609375 0.6900658281250001 0.723698834375 0.6958787265625 0.7271021140625 0.7326509859375 0.731826909375
1 0.73710803125 0.7923821265625001 0.767509275 0.7841055625 0.7635293609375 0.78003706875 0.7436725656250001 0.7765239109375 0.718491225 0.77800579375 0.6992971906250001 0.78589035625 0.7016185296875 0.7936234640625 0.73710803125 0.7923821265625001
1 0.70278541875 0.8458783593750001 0.7095322515625 0.849248971875 0.7468896234375 0.8479423015625001 0.7596856453124999 0.842685925 0.7704393875 0.8344954859374999 0.7627237375 0.8305576578125 0.7273039984375 0.8329987546875 0.705997921875 0.8367494921875 0.70153754375 0.8405121046874999 0.70278541875 0.8458783593750001
1 0.7119470171875 0.906870121875 0.7485099828124999 0.9079956375 0.76867283125 0.9006782875000001 0.7647278015625 0.897209675 0.747637925 0.8929986359375001 0.7203794218749999 0.890946571875 0.70927685625 0.8931382140625 0.7021542046875 0.8993983484375001 0.7023634984375 0.9029976265625 0.7119470171875 0.906870121875
1 0.719651446875 0.9588963484375 0.7513703296875 0.9571857984375001 0.76737885625 0.9428005562499999 0.723518828125 0.944935775 0.705049434375 0.9491883906249999 0.7092735234374999 0.9574560421875 0.719651446875 0.9588963484375
1 0.6834615234375 0.1594968234375 0.7104758515625 0.157349725 0.7292591859375 0.15849603125 0.7363469546875 0.151636015625 0.749212740625 0.1475794015625 0.755924690625 0.150350134375 0.7508713171875 0.1439147875 0.7316345125 0.1349700421875 0.707317340625 0.1352194984375 0.6836978109375 0.1474665546875 0.6803108984375 0.15359602187500002 0.6834615234375 0.1594968234375
1 0.6964892796875 0.061662923437499996 0.69881061875 0.06939603125 0.7375205109375 0.075255253125 0.7446082796875 0.0683952390625 0.755571315625 0.0638040765625 0.76072145 0.055809635937500005 0.7436664578125 0.052198478125 0.721217153125 0.0523826 0.7130210390625 0.05627588125000001 0.703716578125 0.057202428125 0.6964892796875 0.061662923437499996
1 0.8539180265624999 0.1457203640625 0.8551310187500001 0.1504867390625 0.8674465765624999 0.1530614703125 0.907361571875 0.1474576390625 0.9259626078125001 0.1293751171875 0.9192506578125 0.126604384375 0.882067696875 0.1309104546875 0.8717246546874999 0.130070028125 0.8692367937500001 0.13556695000000002 0.860036978125 0.13829313593749998 0.8539180265624999 0.1457203640625
1 0.8648935046874999 0.23790588750000002 0.873438440625 0.24001140781250002 0.879836453125 0.2373832203125 0.9097572312500001 0.23693776249999998 0.9308888968750001 0.23018762812500002 0.9362483265625 0.2257924671875 0.9086758796875 0.218341484375 0.884568 0.22219021875 0.8652344375000001 0.22767526093749998 0.8626419296875 0.2313725421875 0.8648935046874999 0.23790588750000002
1 0.8686337953125 0.318322478125 0.8815344640625 0.31486574218749996 0.9178881359375 0.312391978125 0.92522008125 0.309731125 0.9286767593749999 0.30480141875 0.9124161734375 0.298758071875 0.9039758812500001 0.29845219375 0.8943225984375 0.293379940625 0.8667231578125 0.301558503125 0.8567289390624999 0.306716878125 0.8533420250000001 0.3128463453125 0.8686337953125 0.318322478125
1 0.851199653125 0.388659896875 0.86973880625 0.385607040625 0.8931569296875 0.38599013125 0.9310994109375 0.37865199375 0.8947029703125 0.3642964515625 0.8782409765624999 0.37088325312500003 0.8596320546875 0.372736346875 0.8470453265625 0.3815920015625 0.8473941515625001 0.3875908015625 0.851199653125 0.388659896875
1 0.8562069250000001 0.4425837640625 0.89557169375 0.44361128125000004 0.9017255296875 0.436783934375 0.9237562453124999 0.42940125 0.92634875625 0.42570397031249996 0.9068407828125 0.4281896140625 0.8924480625 0.42208093281250003 0.8738740249999999 0.424533909375 0.8528121234375 0.4324838046875 0.8512581953125 0.43794805625000005 0.8562069250000001 0.4425837640625
1 0.8965641718749999 0.4928667765625 0.922985503125 0.4805217203125 0.9070737390625 0.48047717343749996 0.89659116875 0.477237228125 0.8575752203125001 0.4822085125 0.8479298249999999 0.4933656875 0.8641206499999999 0.49820927187499997 0.8965641718749999 0.4928667765625
1 0.8449502796875 0.5547821171875 0.88981400625 0.5538139921874999 0.9191766703124999 0.5437704546875 0.905962059375 0.5418282703124999 0.9056132375000001 0.5358294703125 0.863621078125 0.537899353125 0.8425591765625 0.5458492515625 0.8410052484375001 0.5513135046875 0.8449502796875 0.5547821171875
1 0.8732440328125 0.622918984375 0.8984951406249999 0.6226368609375 0.9080437781249999 0.625909475 0.9155152515625 0.625648140625 0.9076600718750001 0.61931079375 0.9092488812499999 0.6144464203125 0.9006690609374999 0.611741021875 0.8917753015625 0.6036367 0.8563555640624999 0.6060777984375 0.8453925296874999 0.610668959375 0.8476092203125001 0.6166024265625001 0.8732440328125 0.622918984375
1 0.8388516562499999 0.67521545625 0.8537946046875 0.6746927890625 0.87219423125 0.6692404140625 0.8967825765624999 0.6575605703125 0.8823549734375 0.6508520109375 0.863746053125 0.65270510625 0.8401614078125 0.66555204375 0.8358056765624999 0.6711142984375 0.8388516562499999 0.67521545625
1 0.8393287875000001 0.73170218125 0.8601544000000001 0.7357825499999999 0.8872036109374999 0.734235334375 0.90456465625 0.7270159859375 0.910753375 0.7207885187499999 0.9096799109375 0.718421665625 0.9002010390624999 0.7163488124999999 0.8646417734374999 0.7163903890625 0.857414475 0.720850884375 0.8417468859374999 0.7250054984375 0.8393287875000001 0.73170218125
1 0.8551674546875001 0.79486479375 0.8906918390625 0.7942233375 0.9164234140625 0.7861101078125 0.88892073125 0.7798588828125 0.884041765625 0.7764229375 0.8544000437499999 0.7816674328125 0.8433323625 0.7844589562500001 0.8426426046875 0.7886907812499999 0.8551674546875001 0.79486479375
1 0.8666425046875 0.8473602359375001 0.8885066984375 0.8532075796875 0.9060421562500001 0.8489876296875 0.905728215625 0.8435887093750001 0.9184544718750001 0.837132575 0.9051352171874999 0.8333907515625001 0.8910564375 0.832680990625 0.85276513125 0.834020328125 0.8408332796875 0.838044278125 0.84689035625 0.8456467171875 0.8666425046875 0.8473602359375001
1 0.846433553125 0.9021661062499999 0.85594730625 0.9048388390625 0.894343259375 0.9052991421875 0.9090420312499999 0.9005773140625 0.9202492421875 0.9001853125 0.9125335937499999 0.8962474859375 0.885100675 0.891196021875 0.854315728125 0.89287390625 0.8469140171875 0.8943350000000001 0.844391271875 0.8992320406250001 0.846433553125 0.9021661062499999
1 0.878559803125 0.9557425187499999 0.907511765625 0.95472985 0.9035667343749999 0.9512612359375 0.9031481484375 0.9440626765625 0.90774805625 0.9426995828125 0.9047369578125 0.939198303125 0.9082285203125 0.934868475 0.8979552421875001 0.9352278093749999 0.8925260484375 0.9384232109375 0.84679815 0.9406237609374999 0.8377378656250001 0.9457494687500001 0.84469399375 0.9527193625000001 0.878559803125 0.9557425187499999
1 0.8510767859374999 0.06467122812500001 0.8569245703125 0.0686743875 0.8683061921874999 0.0712817859375 0.8737702671875001 0.06868626562499999 0.8990562578124999 0.06900402343749999 0.9185293484375 0.0659185015625 0.9178665859375 0.0545207796875 0.910290465625 0.0529824734375 0.9082481843749999 0.050048407812499994 0.9117746265625 0.0463184609375 0.89669215 0.044441609375 0.8773585890625 0.0499266515625 0.8661513781249999 0.050318651562500004 0.8550836953125 0.0531101734375 0.8506233156249999 0.0568727875 0.8510767859374999 0.06467122812500001