1 0.9433288843750001 0 0.9381882796875001 0.0020764390625 0.9365738046875001 0.045816284375 0.941075496875 0.06973953125 0.9460927453125001 0.0752064375 0.9480067046875 0.0828288453125 0.9485900671874999 0.07600169062499999 0.9529278890624999 0.0718210640625 0.956541084375 0.050240114062499994 0.9563659124999999 0.020198040625 0.9531778640624999 0.007817059375000001 0.9478695687500001 0 0.9433288843750001 0
1 0.8752566093749999 0.0035587421874999996 0.86663181875 0.0206418875 0.865448140625 0.0313889 0.8668352421875 0.0555294546875 0.873109628125 0.06284763593750001 0.8788684578125 0.088622159375 0.8843899593750001 0.07369451875000001 0.8912590109374999 0.076123740625 0.8904722218750001 0.048063326562499994 0.8833771453124999 0.006870140625 0.8789884656250001 0.002328875 0.8752566093749999 0.0035587421874999996
1 0.8094194234375 0.041115021875000005 0.8140171796875 0.081512953125 0.8221151125 0.08094795625 0.8214243859374999 0.06936222812500001 0.829426259375 0.05232254374999999 0.8274218875000001 0.029194550000000003 0.8204567765625 0.0102906421875 0.8136046796875 0.0107687171875 0.8094194234375 0.041115021875000005
1 0.753192934375 0.0169226703125 0.74844691875 0.0579725234375 0.758481415625 0.0689063328125 0.761108703125 0.091990865625 0.7678195359375 0.0672853125 0.7778201265625 0.072404525 0.774629253125 0.059538993750000005 0.7751589328125 0.043505396875000005 0.7612739171875 0.013450375 0.756907840625 0.0127855046875 0.753192934375 0.0169226703125
1 0.6871297234375 0.0157149828125 0.6879221624999999 0.0447444953125 0.693029821875 0.065716984375 0.704972625 0.083304103125 0.7087101328125 0.08304333593749999 0.7020910578125 0.0166101078125 0.6976967265625 0.011099742187500001 0.6908446296874999 0.0115778171875 0.6871297234375 0.0157149828125
1 0.6273521984375 0.0237636734375 0.6224423125 0.036709653125000005 0.6239085265625001 0.0744175953125 0.6321533765625 0.099049175 0.647692421875 0.092148046875 0.6462544625 0.059285598437499996 0.6373527906249999 0.028882884375 0.63107840625 0.02156470625 0.6273521984375 0.0237636734375
1 0.558276109375 0.040217076562499995 0.5546007578125 0.051137937499999994 0.5560500203125 0.0859385828125 0.5635476374999999 0.0892934421875 0.5667413359375 0.102643521875 0.5734917234375 0.08472166406250001 0.572750140625 0.06441404218749999 0.5688826671875 0.042385531250000004 0.563248153125 0.037931187500000005 0.558276109375 0.040217076562499995
1 0.481900175 0.0872340921875 0.4895221078125 0.11190913124999999 0.5023943109375 0.0751397734375 0.4916351859375 0.04680564375 0.4841432171875 0.044419884375 0.48047351718750003 0.056309840624999996 0.481900175 0.0872340921875
1 0.4127393265625 0.0891510078125 0.4166746078125 0.12280870937499999 0.422252615625 0.11757206093749999 0.4247555890625 0.1193364125 0.43023753749999993 0.097625078125 0.42956941249999997 0.0899157484375 0.42439394531249997 0.05731406875 0.41691892968750005 0.057835606250000005 0.4127393265625 0.0891510078125
1 0.35148993906250003 0.058522654687499995 0.347208621875 0.072394271875 0.347378140625 0.101467246875 0.360011671875 0.1306400921875 0.360532878125 0.113152846875 0.367940084375 0.10100211875000001 0.3672550109375 0.0903854921875 0.360323803125 0.077296178125 0.3596048234375 0.060864953124999996 0.35148993906250003 0.058522654687499995
1 0.2867855765625 0.0766100265625 0.2824647046875 0.0836979515625 0.2819152453125 0.0963397015625 0.2871020140625 0.130879578125 0.28898772031250003 0.1336564921875 0.3014347796875 0.130849065625 0.3033430875 0.137502378125 0.30317921718749996 0.1093985 0.29614064687499997 0.07789630625 0.29112905 0.0733985 0.2867855765625 0.0766100265625
1 0.2258017703125 0.09152933437500001 0.22541052968750003 0.131305859375 0.2299122234375 0.155229109375 0.2422462671875 0.1330397 0.242133253125 0.1136577171875 0.23827143125 0.0925983046875 0.22949407187499998 0.0835157734375 0.2258017703125 0.09152933437500001
1 0.16850461562500002 0.09746597968750001 0.1636907921875 0.126886646875 0.177587109375 0.158879865625 0.184280990625 0.13126701406250002 0.185340353125 0.09919982031249999 0.177152009375 0.0842592328125 0.173425803125 0.0864582 0.16850461562500002 0.09746597968750001
1 0.1810251328125 0.10725684375 0.1779557484375 0.11522694375 0.1810985921875 0.1198551328125 0.1810251328125 0.10725684375
1 0.11936190312499999 0.1125286203125 0.1194918671875 0.1348179 0.1264343765625 0.1498454125 0.127759321875 0.1633258765625 0.134464503125 0.1376512234375 0.14127139375 0.12942035624999998 0.13420457187499998 0.0930726640625 0.13166769375 0.085493715625 0.1266787 0.084872309375 0.11936190312499999 0.1125286203125
1 0.0646524828125 0.13476610625000002 0.0653093046875 0.14053723906249999 0.076000621875 0.1572421796875 0.0821845953125 0.149054775 0.086432009375 0.129368559375 0.083187453125 0.1072965875 0.078776171875 0.09887892499999999 0.07255829375 0.10125173750000001 0.0646524828125 0.13476610625000002
1 0.9408368250000001 0.135681734375 0.93653855625 0.14664605625 0.9379878156249999 0.1814467015625 0.952507053125 0.2133964609375 0.9585497593750001 0.180981575 0.9571965625000001 0.1626556140625 0.9520663 0.137806728125 0.946426134375 0.13238328593749998 0.9408368250000001 0.135681734375
1 0.87001064375 0.17261660625 0.8713751453125 0.1928807625 0.8802146609375001 0.2126233875 0.8895188765625001 0.2051877734375 0.9026058046875001 0.20524418125000002 0.889944021875 0.171225840625 0.8866994671875 0.14915386875 0.8810536484375 0.142761325 0.8754643390625001 0.1460597765625 0.87001064375 0.17261660625
1 0.8100805515625 0.15449961875 0.8076566890624999 0.1663026546875 0.8104817499999999 0.22330565937500002 0.819208253125 0.223666296875 0.8192308562499999 0.22754269374999997 0.822968365625 0.227281925 0.8285181187499999 0.21719978125 0.8269388937500001 0.1601098546875 0.822510659375 0.1487848953125 0.8144070749999999 0.14838079375 0.8100805515625 0.15449961875
1 0.745240575 0.1493286125 0.7415539234375 0.158311271875 0.7398320859374999 0.1836382328125 0.7417742984375 0.19610613906250002 0.752499521875 0.21862567500000002 0.7531732953125 0.22730410625 0.7585648296875 0.19008718593750001 0.7590238796875 0.16193985 0.7552750703125 0.16026241875 0.7496010015625 0.14902438125 0.745240575 0.1493286125
1 0.6792225703125 0.15587371875 0.678202759375 0.19472460625000002 0.6838485765625 0.201117146875 0.6933392640625 0.225661803125 0.6951119578125 0.209056734375 0.6975979765625 0.207913790625 0.701222471875 0.1882710390625 0.6973606484375 0.1672116265625 0.6885098328125 0.14553080625 0.6829148703125 0.14786015624999999 0.6792225703125 0.15587371875
1 0.6113697124999999 0.168363803125 0.613391034375 0.1943990953125 0.6197501812499999 0.2162537609375 0.6303058828125 0.20970032187499998 0.6357256703124999 0.1773288984375 0.6224805234375 0.1501377140625 0.61314805625 0.15272783125 0.6113697124999999 0.168363803125
1 0.5527476124999999 0.160819984375 0.56306464375 0.2202087484375 0.565516759375 0.2132512078125 0.5717628921875 0.2157238921875 0.57157076875 0.18277452031250002 0.563314615625 0.15620474374999999 0.5589372390625 0.153601675 0.5527476124999999 0.160819984375
1 0.4775101515625 0.189337190625 0.47707370625 0.22136092343749997 0.48153584531250004 0.23850047812500003 0.48657004375 0.24687468125 0.49333173124999996 0.23089101875 0.49439109531250003 0.1988238234375 0.49185421875 0.1912448765625 0.49241497812499996 0.180541325 0.4860840859375 0.1635321546875 0.48173496250000003 0.16577458125 0.4775101515625 0.189337190625
1 0.40159326562500003 0.2082068671875 0.400426540625 0.2218611796875 0.40932256406249995 0.25129479374999997 0.40939037031250003 0.26292398281249996 0.41370559062499995 0.25486695937500004 0.42039381875000004 0.226285009375 0.42084156562499997 0.19619947499999998 0.417013646875 0.18095465625 0.40953863124999995 0.18147619375 0.40159326562500003 0.2082068671875
1 0.3424612609375 0.22008849375 0.34257992656249997 0.240439575 0.347631078125 0.25172107499999996 0.36081406875 0.2682521703125 0.3605597875 0.2246427078125 0.356069396875 0.20265765781249998 0.3516807171875 0.1981163921875 0.34550239375 0.2072728984375 0.3424612609375 0.22008849375
1 0.2864099453125 0.2259382171875 0.2828928125 0.2639938515625 0.28976186249999997 0.2664230734375 0.2916758203125 0.27404548281249996 0.3027357765625 0.24709750156250002 0.30196029062499996 0.2209752859375 0.29628622031249996 0.20973724843750002 0.2912972265625 0.209115840625 0.2864099453125 0.2259382171875
1 0.284165559375 0.37539679062500003 0.292319996875 0.384522784375 0.2967708359375 0.399724140625 0.298605684375 0.3937791625 0.3085723734375 0.39308378125 0.3014546921875 0.3480141953125 0.29447263125 0.326202990625 0.2863972984375 0.3306443859375 0.284165559375 0.37539679062500003
1 0.2241224515625 0.3378978203125 0.2230461359375 0.36705771875000004 0.2276325890625 0.40551745468749995 0.233827865625 0.399268246875 0.23573052031250002 0.40495245625000004 0.2393267640625 0.3804642109375 0.238523021875 0.3494964984375 0.23341536562499998 0.3285240078125 0.22716923437499997 0.326051325 0.2241224515625 0.3378978203125
1 0.23093068906249997 0.2230225859375 0.2260829609375 0.24662865625000002 0.22688670000000002 0.27759636875 0.230748521875 0.2986557828125 0.23630392812499998 0.28954273750000004 0.2431673265625 0.291002859375 0.24675226718749999 0.2645764140625 0.2402970609375 0.2262470625 0.2371598671875 0.22258797343749998 0.23093068906249997 0.2230225859375
1 0.17424945625 0.3345910390625 0.16875055781249998 0.353395075 0.1713721953125 0.375510509375 0.17834295625000002 0.39538351562499996 0.1856710546875 0.3696654015625 0.184969028125 0.3561414765625 0.1817414234375 0.3369768 0.17860423125 0.333317709375 0.17424945625 0.3345910390625
1 0.16935786875 0.24379995000000002 0.1688366609375 0.261287196875 0.1651387078125 0.268331659375 0.17407428593750002 0.304548965625 0.18262561875 0.2748675328125 0.181821878125 0.243899821875 0.1780165625 0.2325314 0.17366178593749998 0.23380472968750002 0.16935786875 0.24379995000000002
1 0.10017307187499999 0.3484848375 0.100348240625 0.3785269109375 0.1098615328125 0.4069479625 0.1135877390625 0.404748996875 0.1153943359375 0.393958521875 0.1222464328125 0.393480446875 0.1169975078125 0.348280478125 0.112546671875 0.333079121875 0.1056945734375 0.333557196875 0.10017307187499999 0.3484848375
1 0.1027056421875 0.24845031875 0.1021279296875 0.2562465734375 0.1123149921875 0.29334605625 0.11113131406250001 0.3040930703125 0.113022671875 0.3078390828125 0.11709258281249998 0.29333588593750004 0.127259375 0.291333884375 0.12323368125 0.2421705984375 0.11817687968749999 0.22991999999999999 0.1131878859375 0.2292985921875 0.1027056421875 0.24845031875
1 0.061485692187499996 0.2329058875 0.0565023484375 0.23325357812499997 0.053449915625 0.24413097499999997 0.0536420390625 0.277080346875 0.06432205468749999 0.2918470890625 0.0805518265625 0.29653168750000003 0.0817468078125 0.2877228734375 0.07295814687499999 0.2767021421875 0.065251453125 0.2374906140625 0.061485692187499996 0.2329058875
1 0.936678478125 0.2775179 0.9367406359375 0.2881779890625 0.9312756406249999 0.312796621875 0.944582946875 0.3506478984375 0.9501553046875 0.34444215 0.9573647375000001 0.29837295468749997 0.9554451296875 0.2897814453125 0.947845796875 0.2689828015625 0.9409993515625 0.2704299765625 0.936678478125 0.2775179
1 0.8557952015625 0.2996425671875 0.85892674375 0.30233255625 0.8602290859374999 0.3119366265625 0.8603986062500001 0.3410095984375 0.8722566515624999 0.3440602296875 0.8765944749999999 0.339879603125 0.8808305859375001 0.3182551921875 0.8801003046875 0.2998857703125 0.8718837078125 0.2800996875 0.863785771875 0.280664684375 0.8557952015625 0.2996425671875
1 0.7970487875 0.270778565625 0.7948000937499999 0.3126236765625 0.7992961359375 0.335577825 0.8037130687499999 0.3449645859375 0.807461878125 0.34664201562499997 0.811193734375 0.34541215 0.8124056671875 0.33951063125 0.8198863328125 0.33995819374999997 0.8184766281250001 0.31194124218749997 0.81268389375 0.28035212187499997 0.8045125000000001 0.26831883125 0.7970487875 0.270778565625
1 0.737299515625 0.2836727515625 0.7336411171874999 0.2975009078125 0.73445050625 0.32943771875 0.74325046875 0.34239664687500004 0.7470614359375001 0.35473416874999997 0.7551085140625 0.345447278125 0.7555732125 0.318269040625 0.7510884718749999 0.297253090625 0.7472775046875 0.28491556875 0.7428944765625001 0.2813434015625 0.737299515625 0.2836727515625
1 0.6650014734374999 0.2819305796875 0.6671301578125 0.3263787546875 0.6735175578125 0.3530789171875 0.6760205296875 0.354843271875 0.677889284375 0.35471288749999996 0.680290546875 0.339033453125 0.6858233499999999 0.32604401250000004 0.6849800546875 0.2882926078125 0.6774202781249999 0.2742776578125 0.6699848171875 0.2815828890625 0.6650014734374999 0.2819305796875
1 0.60402896875 0.29878808437500004 0.6049796265625 0.3549523734375 0.608779290625 0.3653516953125 0.6224608843749999 0.3605191484375 0.6254059546875 0.331228865625 0.6221105421875001 0.3004350015625 0.6164421234375 0.2901660640625 0.609595675 0.2916132375 0.60402896875 0.29878808437500004
1 0.5467261640625 0.30375563125 0.54367373125 0.3146330296875 0.5457289578125 0.3464829171875 0.5532548296875001 0.3546832734375 0.5602312421875 0.375525378125 0.564523859375 0.363591959375 0.559954359375 0.3280395203125 0.5617666078125 0.31821814531250003 0.558640715625 0.316497253125 0.551675603125 0.29759334531250003 0.5467261640625 0.30375563125
1 0.47702715625 0.3202524953125 0.4740707875 0.34760457968749997 0.47921800000000003 0.37536076406249996 0.4910308375 0.3706586 0.49531780468750003 0.35775608124999997 0.49590117031250003 0.3509289265625 0.49018754375 0.33290719687500003 0.49072570156250006 0.31832724687499997 0.48821142812499996 0.3146246953125 0.48135367812499996 0.31413367187499996 0.47702715625 0.3202524953125
1 0.409983690625 0.3646793921875 0.4182228921875 0.388341871875 0.421314878125 0.3842481671875 0.4224420515625 0.3638101640625 0.419101434375 0.32526350625 0.4146901515625 0.31684584375 0.4085005265625 0.3240641515625 0.409983690625 0.3646793921875
1 0.3424260140625 0.3209182640625 0.33879586875 0.33959191718750004 0.3401773203125 0.3627633734375 0.349056390625 0.3892896890625 0.353298153125 0.3686343796875 0.354980434375 0.3365237234375 0.3492724625 0.319471090625 0.344900734375 0.317837121875 0.3424260140625 0.3209182640625
1 0.04791011875 0.36279568281249996 0.0442008625 0.3679019484375 0.044874637499999995 0.3765803796875 0.049897534375000004 0.38301638125 0.052457015625000006 0.394471725 0.061279579687499995 0.4113070515625 0.061211771875 0.3996778609375 0.071008940625 0.3699095046875 0.06531226875 0.35479507187500003 0.0646271921875 0.3441784421875 0.060850128125 0.33765551562499996 0.0533864140625 0.3401152515625 0.04791011875 0.36279568281249996
1 0.9336642578125 0.40182335937499997 0.9308265499999999 0.4495265234375 0.9352152281249999 0.4540677890625 0.946597275 0.4823584578125 0.9532233453125001 0.44311641562500004 0.9581897359375 0.4398614296875 0.95495648125 0.4197276546875 0.946728584375 0.398003371875 0.9379964296875001 0.39667363125 0.9336642578125 0.40182335937499997
1 0.8601994906250001 0.4137354953125 0.858483303125 0.44003155625 0.864253434375 0.4677442796875 0.8612236046874999 0.4824980734375 0.8821993921875 0.44613281718750003 0.8771143359375 0.4290367234375 0.8764179578125001 0.416481896875 0.8707438890624999 0.40524385937499996 0.8657605453125001 0.40559155 0.8601994906250001 0.4137354953125
1 0.7892320421875 0.42644288750000003 0.7917745703125 0.434990934375 0.7913098734374999 0.462169171875 0.79768596875 0.4869311359375 0.8001889421874999 0.4886954859375 0.8106655343750001 0.4685746625 0.8148055859375001 0.43047556406250004 0.8147264765625 0.4169081765625 0.8122122015625 0.4132056265625 0.8046976296875 0.40694346875000004 0.796599696875 0.40750846875 0.7892320421875 0.42644288750000003
1 0.7288146484375 0.4316277421875 0.727138015625 0.464707496875 0.73218351875 0.47501989531250005 0.7354224234375 0.4961227703125 0.7520095312499999 0.45521624843749997 0.748787578125 0.43702067187500004 0.741176946875 0.41428382812500003 0.7368221703125 0.41555715937500004 0.7288146484375 0.4316277421875
1 0.6646540953125 0.43610426406249997 0.6653730734375001 0.45253548906249996 0.662360196875 0.47019658125 0.6630961265625 0.48953510156249996 0.666255921875 0.4970705875 0.6755431859375001 0.486727675 0.6810590375000001 0.4708309359375 0.68215795625 0.4455474375 0.6796041265625 0.4350611921875 0.6764386796874999 0.42655660624999997 0.66957528125 0.425096484375 0.6646540953125 0.43610426406249997
1 0.5973167953125 0.43013800625 0.5942869640625 0.4448917984375 0.596970759375 0.477667325 0.6058441796875 0.503224540625 0.6057481171875 0.48674985625 0.6106749546875 0.47671117343749997 0.6098316609375 0.43895976875000003 0.605403428125 0.4276348078125 0.6010260484375001 0.425031740625 0.5973167953125 0.43013800625
1 0.5269214078125 0.43408004375000003 0.5265414703125 0.475794765625 0.5335122343750001 0.495667775 0.5323229031250001 0.5054456875 0.53474676875 0.4936426515625 0.5403586796875001 0.49422059999999995 0.5439718734375 0.47263964999999997 0.5432472421875 0.4552393265625 0.53752231875 0.43527939687500006 0.5325107203125 0.43078159375 0.5269214078125 0.43408004375000003
1 0.4695847015625 0.43323299375 0.4705240578125 0.487459084375 0.4674659734375 0.49736738437500005 0.4675281296875 0.508027475 0.47491273593749994 0.49200035 0.48358838125 0.483639096875 0.48541193125 0.475755921875 0.48460254062499997 0.44381911093750004 0.47764873124999996 0.426853403125 0.4751514078125 0.42605814999999997 0.4695847015625 0.43323299375
1 0.40662477812500003 0.429869803125 0.40365145468749997 0.4543145875 0.40704857812500006 0.5025522375 0.41077478593750005 0.500353271875 0.420634109375 0.4812450046875 0.4261499609375 0.46534826718750005 0.42549878906250005 0.4605462328125 0.4159855 0.432125178125 0.411596821875 0.4275839125 0.40662477812500003 0.429869803125
1 0.339349634375 0.4345636328125 0.3358494546875 0.4755265640625 0.3416195859375 0.5032392859375 0.34534579375 0.5010403203125 0.350199171875 0.4784033484375 0.3576289828125 0.4701290203125 0.35249872031249996 0.4452801328125 0.3536824 0.43453311875 0.3492711171875 0.4261154578125 0.341190134375 0.429587753125 0.339349634375 0.4345636328125
1 0.2772951625 0.4796119359375 0.2829579328125 0.4889117734375 0.2849453515625 0.509132471875 0.29351928437499997 0.48332743437500003 0.3015663625 0.47404054531249995 0.3009038890625 0.46730031250000004 0.295241121875 0.45800047343749994 0.29138495 0.43791016093749996 0.2845102484375 0.4345118390625 0.280189378125 0.4415997625 0.2772951625 0.4796119359375
1 0.2316017734375 0.44498974999999996 0.22745607343750002 0.48211974843750005 0.22951130000000003 0.513969634375 0.2363746984375 0.515429759375 0.24004439843749997 0.5035398 0.24440482343749997 0.5032355703125 0.246250975 0.49922878906249996 0.2486239828125 0.4787038609375 0.24531161875000002 0.44500269843750007 0.24025481875 0.4327521015625 0.23590569218750002 0.4349945296875 0.2316017734375 0.44498974999999996
1 0.17132564687500001 0.47440208281249996 0.1695586046875 0.4919762515625 0.179677859375 0.517446546875 0.1864056421875 0.49564828906249997 0.1892998578125 0.45763611718749997 0.182974615625 0.44159604531249996 0.174344175 0.457710090625 0.17132564687500001 0.47440208281249996
1 0.12010510468749999 0.45373843750000004 0.11512740937499999 0.455055228125 0.10598141406249999 0.48962562031249995 0.1104435515625 0.506765175 0.11481528125 0.50839914375 0.11791291718750001 0.5052745375 0.13025826406250002 0.48502332656249997 0.12961274218750002 0.48119039218750004 0.12583003125 0.47369836718749997 0.123870865625 0.458323165625 0.12010510468749999 0.45373843750000004
1 0.049862289062499995 0.4838461515625 0.053820171875 0.52138025 0.0575237765625 0.5153048890624999 0.061906804687500004 0.51887705625 0.06672627812500001 0.49042548906250005 0.068448115625 0.46509852656249995 0.0627796953125 0.454829590625 0.0571564828125 0.45231344375000004 0.050989460937499995 0.46340814999999996 0.049862289062499995 0.4838461515625
1 0.9476948484375001 0.5637193234375 0.947467478125 0.631599725 0.9511993359375 0.6303698578125 0.9555089062500001 0.6213437359375 0.96238925625 0.6257111546874999 0.9643088656250001 0.6343026640625 0.9635898859375001 0.6178714390625 0.9677355875 0.5807414421875 0.9645249359375001 0.5644840640625 0.9576163296875 0.5552711484375 0.9507755359375001 0.5576874234375 0.9476948484375001 0.5637193234375
1 0.86061629375 0.5920931984375 0.8606671499999999 0.600815090625 0.8651066859375 0.6140782484375 0.862048603125 0.6239865484375 0.8714658312499999 0.6359329171875 0.8745804203124999 0.6357156078124999 0.8861954875 0.597094975 0.886598028125 0.5592566484375 0.88156948125 0.5518515453124999 0.8740888124999999 0.5514039828125 0.86061629375 0.5920931984375
1 0.788743396875 0.5563890953125 0.790057040625 0.5679313625 0.7852036625000001 0.5905683328125 0.7966422140625 0.62854999375 0.80093483125 0.6166165734375 0.80529525625 0.61631234375 0.8052331 0.6056522515625 0.8101429843749999 0.5927062750000001 0.8063094156249999 0.5764923578125 0.80680801875 0.5551287140625 0.800533634375 0.5478105359375001 0.7955446390625001 0.547189128125 0.788743396875 0.5563890953125
1 0.7276691796875 0.555802815625 0.7239373234375 0.5570326828125001 0.7265137546875 0.5713953234375 0.7197464171875 0.5864098875 0.719780321875 0.5922244812499999 0.72604340625 0.5976044625 0.7362078671875001 0.6308275484375 0.744119328125 0.59828228125 0.7445388234375 0.56335125 0.7375963125 0.5483237390625 0.7313558312499999 0.54682015625 0.7276691796875 0.555802815625
1 0.6597089609375 0.549880015625 0.6572907484375 0.5626521515625 0.65872305625 0.5945455 0.6669622578125 0.6182079796875 0.673797403125 0.61482260625 0.6769289453125 0.6175125968749999 0.6793980140625 0.6134623546875 0.672269034375 0.5664545734375 0.6740530265625 0.5517877015625 0.6708762796875 0.54134491875 0.6658872859375 0.540723509375 0.6597089609375 0.549880015625
1 0.5930341328125001 0.5506539874999999 0.5951119625 0.5863802734375 0.6020996750000001 0.609160575 0.6075985765625 0.590356540625 0.6150114328125 0.5791749125 0.6123784953125 0.55512128125 0.6054246859375 0.538155571875 0.6016815265625 0.5374472421875 0.5930341328125001 0.5506539874999999
1 0.5401143578125 0.5591937031249999 0.5346154578125 0.5779977390625 0.5360082109375 0.60310739375 0.5404025421875 0.608617759375 0.5539880734375 0.587310525 0.5532125875 0.5611883109375 0.548733496875 0.541141459375 0.5406751171875 0.54849015 0.5401143578125 0.5591937031249999
1 0.47250447968750003 0.61335505 0.48060806562499997 0.61375915 0.49349721874999997 0.5798970921875 0.49461308906249996 0.5575208875000001 0.49264262499999995 0.5402074875 0.4864077953125 0.539673003125 0.475953803125 0.5636702265625 0.47250447968750003 0.61335505
1 0.4043012828125 0.5657609875 0.4050485140625 0.5870377078125 0.4114246140625 0.611799671875 0.4114924203125 0.6234288609374999 0.4232939578125 0.6167885 0.4238886234375 0.61189954375 0.41918915625000003 0.5540578234375 0.416023709375 0.5455532375 0.41042309843749997 0.5469134921875 0.4043012828125 0.5657609875
1 0.34251373749999997 0.549712584375 0.33967037968749997 0.5964466484375001 0.341652146875 0.615698246875 0.3460464765625 0.6212086140624999 0.3503786484375 0.6160588890625001 0.35650046562500004 0.5972113890624999 0.360062803125 0.5669085484374999 0.3587661109375 0.558273578125 0.3518123 0.5413078687499999 0.346211690625 0.5426681234374999 0.34251373749999997 0.549712584375
1 0.2749151609375 0.6058121296875 0.281874621875 0.6237469375 0.2873113640625 0.5942828125 0.2883989828125 0.5670611125 0.28588470625 0.5633585625 0.27716950625000003 0.564936121875 0.27483040000000003 0.59127564375 0.2749151609375 0.6058121296875
1 0.2200644734375 0.6038221390625 0.22518908437500001 0.627701925 0.23212029374999998 0.6407912359375 0.237720903125 0.639430984375 0.24191745937500003 0.6110228828125 0.240406040625 0.56556214375 0.23665158125 0.5629156171874999 0.2323137578125 0.567096240625 0.2200644734375 0.6038221390625
1 0.1645513125 0.5950919125 0.1628181765625 0.618480675 0.172325815625 0.64593263125 0.17543475625 0.6447462234375 0.17719049375 0.6252338578125001 0.1846090046875 0.6150213296875 0.1812627359375 0.5755055718750001 0.1787428109375 0.5708339203125 0.1731478515625 0.573163271875 0.1645513125 0.5950919125
1 0.10848869375 0.5990034375 0.11132505625 0.6579446390625 0.1236025953125 0.6260642390625 0.1209018484375 0.5903814171875 0.11836497187499999 0.58280246875 0.11337032656249998 0.5812119625000001 0.10848869375 0.5990034375
1 0.0357542046875 0.6292849984375 0.039582125 0.644529815625 0.045850859375000004 0.650878896875 0.050834203125 0.6505312062499999 0.053297621875 0.6455118640624999 0.05610707499999999 0.592963203125 0.04986094375 0.59049051875 0.046140389062499995 0.5936585859375 0.0357542046875 0.6292849984375
1 0.77235271875 0.7378584515625 0.777466028125 0.7598000421875 0.7893636265625 0.769634365625 0.7947834171875 0.73726294375 0.78965315625 0.71241405625 0.792093971875 0.7035183171875 0.7976719796875 0.6982816703125 0.787688340625 0.6960697546875 0.7851514625 0.68849080625 0.7801624687500001 0.6878693984375001 0.7733612265625001 0.6970693671875 0.77235271875 0.7378584515625
1 0.7036057109375 0.7038752406250001 0.7062047484375 0.7221142781250001 0.7044320546875 0.73871935 0.7119353234375 0.7430433062499999 0.7151233718750001 0.7554242890625 0.7127108109375 0.7691655234375 0.71762069375 0.7562195421875 0.7238329234374999 0.7528776296874999 0.7286184921875 0.71861146875 0.7235955953125 0.7121754671875 0.719784628125 0.6998379484374999 0.7122418046875 0.68873029375 0.7078813765625 0.6890345234375 0.7036057109375 0.7038752406250001
1 0.6375085968749999 0.6968529578125 0.6307864640624999 0.7196203140625 0.6258370249999999 0.7257825999999999 0.6270998125 0.728602975 0.633940609375 0.7261867015625 0.6383179859375 0.72878976875 0.645951221875 0.7554030078125 0.6516139890625 0.764702846875 0.649677428125 0.753204040625 0.6557370890625001 0.723696453125 0.6544234437500001 0.7121541859375 0.6468297625 0.692324640625 0.6418351171875 0.6907341328125 0.6375085968749999 0.6968529578125
1 0.57141148125 0.6898306765625 0.5727025234374999 0.697496546875 0.5708676734375 0.703441525 0.57964503125 0.71252405625 0.577827134375 0.72137633125 0.58661579375 0.7323970625 0.5949001984375 0.7638123375 0.5998213859375 0.7528045546875 0.6015601734375 0.730384890625 0.59830996875 0.7073438203125 0.586333259375 0.68394210625 0.5813386140625 0.6823516 0.57141148125 0.6898306765625
1 0.5216515 0.7059058765625 0.5167868203125 0.7266046484375 0.5124716 0.7346616734375 0.51377959375 0.745234840625 0.5207108015624999 0.7583241515625 0.5220922531250001 0.7814956078125 0.52385364375 0.7629523390624999 0.5355591203125 0.73983729375 0.53485144375 0.72534426875 0.529120865625 0.704415240625 0.5247491375 0.7027812703125 0.5216515 0.7059058765625
1 0.4593936046875 0.716066609375 0.4570884046875 0.748220728125 0.4610293375 0.7828475265625 0.46477249687500005 0.7835558578125 0.46659039375000005 0.7747035828125 0.47279132031250004 0.7694234734375 0.4789018359375 0.7486377765625 0.47819980937500006 0.7351138500000001 0.46929813593749997 0.7047111375 0.46369187343749996 0.7051022890625 0.4593936046875 0.716066609375
1 0.3995087171875 0.7057024171874999 0.4003972171875 0.751206615625 0.40364742343750004 0.7742476859375 0.4124021796875 0.779453821875 0.4184392375 0.7460698375 0.4138584328125 0.7085792015625 0.4081787125 0.6963720640625 0.4019664859375 0.6997139765625 0.3995087171875 0.7057024171874999
1 0.33470264375 0.7063460046875 0.334934321875 0.7460790687500001 0.34381904375 0.773574484375 0.3505863796875 0.758559921875 0.355592328125 0.7620886265625 0.3554228078125 0.7330156546875 0.3471327515625 0.70063128125 0.3389896109375 0.6934434859375 0.33470264375 0.7063460046875
1 0.2682481921875 0.7449148437499999 0.2702073578125 0.7602900453125 0.2764534890625 0.762762728125 0.276476090625 0.766639125 0.28211060625 0.7710934671875 0.288844040625 0.7502643109375 0.289897753125 0.7172280171875001 0.28552602656250003 0.7155940484375 0.28295524375 0.70220050625 0.2779606 0.70061 0.2742569953125 0.7066853625 0.2682481921875 0.7449148437499999
1 0.20533912499999998 0.7502735421875 0.2130006125 0.781732278125 0.2173384359375 0.7775516515625001 0.22158019843750001 0.756896340625 0.22080471093749998 0.7307741234375 0.2132110328125 0.710944578125 0.20512439843750002 0.713447775 0.20533912499999998 0.7502735421875
1 0.1509192328125 0.7152907171875 0.1472212796875 0.72233518125 0.14744730625 0.761099146875 0.1525097609375 0.7743188437499999 0.160675503125 0.785383034375 0.164990721875 0.7773260125 0.1635301609375 0.7405871671875001 0.16028560625 0.71851519375 0.15651984375 0.7139304656250001 0.1509192328125 0.7152907171875
1 0.0874155015625 0.725538375 0.0851442046875 0.7635070875000001 0.0921206171875 0.7843491921875 0.0958355234375 0.7802120265625 0.10071715625 0.7624205500000001 0.10366787656250001 0.7340993703125 0.1017313140625 0.7226005640625 0.0954569296875 0.715282384375 0.0917194203125 0.7155431531249999 0.0874155015625 0.725538375
1 0.033249889062499996 0.7341650125 0.0340649296875 0.7670709203125 0.04849375625 0.7835150921875 0.04760525625 0.7380108953125 0.0437547359375 0.7188896796875001 0.0350564859375 0.7233745359375 0.033249889062499996 0.7341650125
1 0.8630388140624999 0.6869345296875 0.8644485203125001 0.7149514828125 0.8626927796875 0.7344638484375 0.869590084375 0.7417385671875001 0.8734067 0.7550451859375 0.870331665625 0.7620461890625 0.8771555109375001 0.756722615625 0.887009184375 0.7366452515625 0.8874851843749999 0.7114052125 0.8755028250000001 0.6870344 0.8692510421874999 0.6835926171875 0.8630388140624999 0.6869345296875
1 0.96406454375 0.6992757671875001 0.9559779109375001 0.7017789624999999 0.9487345734374999 0.7420335640625 0.9556318750000001 0.7493082828125 0.9600601093750001 0.7606332421875 0.968191946875 0.7658828390625 0.9724506625 0.748134825 0.9729379625 0.724832984375 0.9691495984375 0.7163718609374999 0.9684701734375001 0.7067243296875 0.96406454375 0.6992757671875001
1 0.8721708218750001 0.8637146734375 0.867193128125 0.8650314640625 0.8641519984375 0.8778470593750001 0.868755403125 0.91921409375 0.8869386890625 0.9383047937500001 0.890013725 0.9313037921875 0.88667310625 0.8927571343749999 0.8878567859375 0.8820101203125 0.8822335703125 0.8794939765625 0.8796853921875 0.86997683125 0.8721708218750001 0.8637146734375
1 0.77627535625 0.876222321875 0.7738345390625 0.885118059375 0.7763657671875 0.8917279078125 0.77592366875 0.9227825421875 0.782282815625 0.9446372078125 0.78667714375 0.9501475734374999 0.7952341281249999 0.9214352390625 0.79197261875 0.89645596875 0.7868706109375 0.8764525781250001 0.78311615 0.8738060484375 0.77627535625 0.876222321875
1 0.6927986921875 0.8810770484375 0.6959923921875 0.8944271296874999 0.6974586046875 0.9321350734375 0.69999548125 0.939714021875 0.705001428125 0.943242728125 0.7117574640625 0.9262899656249999 0.7123295265625 0.9175246125 0.71787928125 0.9074424703125 0.710234746875 0.87889103125 0.7051892453125 0.8685786312499999 0.6989374625 0.8651368500000001 0.6927986921875 0.8810770484375
1 0.6204102406249999 0.8638292906249999 0.623014925 0.8830374265625001 0.62191035625 0.9073518281249999 0.6283712140625 0.9466502796875 0.6443523578125 0.9086945171874999 0.638021465625 0.8916853453125 0.6366626140625 0.8723902859375 0.627862653125 0.85943135625 0.6216334734375 0.8598659718749999 0.6204102406249999 0.8638292906249999
1 0.564358921875 0.8696790140624999 0.562104578125 0.9105550234375 0.5689962328125 0.916860640625 0.5759839437500001 0.9396409468750001 0.5797384046875 0.9422874734375 0.5777509875 0.922066778125 0.5845183265625 0.907052215625 0.58253655625 0.8878006171875 0.5749315765625 0.8660328734375 0.5693140125 0.8644858265625001 0.564358921875 0.8696790140624999
1 0.5110140000000001 0.9121806593749999 0.5230133125 0.93945876875 0.5235401671875 0.922940621875 0.5272155203125 0.9120197640625 0.5232406828125 0.871578365625 0.511966003125 0.86170058125 0.5064558015625 0.87856641875 0.5110140000000001 0.9121806593749999
1 0.4483888125 0.85934995 0.44803712500000004 0.9059101703125 0.4575617171875 0.9362694218750001 0.4599742796875 0.9225281875 0.4662034609375 0.9220935734375001 0.4653262625 0.878527575 0.45772128125 0.8567598296875 0.45210371875 0.855212784375 0.4483888125 0.85934995
1 0.376900159375 0.8895445875 0.3764298109375 0.9157537250000001 0.372748809375 0.925705484375 0.3727940140625 0.933458278125 0.3796009078125 0.9252274093749999 0.384595553125 0.9268179171875 0.3876592875 0.9178787171874999 0.39632928125 0.908548365625 0.3948687203125 0.8718095218749999 0.3904404875 0.8604845609374999 0.38422260937499997 0.8628573734374999 0.376900159375 0.8895445875
1 0.3237261046875 0.8544748390624999 0.3238165140625 0.8699804265625 0.32891287187499996 0.8890147171875 0.3402779640625 0.9143980890625001 0.3476682203125 0.8993400656249999 0.34630937031250003 0.8800450046874999 0.33370409375 0.8557176562500001 0.3280695765625 0.8512633125000001 0.3237261046875 0.8544748390624999
1 0.26515486093749996 0.8556529125000001 0.2602958328125 0.877320784375 0.26108261875 0.9053811984375001 0.2680420796875 0.92331600625 0.274310815625 0.9296650859375 0.27679683437499997 0.928522140625 0.2792320015625 0.9186573046875001 0.2802631109375 0.881744615625 0.2758574796875 0.8742960515625 0.2720239109375 0.8580821359374999 0.26515486093749996 0.8556529125000001
1 0.1991990109375 0.872858109375 0.19879081875 0.9097273375 0.20642405468749997 0.9363405765625 0.2137352 0.9077151656250001 0.21744445625000003 0.9026089015625001 0.2129032078125 0.8719019578125 0.21034372812500002 0.8604466140625 0.20597765156249997 0.8597817437499999 0.1991990109375 0.872858109375
1 0.144433084375 0.885404603125 0.13771095312499998 0.9081719578125 0.1415558234375 0.9263240749999999 0.1471620859375 0.9259329218750001 0.153470375 0.9390656953125 0.157751690625 0.9251940796874999 0.1589127671875 0.9105706671875 0.1586810875 0.8708376031249999 0.1548701203125 0.8585000828125 0.14680609218750001 0.8648796765625001 0.144433084375 0.885404603125
1 0.0882291984375 0.8650886515625 0.085171115625 0.8749969484375001 0.0835340375 0.9148603968750001 0.08798487499999999 0.9300617546875 0.0880526828125 0.94169094375 0.092367903125 0.9336339203125 0.098433215625 0.90509543125 0.097623825 0.8731586234375 0.09633278281249999 0.8654927515624999 0.0913324875 0.8629331453125 0.0882291984375 0.8650886515625
1 0.03171883125 0.8990857109375 0.031894003125 0.9291277843750001 0.035608909375 0.9249906187500001 0.0430839234375 0.9244690828125 0.0443580140625 0.9292276546875 0.0480785703125 0.9260595890625 0.0524615984375 0.9296317546875 0.0523994390625 0.9189716656250001 0.049250946875 0.9133743765625001 0.04835114375 0.8659319796875 0.04331129375 0.8565886812500001 0.0358758328125 0.8638939125 0.03171883125 0.8990857109375
1 0.9643739859375 0.8592205859375 0.9562760515625 0.8597855828125001 0.95194953125 0.8659044078125 0.9489027484375001 0.877750903125 0.9514283234375001 0.8833916546875 0.9503350562499999 0.909644253125 0.9529453921875 0.929821490625 0.9647808343750001 0.928995725 0.966604384375 0.921112546875 0.9697076734375001 0.918957040625 0.97217593125 0.9213304578124999 0.9729311656249999 0.895374728125 0.9707670359374999 0.886889846875 0.9706992281250001 0.87526065625 0.9681397484375 0.8638053140625 0.9643739859375 0.8592205859375