1 0.0836413140625 0 0.0828075421875 0.0009987218750000001 0.0775068859375 0.01380249375 0.072450625 0.0448700984375 0.072678659375 0.06718757343750001 0.0764786421875 0.07151070625 0.07597296249999999 0.07857088749999999 0.079185978125 0.07068818593750001 0.085253071875 0.065034428125 0.0937831078125 0.0402943171875 0.09862164375 0 0.0836413140625 0
1 0.15504281250000002 0 0.1550246484375 0.00001619375 0.1410144875 0.042615896874999996 0.13564837968750001 0.0716342265625 0.14313433125 0.06912175625 0.14641227343750002 0.084558709375 0.1565406328125 0.05790406875 0.1642060515625 0.050335779687500005 0.169555796875 0.0253710890625 0.1700778390625 0.01425726875 0.1651289890625 0 0.15504281250000002 0
1 0.22642622499999998 0.004044571875 0.21942958906249999 0.0035504984375 0.20917084843749997 0.02310004375 0.20334815156250002 0.0470176359375 0.2088441140625 0.0646386140625 0.20625079375 0.07661986875 0.2145195453125 0.0772037734375 0.22582236875 0.0354265875 0.22642622499999998 0.004044571875
1 0.267442721875 0.0880368734375 0.27390147656249997 0.0641641953125 0.28603566406250003 0.0528566765625 0.2877976203125 0.01040575625 0.28463369374999997 0.0061275390625 0.2800181828125 0.006815310937500001 0.260805546875 0.037896951562499996 0.25875036875 0.05447785000000001 0.2533681609375 0.0677827125 0.26452371406249997 0.06248828125 0.267442721875 0.0880368734375
1 0.35303445 0.0048755171875 0.3460378140625 0.0043814453125 0.340606778125 0.0100801203125 0.3229919421875 0.078781440625 0.326808290625 0.079050934375 0.3419923875 0.060862896875 0.35066916406250004 0.03917424375 0.3561983765625 0.009153734375 0.35303445 0.0048755171875
1 0.4131173671875 0.015200509374999999 0.40545194687499997 0.0227687984375 0.391327771875 0.054209765624999996 0.38451008125 0.08819408281249999 0.39943289375 0.0953300609375 0.4119423796875 0.06985726249999999 0.41957559843750003 0.0308620421875 0.416607503125 0.0174743640625 0.4131173671875 0.015200509374999999
1 0.48727484531250004 0.0457796609375 0.48525265624999997 0.034486178125 0.480490403125 0.032122490625 0.47395035781250006 0.036729153125000004 0.46638259218749994 0.05950981875 0.462321325 0.0805107 0.4663820671875 0.099044028125 0.47184582812500003 0.085238075 0.48013094218749997 0.081768340625 0.48727484531250004 0.0457796609375
1 0.5446008124999999 0.1086222984375 0.556474240625 0.083104584375 0.562965721875 0.0511246296875 0.5611066390625 0.0388289640625 0.5529846296875001 0.04129651875 0.537278490625 0.0705983765625 0.5446008124999999 0.1086222984375
1 0.6283329328125 0.052699487499999996 0.6207002390625 0.0521605 0.6100662 0.085875321875 0.6081253 0.0938478546875 0.61026150625 0.1163000734375 0.6131319484375 0.1144753734375 0.6180409421874999 0.1198905203125 0.6275659703125 0.0850836859375 0.6283329328125 0.052699487499999996
1 0.697940353125 0.0677518546875 0.695771421875 0.0534069125 0.6870133546875 0.0558295515625 0.6836045078125 0.0728217078125 0.6743243999999999 0.08635816874999999 0.6718941859374999 0.097337240625 0.6775696156250001 0.1099024015625 0.67526978125 0.127986571875 0.693047196875 0.09781727968750001 0.697940353125 0.0677518546875
1 0.75050406875 0.1282308015625 0.7614643171875 0.09251161875 0.762948628125 0.0794383515625 0.7596379578125 0.0721086765625 0.7556748703125 0.068787725 0.74977088125 0.0734393015625 0.7373917734375001 0.10601719843749999 0.7326617234375 0.13508044375 0.7357116359375 0.1281999234375 0.7481065796874999 0.1311025984375 0.75050406875 0.1282308015625
1 0.7997254390624999 0.1104189359375 0.796463334375 0.130462553125 0.8055961765624999 0.15340884375 0.8141262109375 0.1286687328125 0.8201774640625 0.0875344046875 0.817665959375 0.0792474625 0.8071300984375 0.0886404515625 0.7997254390624999 0.1104189359375
1 0.8607056953125 0.0954648296875 0.856595340625 0.12862662656249998 0.8590250312500001 0.1571817625 0.8785638796875 0.12409576093750001 0.8783685703125 0.093671009375 0.8750742671875 0.08228769531249999 0.8715841296875 0.08001383906250001 0.8607056953125 0.0954648296875
1 0.86572870625 0.1120387109375 0.863853259375 0.103796684375 0.861732890625 0.1168250359375 0.86572870625 0.1120387109375
1 0.9229084562500001 0.132295678125 0.926659875 0.109245521875 0.9235941265625 0.08064546875 0.918342559375 0.081288325 0.9144934875 0.0891261078125 0.901298853125 0.12671490624999998 0.9069906484375 0.1352264265625 0.90974655 0.1617772 0.9133021359375 0.1478365015625 0.9229084562500001 0.132295678125
1 0.9768107875 0.097581484375 0.9707764187500001 0.0951279671875 0.96485606875 0.10383318281250001 0.957924359375 0.1266587640625 0.9591146609375001 0.147016790625 0.9641703968750001 0.1554833953125 0.9779192734375 0.1382077078125 0.9795339609375 0.1322395375 0.9768107875 0.097581484375
1 0.069562771875 0.12981685625 0.0628596203125 0.1354257 0.053530423437499995 0.1611230765625 0.0491593109375 0.1800746796875 0.050137415625 0.21359580625 0.070312321875 0.1805547171875 0.077456225 0.1445660390625 0.07479797656250001 0.133227640625 0.069562771875 0.12981685625
1 0.13722876875 0.1923759640625 0.14192609375 0.171419996875 0.1406054140625 0.143956875 0.135370209375 0.140546090625 0.12850395312500001 0.147157115625 0.12157224375 0.16998269531250002 0.102979303125 0.20516289062499998 0.11649962031250001 0.205103940625 0.12489874999999999 0.21279294218749997 0.13722876875 0.1923759640625
1 0.186090678125 0.2242099453125 0.1951585921875 0.2238365859375 0.2073260296875 0.164887578125 0.2067390609375 0.1526817453125 0.2032652875 0.14635425 0.19483343125000002 0.1467725265625 0.1884237640625 0.15848428750000002 0.17752844375000001 0.21752312499999998 0.181621909375 0.2279491734375 0.18543825625000002 0.22821866875 0.186090678125 0.2242099453125
1 0.2705074203125 0.19570534374999998 0.2745359609375 0.182811740625 0.2768685234375 0.1566202890625 0.274520121875 0.1473311703125 0.2700677171875 0.147016759375 0.2623859359375 0.15863868750000001 0.258243378125 0.16037355625 0.2541493859375 0.189481715625 0.253675909375 0.22796882968749999 0.2557799140625 0.218994115625 0.2705074203125 0.19570534374999998
1 0.3157160875 0.22626765 0.3294976890625 0.200884684375 0.33636394687500004 0.1942736609375 0.3416160375 0.15409659375 0.339104534375 0.1458096546875 0.3337062234375 0.1434010515625 0.3210499953125 0.16582239062499998 0.313645334375 0.1876008734375 0.31419957656249997 0.20791398437500003 0.316580703125 0.209095828125 0.3157160875 0.22626765
1 0.383041084375 0.1762821296875 0.383383134375 0.2097583375 0.3932174859375 0.21653499062499998 0.40332948281250003 0.1939339875 0.40964149687500007 0.167009853125 0.41034300625000003 0.1508402125 0.40112835 0.14816211562499998 0.383041084375 0.1762821296875
1 0.44839193125000004 0.181910628125 0.4428463546875 0.215984775 0.44969624843749995 0.213427390625 0.45109874375 0.22062231875 0.4713881921875 0.1592057578125 0.46616935000000004 0.15174133437499998 0.4612276296875 0.1544334671875 0.44839193125000004 0.181910628125
1 0.5257455390625 0.248194928125 0.532301946875 0.23953462499999997 0.5396902453125 0.22180977968749999 0.5444366578125 0.18869289843749998 0.5438987796875 0.164326146875 0.539772584375 0.1620073765625 0.5304761140625 0.17959747343750002 0.5293180125 0.190666378125 0.5254689406249999 0.1985041625 0.5213585843749999 0.23166596093749997 0.5257455390625 0.248194928125
1 0.6187408796875 0.22232350625000002 0.6197522359375001 0.20820314374999999 0.615887325 0.18056035625 0.60825463125 0.18002136875000002 0.6018286015625 0.19578676875 0.5974083984375 0.22689928906249998 0.599674984375 0.25645660625 0.6028225468749999 0.2647884640625 0.604779809375 0.25276229375 0.6187408796875 0.22232350625000002
1 0.6778129625 0.207234653125 0.6729203312500001 0.19776586875 0.6676524015624999 0.20246236093749997 0.659448578125 0.2251981109375 0.65210884375 0.27029625 0.6684019515624999 0.25320022343750004 0.6754476765625 0.24153337968750002 0.678872884375 0.22048758125 0.6778129625 0.207234653125
1 0.7334762015625 0.20913795624999998 0.7282246328124999 0.20978081093749998 0.7205428515625 0.221402740625 0.7155029546875 0.24841670625 0.7225481546875 0.27628407187500004 0.72576116875 0.26840137343750003 0.73324711875 0.26588890468750004 0.735791875 0.22653435625 0.7334762015625 0.20913795624999998
1 0.7188125734375 0.3348148015625 0.71119624375 0.33022217343750004 0.7004481859375 0.3527782609375 0.6857856078125 0.3993866890625 0.69596253125 0.40010533906249995 0.6968920749999999 0.40625317031249997 0.7039541625 0.39053268750000003 0.713853965625 0.38109478281250003 0.7188125734375 0.3348148015625
1 0.778307996875 0.3724681703125 0.7819290359375 0.3423129140625 0.780706009375 0.33006216718750003 0.773856115625 0.33261955 0.7651793390625 0.3543082046875 0.759323915625 0.38633307499999997 0.7590626312500001 0.411657090625 0.7619494359375001 0.4057787515625 0.7673313828125 0.41224099374999995 0.778307996875 0.3724681703125
1 0.79471669375 0.247928253125 0.79354275625 0.2235165890625 0.7871821765625 0.22306743125 0.7833494671875 0.22685157500000003 0.77046468125 0.26648965156250004 0.7698771890625 0.29381802968750004 0.7772000343750001 0.2923077390625 0.7814566078125 0.30173160781249997 0.7888612687500001 0.27995312499999997 0.79471669375 0.247928253125
1 0.829666096875 0.3375743140625 0.8258333875 0.3413584578125 0.8193909937500001 0.361177496875 0.8164714625 0.3751631125 0.8198634218749999 0.401758803125 0.83028526875 0.381207078125 0.8365809171875 0.3583365796875 0.8339553953125 0.3388909046875 0.829666096875 0.3375743140625
1 0.850918334375 0.234664096875 0.8466290375 0.23334750781250002 0.8408554265625 0.24510418281250002 0.8350000046874999 0.2771290546875 0.83901165625 0.307823296875 0.8541144624999999 0.27036924687499997 0.851439853125 0.2630844875 0.8537396875000001 0.2450003171875 0.850918334375 0.234664096875
1 0.9031220640625 0.38432310468750003 0.9081783250000001 0.3532555 0.9049003843750001 0.3378185453125 0.8979037468750001 0.33732447187500003 0.8908416609375 0.3530449578125 0.8780872546875 0.3997881296875 0.885083890625 0.400282203125 0.8851979062499999 0.4114409390625 0.8886880421875001 0.4137147953125 0.9031220640625 0.38432310468750003
1 0.9040690187499999 0.3073488796875 0.904591059375 0.296235059375 0.9211290875 0.2578686578125 0.9217978703125 0.24980629687499997 0.9140838875 0.2300012921875 0.9088323203125 0.2306441484375 0.901623490625 0.24331317343749997 0.889488778125 0.29415490312500003 0.8996602484375 0.296224765625 0.901508425 0.31122285625 0.9040690187499999 0.3073488796875
1 0.9719651468749999 0.23408862031250002 0.966876684375 0.2337292953125 0.9622448109375 0.23847070625 0.94792480625 0.27902113125 0.9370627328125 0.2904184828125 0.9368669015625001 0.299527940625 0.9543830375000001 0.2946826640625 0.9678057015625001 0.27941133749999997 0.9733512781250001 0.24533718906250002 0.9719651468749999 0.23408862031250002
1 0.0542789234375 0.29092935625 0.056073081250000004 0.2799053671875 0.0527624125 0.2725756921875 0.0459288828125 0.2710794390625 0.034707875 0.2925884296875 0.031331754687500005 0.3014733078125 0.0312985046875 0.349114796875 0.0360443921875 0.355532121875 0.0559258140625 0.31638811875 0.0542789234375 0.29092935625
1 0.124521878125 0.3455608484375 0.129415034375 0.315495421875 0.13231820156250002 0.30556344687500003 0.1359878046875 0.3027814828125 0.13081805468750002 0.283156140625 0.12254930156249999 0.2825722375 0.1108553421875 0.30303413125 0.10712028437500001 0.3220306515625 0.107984375 0.344393040625 0.111784359375 0.3487161734375 0.124521878125 0.3455608484375
1 0.1746073390625 0.35011136875000004 0.17826058125 0.35138304374999996 0.18240313749999998 0.349648178125 0.18848659375000001 0.33994077968749997 0.196853521875 0.316202846875 0.20132281562499998 0.272929409375 0.1940163328125 0.2703860609375 0.1836272125 0.28283050468750004 0.172520221875 0.315498234375 0.16651805625 0.344471646875 0.1743138546875 0.34400845156250004 0.1746073390625 0.35011136875000004
1 0.2452424796875 0.3469897328125 0.2564307609375 0.333588021875 0.262449290625 0.3005609703125 0.260916415625 0.28626094375 0.2555181046875 0.28385234062500003 0.25041328281249997 0.287546653125 0.2444765671875 0.3003055109375 0.23643584843749998 0.3220390796875 0.2325049609375 0.3501450578125 0.239305765625 0.35974858906249996 0.2452424796875 0.3469897328125
1 0.31263187812500004 0.359858075 0.315502321875 0.3580333765625 0.32642984375 0.330421471875 0.33584085625000004 0.2844559 0.3307523953125 0.2840965734375 0.3242614375 0.27654231875 0.314182165625 0.29103604375000003 0.3071850046875 0.33007617968749997 0.3107891578125 0.3435087734375 0.31072370625 0.35972332812499996 0.31263187812500004 0.359858075
1 0.39147136875 0.2944664796875 0.3846378375 0.292970228125 0.37711915937499996 0.303589975 0.36871950625 0.3354351828125 0.3670066375 0.3657251890625 0.3803474890625 0.37072205625 0.38595799375 0.35996756093750004 0.3960541515625 0.3018859875 0.39147136875 0.2944664796875
1 0.4394032109375 0.359686840625 0.44850385 0.35120620156250004 0.45579449531250005 0.31826898125 0.4544083625 0.3070204125 0.4502985328125 0.3006480015625 0.4400397921875 0.32019754843750003 0.43653329375 0.32197732968750004 0.436810415625 0.3321338859375 0.42632311874999995 0.368900165625 0.42881826093750003 0.3812407453125 0.4394032109375 0.359686840625
1 0.5010517265625001 0.3762045796875 0.5124844046875 0.3810667015625 0.5223029171875 0.3523627828125 0.5236895734375 0.3240771421875 0.5202158 0.31774964687499996 0.513056059375 0.3182577546875 0.50985940625 0.32208681562499997 0.5080488875 0.33716444375 0.49922536875 0.3558016375 0.49871969062500004 0.36286181875 0.5010517265625001 0.3762045796875
1 0.5826798421875 0.32925648125 0.5729753484375 0.36911913749999997 0.570822253125 0.390254765625 0.5733501203125 0.3944880671875 0.5856965015625 0.3700174515625 0.5938190359375 0.3280156875 0.58860019375 0.32055126562499997 0.5826798421875 0.32925648125
1 0.6604910875 0.3215731 0.655712471875 0.3232630515625 0.6470520578125 0.3408980640625 0.6435777609375 0.3741047796875 0.64460495625 0.3954649859375 0.6580767109375001 0.36803274375 0.6632633515624999 0.344070234375 0.6625460015625 0.324759303125 0.6604910875 0.3215731
1 0.9348109390625 0.3754101546875 0.94009470625 0.4061942296875 0.93813744375 0.41822040156250007 0.9499781484375 0.40080996406249997 0.954479640625 0.388963459375 0.9607098390625 0.3823075171875 0.9628138453125 0.37333280625 0.9598130234375001 0.3680524078125 0.9578399234375 0.34459800625 0.9505334390625 0.3420546578125 0.94557535625 0.34880042968749997 0.9431451421875 0.3597795015625 0.9348109390625 0.3754101546875
1 0.0342000984375 0.4577854484375 0.0390119640625 0.40845400937500004 0.035375084375 0.4031286953125 0.026144065625 0.40450423593749996 0.0141238953125 0.42697049218750005 0.0075183984375 0.447791709375 0.0121175453125 0.451157578125 0.012589973437499999 0.491738884375 0.028932168749999997 0.46248194218750005 0.0342000984375 0.4577854484375
1 0.11042938124999999 0.44796295625000004 0.112925046875 0.4207693265625 0.10850536875000001 0.4123476390625 0.10341690625 0.4119883125 0.095735125 0.4236102421875 0.0929786984375 0.43659367656250003 0.08495434375000001 0.45427360781250004 0.1007085203125 0.49187925000000005 0.099974809375 0.47662195937499996 0.11042938124999999 0.44796295625000004
1 0.1551650953125 0.477478165625 0.1627159734375 0.49828535 0.165586415625 0.4964606515625 0.176187728125 0.47085310625 0.180118615625 0.442747128125 0.18413079375000002 0.4339071625 0.1795970984375 0.41432673906249995 0.171328346875 0.413742834375 0.1625539171875 0.4202191125 0.1593572640625 0.4240481734375 0.1570737921875 0.4380787046875 0.1551650953125 0.477478165625
1 0.240006225 0.42264736875000003 0.2357169265625 0.4213307796875 0.2241697078125 0.4448441296875 0.21789042187500002 0.46366098750000007 0.22837666875 0.5059631234374999 0.23514527031250002 0.484139725 0.24202789062500002 0.4734750609375 0.24566529374999999 0.43926616406249996 0.240006225 0.42264736875000003
1 0.29172168906249996 0.4962445 0.299631503125 0.50694004375 0.30411663437500003 0.49914717656249996 0.308014796875 0.479148475 0.3077704 0.46088464062499995 0.311179246875 0.4438924828125 0.3078849421875 0.4325091671875 0.3005620953125 0.43401945781249995 0.29591385937500003 0.44281450624999996 0.29157547031250003 0.4536588328125 0.2886068515625 0.479805365625 0.29172168906249996 0.4962445
1 0.3824013546875 0.45297668125 0.38166764375 0.43771938906249996 0.3786668234375 0.432438990625 0.373725103125 0.43513112343750004 0.3673154375 0.4468428828125 0.360318278125 0.48588302031249997 0.3637756890625 0.4962641546875 0.3610028984375 0.513301228125 0.37431154843750003 0.48687116562500005 0.3824013546875 0.45297668125
1 0.43654703437500003 0.5155947390625 0.436905971875 0.5054830984375001 0.4473278140625 0.48493137343750004 0.45370527968749996 0.44179268125000004 0.4484700765625 0.4383818984375 0.44256608750000004 0.443033478125 0.43341635937499995 0.4636750328125 0.4298444078125 0.4816693734375 0.43007244062499994 0.5039868453125 0.43596006562499995 0.5033889046875 0.43654703437500003 0.5155947390625
1 0.5030232546875 0.5182616078125 0.5048174109375 0.50723761875 0.503268175 0.4969912328125 0.5130381234375 0.440914021875 0.5084553390625 0.43349451562499997 0.505748003125 0.4343170328125 0.49581547343750004 0.451862215625 0.48979694374999994 0.484889265625 0.490400278125 0.4930414609375 0.49800024374999996 0.5016877281250001 0.5030232546875 0.5182616078125
1 0.577687459375 0.462712159375 0.5785848015624999 0.4374330609375 0.5738225484374999 0.43506937343749996 0.56855461875 0.4397658671875 0.554120596875 0.46915755781249996 0.5526690109375 0.474123546875 0.5557838484375 0.49056268125 0.5628617765625 0.5103227671874999 0.5663519109374999 0.5125966234375 0.577687459375 0.462712159375
1 0.6303002640625001 0.5110301921875 0.6337904 0.5133040484375 0.644244971875 0.48464504531249997 0.6472790421875 0.44228395625 0.6461863937500001 0.4371383046875 0.6384069593749999 0.43354785781249994 0.6324866078125 0.442253075 0.6319645671874999 0.453366896875 0.6226353703124999 0.4790642734375 0.628963221875 0.4876207078125 0.6303002640625001 0.5110301921875
1 0.686681375 0.4927102171875 0.69134545 0.5193957390625 0.6966788312500001 0.49848468749999997 0.7040344046875 0.4888671203125 0.7072152171874999 0.449557490625 0.7039045500000001 0.4422278140625 0.6962554921875 0.44574246406249995 0.6890139359375 0.46651876718749996 0.6816583640625 0.476136334375 0.6798805703124999 0.48310668593750006 0.686681375 0.4927102171875
1 0.734157153125 0.5132956296875 0.7386095578125 0.5136100390625 0.7404686421875 0.52590570625 0.7477914875 0.5243954171875 0.7550821328125 0.4914581953125 0.7568277250000001 0.4530609140625 0.754006371875 0.44272469374999995 0.749880178125 0.44040592343749996 0.7426713484375 0.45307495 0.733782378125 0.4879266984375 0.7329014015624999 0.5091521593749999 0.734157153125 0.5132956296875
1 0.798448603125 0.466136990625 0.795267790625 0.5054466203125 0.7986761109375 0.527988671875 0.8132568750000001 0.5016484421875 0.8142845953125001 0.4834744390625 0.8138770953125001 0.46621278593750004 0.8075819687499999 0.44954907187500004 0.798448603125 0.466136990625
1 0.8718882078125001 0.5169394203125 0.8792765062499999 0.49921457656249996 0.8754443203125 0.46346451093749996 0.8705189640625 0.4621030046875 0.865887090625 0.46684441562499995 0.8613692343749999 0.48274455937500005 0.8562480484374999 0.4904925140625 0.8549595671875 0.4944563203125 0.8644186203125 0.5153982515625 0.8671095921875001 0.518629371875 0.8718882078125001 0.5169394203125
1 0.9279753109375 0.5320507390625 0.9381527593750001 0.49323518125000004 0.940305853125 0.4720995515625 0.9357394328125 0.46062640468750005 0.929525596875 0.4632287078125 0.92200691875 0.47384845468750003 0.9196743578125 0.500039903125 0.92003276875 0.529462471875 0.92513759375 0.525768159375 0.9279753109375 0.5320507390625
1 0.0768951640625 0.6381976515625001 0.0753459265625 0.6279512640625 0.08208180312499999 0.61423514375 0.08354975 0.605215515625 0.0762437921875 0.5631379562500001 0.06844799375 0.563601146875 0.062054690625 0.57125926875 0.056329643750000005 0.6103892390625 0.062053640624999996 0.6503276890625 0.0652339296875 0.6505522671875 0.0768951640625 0.6381976515625001
1 0.135559746875 0.6058471453125 0.138527840625 0.6192348187500001 0.136733684375 0.6302588109375 0.1411860875 0.6305732203125001 0.14368123125 0.6429138 0.1616544796875 0.6036350500000001 0.1603174359375 0.5802255640625 0.1635468140625 0.568289225 0.158018125 0.5587755249999999 0.15276655625 0.55941838125 0.1451011375 0.5669866703124999 0.1421488828125 0.5890795640625 0.135559746875 0.6058471453125
1 0.2215906546875 0.61090858125 0.22892986249999997 0.6053446546875 0.22990849375 0.59933156875 0.2253584359375 0.583804784375 0.2303492453125 0.568951734375 0.226696003125 0.567680059375 0.22434760312500002 0.5583909375 0.217660815625 0.5599461421874999 0.2080544953125 0.5754869640625 0.2028187671875 0.6116103890625 0.20570504843749998 0.645266259375 0.2215906546875 0.61090858125
1 0.26906643125 0.631493996875 0.2727360359375 0.6287120328125 0.27924335624999996 0.632212646875 0.29158973593750004 0.60774203125 0.29824432343749996 0.5747598953125 0.297820459375 0.56155188125 0.29292782812499996 0.5520830984375 0.2876762609375 0.5527259515625 0.2827018140625 0.5635253625 0.2821634109375 0.5786928234375 0.267174621875 0.6273056109375 0.26906643125 0.631493996875
1 0.3597466234375 0.54869196875 0.3557671703125 0.5494246546875 0.3458346421875 0.5669698359375 0.3392127796875 0.5918446937499999 0.3450513171875 0.603407671875 0.3476768375 0.6228533484375001 0.358587996875 0.5992950828125 0.366531065625 0.5623491375 0.3597466234375 0.54869196875
1 0.4209385484375 0.5601089703125 0.413811534375 0.552509803125 0.4059339203125 0.5732411890625 0.400894021875 0.60025515625 0.4114620859375 0.6222890984375 0.41689312031250003 0.6165904234374999 0.42240597187500006 0.590623553125 0.41978045 0.5711778765625 0.4209385484375 0.5601089703125
1 0.4718722625 0.551541309375 0.46702819531250006 0.5694458171875 0.464548890625 0.5925858078124999 0.472360528125 0.6276031859375 0.48079238437500005 0.6271849109375001 0.485294403125 0.57580419375 0.4783959453125 0.5509882875 0.4718722625 0.551541309375
1 0.5547059921875 0.59996601875 0.5589303625 0.57796295625 0.555668784375 0.5584723625 0.55010736875 0.557065940625 0.5454591343749999 0.565860990625 0.53122041875 0.62567743125 0.53104095 0.63073325 0.5421474171875 0.637599734375 0.5441046796875 0.6255735640625 0.5547059921875 0.59996601875
1 0.6100752218750001 0.6353006156250001 0.61550625625 0.629601940625 0.620676534375 0.6096930703125001 0.62532529375 0.5613638125 0.622650684375 0.5540790531249999 0.61708926875 0.55267263125 0.6071567390625 0.5702178124999999 0.604416678125 0.579147609375 0.6031767640625 0.610484709375 0.6064383421875 0.6299753015625 0.6100752218750001 0.6353006156250001
1 0.6815755015625 0.57547295 0.67837885 0.579302009375 0.6750840203124999 0.60745290625 0.675915384375 0.6379225703125 0.6860110171875 0.6193752078125 0.6884575953125001 0.604342496875 0.6903172046875 0.5771039499999999 0.6815755015625 0.57547295
1 0.7362764703125 0.5793357 0.7324764859374999 0.5750125671874999 0.7281708250000001 0.5777496140625 0.7192327656249999 0.6247622828125 0.7189551203125 0.6541399359375 0.724516534375 0.6555463593749999 0.7337966421875 0.6420098984375 0.742962734375 0.617314703125 0.7362764703125 0.5793357
1 0.79968589375 0.6324709359375 0.8016922453124999 0.6082838500000001 0.7963757499999999 0.5856070515625 0.7909774406250001 0.58319845 0.787617684375 0.588029690625 0.7777500828125 0.6288945265625 0.7837517234375 0.639455321875 0.78239779375 0.6596336875000001 0.785414978125 0.6608604453125 0.79968589375 0.6324709359375
1 0.8464437984375 0.67327963125 0.858937446875 0.6123262625 0.8567848781249999 0.5939276812500001 0.8513702046875 0.5955727171875 0.8475211328125001 0.603410503125 0.838942009375 0.64031153125 0.8464437984375 0.67327963125
1 0.9241742765625001 0.606796025 0.920847246875 0.6035199875 0.913997353125 0.606077375 0.9083699624999999 0.6604197171874999 0.9100986671875001 0.6656102828125 0.9151871296874999 0.6659696078125 0.9226894437500001 0.6594035 0.9291154734375 0.6436381015625 0.9241742765625001 0.606796025
1 0.1362105953125 0.72044105 0.137286878125 0.7296403390624999 0.1279576828125 0.755337715625 0.1282997296875 0.788813925 0.142178984375 0.778643334375 0.15101886874999998 0.7559525 0.15659716875000002 0.7137710734375 0.15106847968749998 0.704257375 0.1458169125 0.704900228125 0.141967840625 0.7127380125 0.13130160156249998 0.7150259046875 0.1362105953125 0.72044105
1 0.20552452968749998 0.7293905015625 0.1992943328125 0.736046440625 0.1986741125 0.77148209375 0.204545375 0.77493779375 0.20751346874999999 0.7883254703125 0.20725271250000002 0.774115275 0.21255336875 0.7613115031250001 0.22100158749999999 0.7568395875 0.2218662015625 0.7396677656249999 0.22750943281249997 0.72080599375 0.2255036046875 0.705458871875 0.2210512 0.7051444625000001 0.21146124375 0.71663164375 0.20552452968749998 0.7293905015625
1 0.2737130921875 0.7413015765625001 0.275180515625 0.7718161578125 0.27131508125 0.7837075812500001 0.27867065 0.774090015625 0.29087029062499997 0.7465679390625 0.2958120109375 0.7438758062499999 0.3024824359375 0.746374240625 0.30424386718749996 0.7434575296875 0.3001340359375 0.7370851187499999 0.2968888203125 0.7135408859375 0.293415046875 0.7072133921875 0.28800037343749996 0.708858428125 0.276942471875 0.7293652374999999 0.2737130921875 0.7413015765625001
1 0.326717559375 0.7714006906249999 0.3300118640625 0.78278400625 0.3436630859375 0.7502959421875001 0.3545251578125 0.7388985906250001 0.35408493281250003 0.72974421875 0.36462079375 0.720351228125 0.36369125156250004 0.7142033953125 0.3662682078125 0.70627578125 0.35723301875 0.6985418640625001 0.3518183453125 0.7001869000000001 0.33565561875 0.7243880234375 0.32856080625 0.7482157843749999 0.326717559375 0.7714006906249999
1 0.402310259375 0.8010674921875 0.40749689843750003 0.777104984375 0.4167770078125 0.7635685265625 0.419843278125 0.7526343671875 0.4166957171875 0.7443025125 0.41503246406249994 0.7228973890625 0.4123414890625 0.7196662671875 0.407562875 0.7213562171875 0.39825004062499997 0.74299995625 0.3951674046875 0.757987753125 0.40350108437500004 0.7818913109375 0.402310259375 0.8010674921875
1 0.4611537859375 0.8031953749999999 0.4651332375 0.8024626890625 0.4748213703125 0.7666536734375 0.47765961093750003 0.7334020421874999 0.47500136406250004 0.7220636421875 0.46927684375 0.7216594015625 0.45515266875 0.75310036875 0.4522331390625 0.767085984375 0.45516850781249996 0.7885809390625 0.46071355937499997 0.7940410015625 0.4611537859375 0.8031953749999999
1 0.5396021359375001 0.7164884890625001 0.5337308734375 0.713032790625 0.5258859874999999 0.7256568984375 0.5150724796875 0.7644275421875 0.51588748125 0.7989508468750001 0.525770921875 0.79356658125 0.5328657359375 0.7697388203125 0.5411677375 0.7226812359375 0.5396021359375001 0.7164884890625001
1 0.60563813125 0.7100009859374999 0.5960645375 0.7174345296875 0.5822502109375 0.7509247718750001 0.5773570546875 0.7809901984375001 0.5830979390625 0.7773407999999999 0.5876479953125 0.7928675859375 0.6012828546875 0.7644331609374999 0.60797016875 0.7233437453125 0.60563813125 0.7100009859374999
1 0.6481880265625 0.7687591031250001 0.651759453125 0.7902989734375 0.6582995 0.7856923109375 0.6589519203124999 0.7816835859375 0.6658018140624999 0.7791262 0.6703196703125001 0.76322605625 0.6703201937500001 0.7236918453125 0.667482478125 0.717409265625 0.66206780625 0.7190543015624999 0.6572401015625 0.7329051718749999 0.6524614859375 0.7345951234375 0.6481880265625 0.7687591031250001
1 0.7215959546875 0.7486003921875 0.7165560578125 0.7756143578125 0.717583253125 0.796974565625 0.7213832375 0.8012976984375 0.7343984015625 0.7687647203125 0.7405964 0.7306818500000001 0.7326538578124999 0.7280935828125 0.7215959546875 0.7486003921875
1 0.798934246875 0.7398699140625 0.7962596359375 0.7325851546875 0.7906982218749999 0.73117873125 0.7860663484375 0.7359201421875 0.7791346390625 0.7587457234375 0.771664528125 0.7967387609375 0.774812090625 0.8050706171875 0.78503810625 0.793628353125 0.7924100390625 0.779957146875 0.798934246875 0.7398699140625
1 0.856342028125 0.78244435625 0.8601588984375 0.743179640625 0.857337546875 0.732843421875 0.8535212 0.732573928125 0.84585578125 0.7401422171875 0.8419903453125 0.7520336390625 0.840440584375 0.7813214625 0.842593153125 0.79972004375 0.845757078125 0.8039982609375 0.856342028125 0.78244435625
1 0.90849876875 0.7861274421875 0.9146804015625 0.7520982093749999 0.9145663859375001 0.7409394734375 0.906313996875 0.73630193125 0.8992355468750001 0.7560760515625 0.8909335437499999 0.8031336359375001 0.90849876875 0.7861274421875
1 0.045938428125 0.7809705234375001 0.0438998765625 0.773730678125 0.049999693750000004 0.7599696406249999 0.058301171875 0.7524462656249999 0.059655103125 0.7322679015625 0.0656572703125 0.7032944890625 0.059786004687500005 0.6998387890625 0.052773007812499995 0.7033983562499999 0.036447175 0.7286016609375 0.0328424984375 0.754703278125 0.03975731875 0.775465546875 0.045938428125 0.7809705234375001
1 0 0.9541101078124999 0.009561971875 0.9547853328125001 0.022059618750000003 0.9435034812499999 0.033525548437500004 0.9007241140625 0.0324656265625 0.8874711859375 0.027540267187500002 0.8861096796875 0.0187658375 0.8925859562499999 0.014590556250000001 0.9024281015625 0.008376718750000001 0.9050304015625 0.007854678125 0.916144221875 0 0.9484084749999999 0 0.9541101078124999
1 0.11353845 0.8992783953125001 0.1050247765625 0.919964865625 0.097603753125 0.9457969890625 0.0997631109375 0.9611549546875 0.1107267640625 0.9619291593750001 0.11732154374999999 0.9471893765624999 0.12190485468750001 0.915074675 0.12559081875 0.908239071875 0.12451453750000001 0.8990397796874999 0.1178441109375 0.8965413468750001 0.11353845 0.8992783953125001
1 0.1991454921875 0.8911318203124999 0.192262871875 0.9017964828125 0.179737021875 0.93132291875 0.183830490625 0.94174896875 0.182998603125 0.9508135140625 0.1869739890625 0.9673134156250001 0.188657671875 0.9674323093750001 0.1929633328125 0.9646952625 0.19681240625000002 0.9568574765625 0.20444562500000002 0.91786225625 0.2099093859375 0.9040563031250001 0.20615849062499997 0.8875722546875 0.1991454921875 0.8911318203124999
1 0.2816371734375 0.90608031875 0.28744350937499996 0.8862163656250001 0.2868238140625 0.882117809375 0.2804632359375 0.881668653125 0.2692749546875 0.8950703640625 0.264740734375 0.9150241515624999 0.2554442625 0.9326142484375 0.26578376875 0.9718649296875 0.278831659375 0.9312246703125 0.2816371734375 0.90608031875
1 0.3210067796875 0.9646138578125001 0.331917940625 0.941055590625 0.3400563109375 0.9345343968750001 0.3443625 0.8922631390625 0.3400895625 0.8868929109374999 0.3340388328125 0.8884930296875 0.3226547203125 0.9110042 0.31748444375 0.9309130703124999 0.3220345 0.9464398562499999 0.31670111875 0.9673509062500001 0.3210067796875 0.9646138578125001
1 0.38650541875 0.8942253953125 0.37583865312500003 0.9360474968749999 0.37786084375 0.9473409796875 0.37572411250000004 0.9644229687499999 0.39253926093749997 0.9362131218749999 0.402700346875 0.9014512046875 0.3997486140625 0.8840098890625001 0.38650541875 0.8942253953125
1 0.4626043203125 0.87729780625 0.4565535890625 0.8788979250000001 0.44516947656249994 0.901409096875 0.43719368750000004 0.9464623187500001 0.443554265625 0.946911475 0.44381502343749996 0.9611216703125001 0.4585752546875 0.92972561875 0.465768246875 0.8815760234375001 0.4626043203125 0.87729780625
1 0.5206803625 0.9513440937500001 0.526095034375 0.9496990578125001 0.531786828125 0.958210578125 0.5330916703125 0.9501931296875 0.530906375 0.9399018281249999 0.5346741578125 0.9127980296875 0.5314453046875001 0.8852001578124999 0.5254109375 0.882746640625 0.5190012703125 0.8944584000000001 0.5115311578124999 0.932451440625 0.5189680203125 0.9420998890625001 0.5206803625 0.9513440937500001
1 0.5913001890625 0.8732076796875001 0.5847601421874999 0.8778143406250001 0.5677982515625 0.9029727296875001 0.5632640328125 0.9229265140624999 0.568450146875 0.938498215625 0.5843030265625 0.912247815625 0.5926535937499999 0.8925635249999999 0.5952632765625 0.87652863125 0.5913001890625 0.8732076796875001
1 0.64158043125 0.947717159375 0.6516760640625 0.9291697953125 0.6570421734375 0.9001514671875 0.655542025 0.8777441640625 0.6480560750000001 0.880256634375 0.6414669375 0.8970242140625 0.6357096921875 0.90472725 0.6307838109375 0.9428999546875 0.631696990625 0.9531014234375 0.634078115625 0.95428326875 0.64158043125 0.947717159375
1 0.7159675156249999 0.8820111562499999 0.7113520062500001 0.882698925 0.7068505125 0.8945454343750001 0.697178740625 0.9263008109375 0.7001795625 0.9315812093750001 0.7030822062500001 0.961183440625 0.7152818437499999 0.933661365625 0.7208437828125 0.8955335796874999 0.7159675156249999 0.8820111562499999
1 0.7659542734375 0.9504177203124999 0.77167879375 0.9508219609375 0.7785941390625 0.93205001875 0.775348921875 0.9085057875 0.7762298999999999 0.887280328125 0.7689397796875 0.8806833390625 0.763003065625 0.89344219375 0.756315753125 0.934531609375 0.755141290625 0.9496541531249999 0.7573102234375 0.96399909375 0.7659542734375 0.9504177203124999
1 0.8263797640625 0.9546847109375 0.8334418515625 0.9389642265625 0.8382209906250001 0.8977400671875 0.836671753125 0.8874936796874999 0.8338176734375 0.885264740625 0.828239896875 0.88791195625 0.8256629390624999 0.895839571875 0.8196444109375 0.9288666234375 0.8212749390624999 0.9583790234375 0.8244225015625 0.96671088125 0.8263797640625 0.9546847109375
1 0.8649185296875 0.9432143734375 0.8631243718749999 0.9542383640625 0.868229196875 0.9505440500000001 0.8715562296874999 0.9538200859374999 0.8736438703125 0.9488990140625001 0.8812765640625001 0.9494380015624999 0.8844404906250001 0.9537162203125 0.8894967515625 0.9226486140624999 0.8909161343750001 0.8862556937500001 0.8844251765625 0.8787014390625 0.8777056625 0.8883639234375 0.86907745 0.9374258671875 0.8649185296875 0.9432143734375