1 0.8405036984375001 0 0.8470281125 0.0190974375 0.8529325218749999 0.023933746875000002 0.855974315625 0.031340590625 0.855596853125 0.0244064328125 0.8594317890625 0.0196404015625 0.859976184375 0 0.8405036984375001 0
1 0.7662367140625 0 0.7691676859375 0.014519243749999999 0.776620165625 0.021050996875 0.7861773624999999 0.046189734375 0.7896891828125 0.030473590625 0.7970520750000001 0.0320166578125 0.7922477875 0.003932349999999999 0.790972365625 0 0.7662367140625 0
1 0.7084513640625001 0 0.7084638453125 0.007538440624999999 0.7189199078125 0.047518229687500003 0.72711118125 0.0458930640625 0.724753834375 0.03434525625 0.7304981734375 0.016183592187500002 0.7267325796875 0 0.7084513640625001 0
1 0.647806915625 0 0.648585415625 0.032435240625 0.6603942359375 0.042107860937500005 0.666369128125 0.0649534546875 0.6697017703125 0.039259935937500004 0.680646965625 0.043096143749999996 0.67555331875 0.03058928125 0.6738084484375 0.014414139062500001 0.6644276015624999 0 0.647806915625 0
1 0.58026820625 0 0.5848750234375 0.0270522375 0.5930824328125001 0.0474523109375 0.607789109375 0.0635590390625 0.611569696875 0.0628089625 0.59609105 0 0.58026820625 0
1 0.52001313125 0.013887353124999998 0.5168435328125 0.0275330109375 0.5237172906249999 0.0652196578125 0.535650940625 0.0888856109375 0.5505397703125 0.07992388125 0.5443856984375001 0.047100909375 0.5309583265625 0.0177235609375 0.5235058453125 0.01119180625 0.52001313125 0.013887353124999998
1 0.4517994890625 0.039436582812499996 0.4496022125 0.0508867453125 0.45604415625000005 0.0856551875 0.464181084375 0.088045975 0.4693467 0.10103920625 0.4736869046875 0.082154834375 0.4700341203125 0.061852406250000005 0.4629429703125 0.040229571874999995 0.4565523984375 0.036491009375 0.4517994890625 0.039436582812499996
1 0.38048672968749997 0.0966407546875 0.3917902828125 0.12043171875 0.39969665625 0.08181524999999999 0.3846668640625 0.054758409375 0.37667387343750003 0.05334035625 0.3746205359375 0.0657632546875 0.38048672968749997 0.0966407546875
1 0.3101140265625 0.10759895781249999 0.3189324265625 0.14089461406249998 0.32388362187499997 0.1349058234375 0.3266918890625 0.13635124375000002 0.3291961484375 0.11382595468750001 0.32741454999999997 0.1061690859375 0.317479890625 0.074096190625 0.30991871249999997 0.07559634374999999 0.3101140265625 0.10759895781249999
1 0.2431826609375 0.0848317328125 0.2407870984375 0.099325115625 0.24510522343750002 0.1285071703125 0.2621692453125 0.1561617109375 0.2602084703125 0.13852746093749999 0.2660423984375 0.1253544875 0.26382898906249996 0.11477941250000001 0.254882784375 0.10253626093749998 0.251805746875 0.086124775 0.2431826609375 0.0848317328125
1 0.17966758124999999 0.11145134375000001 0.17626445625 0.11913558125000001 0.17750554375 0.13190615 0.1877280796875 0.1659245171875 0.1900501859375 0.1684676859375 0.202364271875 0.164021959375 0.205262128125 0.17045606875 0.20108794218749998 0.142246746875 0.1894069265625 0.111521625 0.18364645468750002 0.10765804999999999 0.17966758124999999 0.11145134375000001
1 0.11950127656250001 0.134402675 0.1247726140625 0.17440983125 0.1327817375 0.1978531234375 0.1422170765625 0.1739526953125 0.1393383265625 0.1544979890625 0.1323911125 0.13384789218749998 0.12213036562499999 0.1258707171875 0.11950127656250001 0.134402675
1 0.0618201234375 0.1478493125 0.0610974625 0.1780314703125 0.0798534953125 0.20835418749999998 0.08275432499999999 0.1797424625 0.07926458593749999 0.147392175 0.068770309375 0.133453578125 0.065277596875 0.136149121875 0.0618201234375 0.1478493125
1 0.07600539843750001 0.1560491453125 0.07400640625 0.164456090625 0.077876584375 0.1686947046875 0.07600539843750001 0.1560491453125
1 0.0137696203125 0.1693981359375 0.0170801828125 0.191771046875 0.0263142625 0.2059596703125 0.029589582812499998 0.21932793906249998 0.0327782890625 0.1926616828125 0.0385578671875 0.1835046609375 0.026157165625 0.1479158625 0.022485271875 0.1406340328125 0.0173005484375 0.1406613984375 0.0137696203125 0.1693981359375
1 0.8561857625 0.0853684453125 0.8533583874999999 0.096943621875 0.8598003343749999 0.1317120625 0.8791864625000001 0.16190976875000002 0.8807375078125 0.128559378125 0.8767425 0.11032743593750001 0.8679593406249999 0.086036421875 0.8614248328125 0.0813251265625 0.8561857625 0.0853684453125
1 0.7891045125 0.13172015312500002 0.7933873953125 0.1518975671875 0.8052314562499999 0.1705748265625 0.8136753656250001 0.161890490625 0.8270513640624999 0.16023795937500002 0.8092676531249999 0.127719746875 0.8028066015625 0.10597190000000001 0.7961281546875 0.1002878671875 0.7908890828125 0.1043311875 0.7891045125 0.13172015312500002
1 0.72530453125 0.12134845937500001 0.7245113875 0.1335213328125 0.735524090625 0.19041265937500002 0.744489403125 0.1896352171875 0.7450651515625 0.1935261578125 0.748845740625 0.19277608125 0.75307725 0.18192361562499998 0.7433247421875 0.1247822640625 0.7371868046875 0.11398453125 0.7288515921875 0.114636959375 0.72530453125 0.12134845937500001
1 0.65833495 0.1246224265625 0.6558497984375 0.13412711875 0.6577018796874999 0.1597932734375 0.6614633609375 0.1720637921875 0.675629528125 0.193284221875 0.6775550640625 0.2019138265625 0.677756321875 0.1638247734375 0.674212234375 0.13549044062499999 0.6701437703125 0.1342950453125 0.6627456375 0.12374733906249999 0.65833495 0.1246224265625
1 0.591832425 0.139819240625 0.5963297265625 0.1789786734375 0.603008171875 0.1846627078125 0.6162020187499999 0.2080786328125 0.6156453765625 0.1911670953125 0.61802183125 0.189694309375 0.61892366875 0.1694895296875 0.6119764562500001 0.14883943125000001 0.5998445218749999 0.1282166984375 0.5944615125 0.1312872828125 0.591832425 0.139819240625
1 0.524303228125 0.16122750624999999 0.5300798343750001 0.1871163171875 0.539691378125 0.20823910156249997 0.5495394218749999 0.20027747499999998 0.5504603671875 0.1670520984375 0.5330541203125 0.14146804375 0.5238905218750001 0.1452887046875 0.524303228125 0.16122750624999999
1 0.463346753125 0.161305875 0.48235244687499995 0.21961525625 0.483865278125 0.21230605625 0.49059807187500004 0.21397413593749998 0.4857041984375 0.180901140625 0.4734826734375 0.15528971875 0.4686401734375 0.1532466015625 0.463346753125 0.161305875
1 0.39055938125 0.1997780546875 0.39467921875 0.2320033296875 0.40168078124999995 0.2486374734375 0.4080170015625 0.2563919890625 0.4126450828125 0.2394530875 0.4091553421875 0.2071028 0.4054834484375 0.19982096875 0.40453023593750004 0.18899586875000002 0.3956383796875 0.17273676093749998 0.3915155671875 0.1755573203125 0.39055938125 0.1997780546875
1 0.3157025328125 0.22864789531250002 0.3164574609375 0.2425162125 0.3297408984375 0.27092082500000003 0.3314681484375 0.2825936484375 0.334727334375 0.2739366796875 0.3374842265625 0.24435221875000002 0.33365226406250004 0.21407241406250002 0.32756867500000003 0.19925872656250002 0.320007496875 0.20075887812499998 0.3157025328125 0.22864789531250002
1 0.2569947125 0.24830598125 0.2600174 0.26873341875 0.2667854328125 0.2794061421875 0.28260836718750004 0.294290109375 0.27613118124999997 0.2505170234375 0.2684099328125 0.22901920312500001 0.263279559375 0.2250306171875 0.2582740140625 0.235035359375 0.2569947125 0.24830598125
1 0.2005737546875 0.26150259375 0.202406728125 0.30018934218750004 0.2097696203125 0.3017324078125 0.2128114140625 0.3091392515625 0.22026686718750002 0.280625171875 0.21575045781250002 0.2544863328125 0.20835232499999998 0.2439386265625 0.20316760312499998 0.2439659921875 0.2005737546875 0.26150259375
1 0.21958963593749997 0.41192887968749997 0.22922028593750002 0.42003106562500003 0.23593397343750003 0.43471973906250005 0.23696064374999998 0.42850829062500007 0.24704221249999997 0.42650808749999997 0.233346071875 0.3821646734375 0.22310443124999998 0.361166903125 0.2154889046875 0.36668300625 0.21958963593749997 0.41192887968749997
1 0.152910903125 0.38210248125 0.15596883125 0.4115345625 0.16613701875 0.4495688828125 0.171574375 0.44248234531249997 0.17432829375 0.44794371718750003 0.17451044531249998 0.4228752625 0.1692743484375 0.39187274843750003 0.1610669390625 0.37147267500000003 0.1543341453125 0.369804596875 0.152910903125 0.38210248125
1 0.1434874609375 0.2658195734375 0.1419011734375 0.290165321875 0.147137271875 0.3211678359375 0.154084484375 0.3418179328125 0.15845993125 0.3319382015625 0.1656788859375 0.332508534375 0.1655731625 0.30549460625 0.1535146828125 0.26783532499999996 0.1497884390625 0.26456944843749997 0.1434874609375 0.2658195734375
1 0.101495490625 0.38529435 0.0985594203125 0.40490143281249996 0.10439037343749999 0.42677429218749996 0.11434414062500001 0.44582659218750004 0.11816294375 0.41903532187500003 0.1155177203125 0.40554204374999997 0.10948848124999999 0.386712403125 0.10576224062499999 0.383446525 0.101495490625 0.38529435
1 0.08355468125 0.294732328125 0.0855154578125 0.312366575 0.08274243125 0.3199257984375 0.09703342968749999 0.35513955625000004 0.101536678125 0.3242073234375 0.09630058281250001 0.2932048109375 0.09079274375 0.2822820640625 0.08652599375 0.2841298875 0.08355468125 0.294732328125
1 0.027809253125 0.40892547500000004 0.0322713140625 0.4390802671875 0.046040909375 0.46638713125000003 0.0495336234375 0.4636915859375 0.0498406046875 0.45261646093749996 0.056771685937500004 0.451241321875 0.0449658375 0.40652286875000004 0.038252151562499996 0.39183419375 0.0313210734375 0.39320933281250003 0.027809253125 0.40892547500000004
1 0.0161341828125 0.3081086859375 0.0166555828125 0.3160155796875 0.0323507140625 0.35195205 0.0326738328125 0.3629021625 0.0351398765625 0.36641806718750003 0.037229446875 0.3513178640625 0.0473291328125 0.34797900937500004 0.0362077328125 0.2991195921875 0.0292957609375 0.28747413593750004 0.0241110390625 0.28750149999999997 0.0161341828125 0.3081086859375
1 0.8721598500000001 0.2283878859375 0.8737431609374999 0.2390879734375 0.8716707125 0.2645314671875 0.8906602749999999 0.30081561093750003 0.8954675328124999 0.293854084375 0.8962636484375001 0.246635378125 0.8930779171875001 0.2382557984375 0.882350115625 0.2183557765625 0.8755629734375001 0.2207036515625 0.8721598500000001 0.2283878859375
1 0.7926940296875 0.261176034375 0.7962763328125 0.2634691765625 0.798975903125 0.272946503125 0.803294028125 0.30212855781250003 0.8158416421875 0.3036442578125 0.8196765765625 0.298878228125 0.820920640625 0.27660296562500003 0.81755573125 0.258246009375 0.80634176875 0.23944373593749999 0.7981504937499999 0.2410688984375 0.7926940296875 0.261176034375
1 0.7285709312499999 0.2398542296875 0.73223985 0.28218189374999997 0.7401050359375 0.3046524484375 0.7459550984375001 0.3135047125 0.7500235625 0.3147001078125 0.7536602125 0.31297729531249996 0.7540567828125 0.306890859375 0.7617618984375001 0.3063634421875 0.756327515625 0.278404146875 0.745906696875 0.24742899999999998 0.735844234375 0.23640860625000001 0.7285709312499999 0.2398542296875
1 0.6693769484375001 0.2606100609375 0.667611484375 0.27497843125 0.67299151875 0.3069536796875 0.683828015625 0.318821796875 0.6894797953125 0.33071727812499996 0.69637563125 0.320337496875 0.6929754796875 0.2929758984375 0.68539816875 0.2724508125 0.67974639375 0.26055533125 0.67475995625 0.2575394796875 0.6693769484375001 0.2606100609375
1 0.595278003125 0.2683023875 0.6037894203125 0.31267316875 0.6141206515625 0.338659628125 0.6169289203125 0.340105046875 0.6188192140625 0.33973000937500003 0.6190366078125 0.3236661953125 0.6228363031249999 0.3098955234375 0.61659264375 0.2720838625 0.606872403125 0.25899298593750003 0.6003187890625 0.2673022859375 0.595278003125 0.2683023875
1 0.5353995734375 0.2931991875 0.5443780453125 0.34949281718749997 0.5497419453125 0.359442828125 0.5630283546875 0.3528016078125 0.561860721875 0.32299448750000004 0.55410423125 0.292492025 0.5468500359374999 0.282917053125 0.5400628953125 0.28526492812500004 0.5353995734375 0.2931991875
1 0.477574484375 0.305673090625 0.47600730625 0.316998240625 0.48264753593750004 0.3487234640625 0.4915041515625 0.355977928125 0.5016018546875001 0.3760029640625 0.5042852921875001 0.363455053125 0.49454891874999996 0.3283389390625 0.4949998390625 0.31823655 0.49156147343749995 0.3169161421875 0.48175164375 0.29883657812500003 0.477574484375 0.305673090625
1 0.4087307421875 0.3313473328125 0.40961050156249995 0.35920898125 0.41882547187499997 0.38641820312499997 0.43022158906249997 0.3801520203125 0.43276108750000003 0.3666313734375 0.43238362343750003 0.3596972140625 0.42397792812499996 0.34234035937499996 0.42244896406250004 0.32762431875 0.4193528234375 0.324233428125 0.41227780625 0.32463583281249997 0.4087307421875 0.3313473328125
1 0.3465815828125 0.3847308453125 0.3583712953125 0.4074240609375 0.36094603593749996 0.4029080578125 0.35918354375 0.3822305921875 0.3502755546875 0.343946246875 0.34456942968750004 0.33606671875 0.3392760125 0.34412599374999997 0.3465815828125 0.3847308453125
1 0.2713341109375 0.34959545468750003 0.270288334375 0.3688275 0.275003028125 0.39192311874999997 0.287854653125 0.417409528125 0.28924265312499997 0.39610699843749997 0.28638301093749996 0.3636316984375 0.278121253125 0.3472475796875 0.273422690625 0.3461771984375 0.2713341109375 0.34959545468750003
1 0.88680325625 0.35364806875 0.890705703125 0.40193715937499996 0.8958360765625001 0.40592574531250003 0.9114959671875 0.4328575734375 0.9126695484375 0.392573025 0.9172785203125 0.38865471875 0.9111053421875001 0.36885234218749996 0.8996035062500001 0.3481045984375 0.89049425625 0.347909303125 0.88680325625 0.35364806875
1 0.8134592406250001 0.3752087109375 0.8154552562499999 0.40184759999999997 0.8253003281250001 0.42893180781250007 0.8243088984375 0.4441478984375 0.8405504859375 0.40487900000000004 0.8329188265624999 0.38836986875 0.8304175421875 0.3758493234375 0.8230194093750001 0.365301615625 0.8179786234374999 0.366301715625 0.8134592406250001 0.3752087109375
1 0.742779553125 0.3972420390625 0.7465953843750001 0.40549660468750004 0.749995534375 0.43285820468749997 0.7600388890625001 0.45689919375 0.7628471578125 0.4583446125 0.770680075 0.43676469375 0.7694772015625 0.39795293125 0.7674620765625 0.38433463749999996 0.7643659359375 0.3809437484375 0.75579719375 0.375634753125 0.7476059171875 0.37725991875 0.742779553125 0.3972420390625
1 0.681803971875 0.41034100625000003 0.6848075515625001 0.4437890390625 0.69143165 0.453489025 0.6977487640625 0.4742641359375 0.7088599765625 0.43100664999999994 0.702974675 0.41314974531250004 0.6919589984375001 0.3913042515625 0.6876922484375 0.3931520765625 0.681803971875 0.41034100625000003
1 0.616903865625 0.42321731093750004 0.6199809015625 0.439628796875 0.619421284375 0.45776309375 0.6229301328125 0.4770927859375 0.627232121875 0.484249603125 0.63524421875 0.47264706093750003 0.6386121046875 0.4559581828125 0.636129925 0.4304170421875 0.6320262203125 0.42021700781250004 0.62758029375 0.41208745156250004 0.6203613375 0.4115171234375 0.616903865625 0.42321731093750004
1 0.5472699546875 0.42601859375 0.546278528125 0.441234684375 0.55369279375 0.47380763124999997 0.5664004796875 0.4983213046875 0.5639535421875 0.48178480468749996 0.5675549531249999 0.47105735312499997 0.5613112921875001 0.4332456921875 0.55517335625 0.4224479578125 0.55033085625 0.4204048421875 0.5472699546875 0.42601859375
1 0.4759249296875 0.439172290625 0.48148414375000004 0.48112491718749995 0.491437909375 0.5001772171875001 0.49161708906249996 0.51015459375 0.49241023124999994 0.4979817234375 0.4982250515625 0.49782934218749997 0.49883901562500005 0.4756790921875 0.49561804218749994 0.458294871875 0.486924471875 0.4389925453125 0.481164 0.43512897031250003 0.4759249296875 0.439172290625
1 0.4172362140625 0.44580978125000004 0.4259268109375 0.5001579406250001 0.4242156953125 0.5105103546875001 0.4257990078125 0.5212104421875 0.4310571859375 0.5041465281249999 0.438727059375 0.49461446875000004 0.439465853125 0.48645755 0.43408582031250004 0.4544823 0.424563865625 0.43834820468749996 0.42189953593749996 0.437875521875 0.4172362140625 0.44580978125000004
1 0.35244480624999996 0.4506541796875 0.35289275 0.47559762499999997 0.36324011562499997 0.523609321875 0.3667328296875 0.5209137734375 0.3740795875 0.500431603125 0.37744747031250003 0.48374272500000004 0.3760976859375 0.4790040609375 0.36232808906249997 0.451697196875 0.3571977140625 0.44770860937499996 0.35244480624999996 0.4506541796875
1 0.28439420625 0.46415555 0.2866589921875 0.5057605046875 0.2965040625 0.5328447125 0.2999967765625 0.5301491656249999 0.3017269984375 0.5067761546875 0.3081366765625 0.49749412031249995 0.29935351718750003 0.47320310625 0.29903040000000003 0.46225299375000006 0.293324278125 0.454373465625 0.2855648140625 0.4589168359375 0.28439420625 0.46415555
1 0.22742976874999998 0.517511696875 0.2345400265625 0.5261139359375 0.23945300625 0.5461663359375 0.2445320046875 0.5191250453125 0.2514278453125 0.5087452609375 0.24979018593750002 0.502061128125 0.2426799265625 0.4934588890625 0.23587665000000002 0.47378152656249994 0.22836982187500002 0.47126572343750006 0.224966696875 0.47894996093750003 0.22742976874999998 0.517511696875
1 0.17581904375 0.48870094999999997 0.17687797968750002 0.5265399765625001 0.1835182109375 0.5582652 0.190737165625 0.55883553125 0.1927905046875 0.5464126328125001 0.1972011921875 0.5455375453125 0.1985157375 0.541271565625 0.1980134421875 0.520344075 0.1898251390625 0.48692340468750006 0.1829131671875 0.47527795 0.17879035625 0.4780985078125 0.17581904375 0.48870094999999997
1 0.1184418984375 0.5261182953125 0.1191424796875 0.5440025671875001 0.1331103625 0.5682662140625 0.13687481562499998 0.5454909015625 0.1344117453125 0.5069291640625 0.1256638265625 0.4916427921875 0.119145453125 0.508956734375 0.1184418984375 0.5261182953125
1 0.063175415625 0.5120509546875 0.0582785671875 0.5140237921875 0.05386490625 0.5499447140625 0.06086646875 0.5665788609375 0.06556503125 0.567649240625 0.06828370781250001 0.564105971875 0.0780069234375 0.5421510140625 0.0768010734375 0.5383850859375 0.07186898593749999 0.5313532796875 0.0676756921875 0.5161645546875 0.063175415625 0.5120509546875
1 0 0.5684238734375 0.0051108515625 0.5886551 0.0080278171875 0.5820686125 0.013014253125 0.5850844640624999 0.01388085 0.55587504375 0.012028770312500001 0.530208890625 0.0047745750000000005 0.520633915625 0 0.5192310515624999 0 0.5684238734375
1 0.9242168140624999 0.5144423171875 0.9336623390625001 0.5826587953125 0.9372989890625 0.5809359828125 0.9404142390624999 0.5713062765625 0.9480650046875001 0.574794815625 0.9512507375 0.58317439375 0.9481737015625 0.5667629078124999 0.9471147656250001 0.5289238796875 0.9415173375 0.513012446875 0.933146884375 0.5046602328125 0.926503678125 0.5079808421875 0.9242168140624999 0.5144423171875
1 0.8393136374999999 0.554317003125 0.840609075 0.5630716203125 0.8470348859374999 0.5758148249999999 0.8453237703125 0.5861672390625 0.8566464296875 0.59693760625 0.8597969187500001 0.59631254375 0.8661552218749999 0.5560006296875 0.8611717593750001 0.51793894375 0.854979475 0.5111571640625 0.847274359375 0.5116845796875 0.8393136374999999 0.554317003125
1 0.7608069796875 0.5278385812499999 0.763794425 0.5392613796875 0.7620642015625 0.562634390625 0.7791634671875001 0.599293571875 0.7818469046875001 0.586745659375 0.7862575921875 0.5858705703125 0.7846742796874999 0.5751704828124999 0.7878438765625 0.561524825 0.78161635 0.5457384015625 0.779079825 0.5242132140625 0.77162734375 0.517681459375 0.7664426203125 0.5177088265625 0.7608069796875 0.5278385812499999
1 0.698337675 0.53522615 0.6947010234375 0.5369489609375 0.6993804796875 0.5510399375 0.6946084609375001 0.56700610625 0.6954720859375 0.5728425171875 0.7026366921875 0.5774288000000001 0.7177560749999999 0.6094743312500001 0.7211974140625 0.5757489046875001 0.7166457609375 0.5406054234375001 0.7074116828125 0.5264168 0.700822825 0.52572145625 0.698337675 0.53522615
1 0.6280736671875 0.5381524453125001 0.6274244625 0.5512980515625 0.63343459375 0.5831482890624999 0.64522430625 0.6058415046875 0.6517235734375 0.6015481578124999 0.6553058765625 0.6038413015625 0.6572505203125 0.5994503109375 0.643266503125 0.5531614265625 0.642997734375 0.538195359375 0.6382639328125 0.528120334375 0.6330792109375001 0.5281476984375 0.6280736671875 0.5381524453125001
1 0.5600774171875 0.5476378609375 0.5672933984374999 0.583254025 0.5776789765625 0.6052245296875001 0.580615046875 0.585617446875 0.5865929140625 0.5734172078124999 0.5804740828125 0.5495988781250001 0.5709521296875 0.533464784375 0.567027603125 0.533242125 0.5600774171875 0.5476378609375
1 0.5072387640625 0.5631276140625 0.5043026937499999 0.582734696875 0.5093052640625 0.6077757874999999 0.514579575 0.612737109375 0.5254190484375 0.5895593921875 0.5209026359375 0.5634205531250001 0.5134692624999999 0.543868203125 0.5062855515625 0.5523025140625 0.5072387640625 0.5631276140625
1 0.44589887812500006 0.6263634921875 0.4542340921875 0.6257110640625 0.46257227968750003 0.5900127984375 0.46052191249999996 0.5673898640624999 0.45604074375000003 0.55025566875 0.4495958265625 0.550533059375 0.44233865781250004 0.5760039203125 0.44589887812500006 0.6263634921875
1 0.369445559375 0.5874621734375001 0.3732422828125 0.6087373359375 0.3832856375 0.6327783234375 0.38501288749999996 0.644451146875 0.396121128125 0.6362394921875001 0.3960315375 0.63125080625 0.382984603125 0.57376178125 0.3785386734375 0.5656322281249999 0.373011728125 0.567730078125 0.369445559375 0.5874621734375001
1 0.30404315937500004 0.5794109875 0.307801665625 0.6267273421875 0.3125707109375 0.645807009375 0.317845021875 0.6507683296875 0.32153602187499997 0.645029565625 0.3251021921875 0.6252974703125 0.32442071875 0.594392603125 0.321865084375 0.5858880125 0.31234313125 0.5697539171875 0.3068161859375 0.5718517671875001 0.30404315937500004 0.5794109875
1 0.24299114843749997 0.6445923375 0.252657040625 0.6616991671875 0.2540097984375 0.6313919968749999 0.25123974531250004 0.6039053859375 0.2481436046875 0.6005144953125 0.23946616718749997 0.6032374078125 0.24083208749999999 0.630001309375 0.24299114843749997 0.6445923375
1 0.1866788875 0.6497570421875001 0.1953181109375 0.6730753203125001 0.2042643140625 0.6853184734375 0.20979125937499998 0.6832206234375 0.210027759375 0.654136215625 0.20200250312499998 0.6086676859375 0.19779010156250001 0.6064995546875 0.19395516562499998 0.6112655874999999 0.1866788875 0.6497570421875001
1 0.12872896875 0.6482376125 0.13029317499999998 0.6719582953125001 0.1439188328125 0.698292428125 0.146925384375 0.696694628125 0.1459369296875 0.6768648859375 0.15205873281249999 0.6656373828125 0.14300680625 0.6263803015625 0.139766725 0.6220166765624999 0.1343837171875 0.6250872609375 0.12872896875 0.6482376125
1 0.0720201375 0.6594887546875 0.083320715625 0.7183255515625 0.091316678125 0.6846977703125 0.0834705984375 0.64920661875 0.07979870781250001 0.6419247890625 0.074470046875 0.6409794203125 0.0720201375 0.6594887546875
1 0.0020410296875000003 0.6994063546875 0.00812461875 0.714220040625 0.0154331609375 0.7197790609375 0.0204739484375 0.718778959375 0.022274653125 0.7134152312500001 0.017652518750000002 0.6602624671874999 0.010919726562499999 0.658594390625 0.00757095 0.6622626703125001 0.0020410296875000003 0.6994063546875
1 0.7699366015625 0.7122676859375 0.7782879484375 0.7336404953125 0.791843125 0.741965340625 0.7927640703125001 0.708739965625 0.7839809125 0.68444895 0.7852058671875 0.6751942828125 0.7901570640625 0.6692054921875 0.7796436812499999 0.668287490625 0.7759717875 0.6610056609375 0.7707870671875 0.6610330249999999 0.7651514234375 0.67116278125 0.7699366015625 0.7122676859375
1 0.694868309375 0.6871096734375 0.7001235140625 0.705091590625 0.7006801546875 0.722003128125 0.7089610203125 0.7253666515625 0.7139826984375001 0.737387146875 0.7134774296875 0.7515054890624999 0.7166470281249999 0.7378598296875001 0.722516196875 0.733691496875 0.7225191703125 0.698645665625 0.7164708234375 0.69283661875 0.7108190484375 0.6809411375 0.7015306203125 0.6707684656249999 0.6971199343750001 0.6716435546875 0.694868309375 0.6871096734375
1 0.626350659375 0.68868819375 0.622730140625 0.7124362453125 0.6185529812499999 0.71927275625 0.6202449875 0.7219409375 0.6268881921875 0.7186203265625 0.631730690625 0.72066344375 0.64332211875 0.746399878125 0.6504323765625 0.7550021140625 0.6468148328125001 0.74370433125 0.6487976890625 0.7132721484375 0.64581024375 0.70184935 0.6352263796875001 0.6829220640625 0.62989771875 0.6819766953124999 0.626350659375 0.68868819375
1 0.55783300625 0.690266715625 0.560244703125 0.6977985734375001 0.559218034375 0.7040100218750001 0.5694787812500001 0.711987196875 0.5688839234375 0.7211168515625 0.579432546875 0.7310394953125 0.592373759375 0.7615145937500001 0.5958312328125001 0.7498144046874999 0.5944109640625 0.72706645625 0.5878059765625 0.7043458734375 0.572235675 0.6824027359375 0.5669070140625 0.681457365625 0.55783300625 0.690266715625
1 0.50929634375 0.7129132890625 0.50727824375 0.734340828125 0.5040190578125 0.7429977984375 0.5068625671875 0.7534478609375 0.5158087703125 0.7656910156250001 0.520523465625 0.788786634375 0.5196789500000001 0.7699296265625 0.5283402515625 0.7451814765625 0.5255510906249999 0.7307154609375 0.5167135828125 0.7104404 0.5120150203125 0.7093700187499999 0.50929634375 0.7129132890625
1 0.4471501546875 0.7312509671874999 0.4493797 0.76385128125 0.45834203906250004 0.7981196734375 0.4622665640625 0.7983423296875001 0.462861421875 0.7892126765625 0.468442715625 0.7830988718749999 0.47172100937500006 0.7614213078125001 0.4690757859375 0.7479280265625 0.4556484125 0.7185506796875 0.4499775296875 0.7196757921875 0.4471501546875 0.7312509671874999
1 0.384501671875 0.72866115625 0.3918968328125 0.7742546984375 0.3985018234375 0.7969752796875 0.40818682187500005 0.8010615140624999 0.40959392812499995 0.7667383921875001 0.3995696796875 0.72967680625 0.3920276109375 0.7181563640624999 0.3861584421875 0.7223246953125 0.384501671875 0.72866115625
1 0.31839571875 0.7377715359375 0.32429715468750003 0.777653678125 0.33729271562499996 0.804112821875 0.3420647328125 0.7881466546875 0.34768126875 0.79103749375 0.34336314218749997 0.7618554375000001 0.33027799375 0.73040760625 0.3209352171875 0.7242508875 0.31839571875 0.7377715359375
1 0.2560130296875 0.785193625 0.2602063234375 0.8003823499999999 0.2669391171875 0.8020504296875 0.26751486875 0.8059413687499999 0.27390543749999996 0.8096799328125 0.27781383125 0.7878773515625 0.27418015156250003 0.7545543296874999 0.269481590625 0.7534839484375 0.264946075 0.74036570625 0.2596174140625 0.7394203359375 0.25670044999999997 0.746006825 0.2560130296875 0.785193625
1 0.19251705624999998 0.798792640625 0.20482817031249997 0.8293927515625 0.2086631078125 0.8246267203125001 0.21005110781249997 0.80332419375 0.20553469687499998 0.7771853546874999 0.1949508328125 0.7582580671875 0.18704743125 0.7618287015625 0.19251705624999998 0.798792640625
1 0.131941021875 0.770759334375 0.1291679953125 0.7783185578125 0.13492549375000001 0.817227965625 0.1419814015625 0.8298461578125 0.151899928125 0.8398938156250001 0.155159115625 0.8312368453125 0.1484292953125 0.7945229312500001 0.14196824375 0.7727750859375 0.1374679671875 0.7686614875 0.131941021875 0.770759334375
1 0.0685346359375 0.7893470406249999 0.07162780625000001 0.8277837640625 0.081725509375 0.8478087984375 0.0849303484375 0.84316778125 0.087380259375 0.8246584484374999 0.0863565625 0.7958240625 0.08273901875 0.784526278125 0.0752865375 0.7779945234375 0.0715059484375 0.7787446 0.0685346359375 0.7893470406249999
1 0.0144357875 0.8050868203125001 0.019959759375 0.8380348046874999 0.037042890625000005 0.8526687453124999 0.029647731249999996 0.807075203125 0.02298839375 0.7883705765625 0.0147427703125 0.79401169375 0.0144357875 0.8050868203125001
1 0.855309803125 0.6492700140625 0.8607441874999999 0.6772293125 0.8617326421874999 0.6970590515625 0.8698152203125 0.7034657953125001 0.8756109343749999 0.7163340109375 0.8734680062500001 0.7237682234375 0.8796793984375 0.71752940625 0.88688221875 0.6960744984375 0.8837699421874999 0.6706583703125 0.868055703125 0.6477424968750001 0.861178971875 0.64510168125 0.855309803125 0.6492700140625
1 0.95236105 0.6520433 0.9507013078125001 0.6934255953124999 0.9587838859375 0.6998323390625 0.9649218234375001 0.710630071875 0.9665946671875 0.7114080765625 0.9686981015624999 0.666246484375 0.967896109375 0.664981796875 0.9658266375 0.6553794578125001 0.96026445 0.648472665625 0.95236105 0.6520433
1 0.8898416375 0.8256553921875 0.8849447906250001 0.8276282296874999 0.8836654859375 0.8408988515625 0.8942654859375001 0.8818513765624999 0.9155610187500001 0.8986534484375 0.9177039453125 0.8912192375 0.90879595625 0.8529348921875 0.9084728406250001 0.8419847796875001 0.90237014375 0.8401916890625 0.8984103781250001 0.8309643890625 0.8898416375 0.8256553921875
1 0.79367015 0.85074375625 0.7924451968749999 0.859998425 0.79597315 0.8663075203125 0.799949053125 0.8975600609375001 0.8095605953125 0.9186828421875 0.81483490625 0.923644165625 0.8194820937499999 0.8936846671875 0.812589228125 0.869018615625 0.8045257578125 0.8495912765625 0.80031335625 0.847423146875 0.79367015 0.85074375625
1 0.7090930640625001 0.8665227218749999 0.714258678125 0.87951595 0.7211324375 0.9172025984375001 0.7248043296875 0.9244844296875 0.730420865625 0.92737526875 0.73490500625 0.9094636312500001 0.73423966875 0.9005840015625 0.7384711765625 0.889731534375 0.726591875 0.86204963125 0.7199677765625 0.8523496453125 0.713091046875 0.8497088296875001 0.7090930640625001 0.8665227218749999
1 0.6326911203125001 0.8586512828125 0.6380902609375 0.8776059359374999 0.6404285015625 0.902174340625 0.6526309203125 0.9408063578125001 0.6635438484375 0.9005920890624999 0.6546519921875 0.8843329843750001 0.6505130453125 0.8651283046874999 0.6396765484375 0.8532601890624999 0.633375565625 0.854510315625 0.6326911203125001 0.8586512828125
1 0.5762701625 0.87184789375 0.5797951453125 0.9132028234374999 0.5877337859375 0.9186368312500001 0.598119365625 0.9406073375 0.6023317671874999 0.9427754640625 0.5974187859375 0.9227230640625 0.6021908015624999 0.906756896875 0.597421759375 0.88767723125 0.58655001875 0.8668044734375 0.5805912609375 0.8659841171875 0.5762701625 0.87184789375
1 0.5278392234375 0.9215083937499999 0.543985275 0.9473424734375 0.542168434375 0.9306809625 0.5443657109375 0.9192307984375001 0.5345397484375 0.8791259968749999 0.521614671875 0.8706761390625 0.5183907249999999 0.8883377484375 0.5278392234375 0.9215083937499999
1 0.4563371 0.876618284375 0.46261600156249993 0.9234345890625001 0.47667347187500003 0.9526869234375 0.47717873906249997 0.9385685796875001 0.4834797203125 0.9373184531250001 0.47637243749999997 0.89367038125 0.46550069687500006 0.8727976249999999 0.45954193906249996 0.87197726875 0.4563371 0.876618284375
1 0.3876181890625 0.9162858593750001 0.390874403125 0.942674721875 0.3885331875 0.95315215 0.3896846890625 0.9609340296875001 0.39546426874999996 0.951777009375 0.400792928125 0.9527223781249999 0.40264798281249997 0.9433426984375 0.41017391718749996 0.9328379046874999 0.4034440984375 0.8961239921875 0.39730616093750004 0.8853262578125 0.39129305468750003 0.8885218546875 0.3876181890625 0.9162858593750001
1 0.32830235 0.8880025265624999 0.33060535 0.9035662906249999 0.338524884375 0.9220208937500001 0.3537529625 0.946034515625 0.3591550765625 0.9299433359375 0.3550161328125 0.9107386562500001 0.33867179375 0.8879477953125001 0.332281225 0.8842092328125 0.32830235 0.8880025265624999
1 0.2686413140625 0.8968355140625001 0.266767153125 0.9192357890625 0.2715714375 0.9473200984375 0.28123732968750004 0.9644269281250001 0.2885458734375 0.9699859468750001 0.2909223265625 0.9685131625000001 0.29200334687499996 0.9582857578124999 0.2877939171875 0.9210717953125 0.2822317328125 0.9141650015625 0.27600420625 0.8983785796875001 0.2686413140625 0.8968355140625001
1 0.20372210000000002 0.9227324171875001 0.20856162500000003 0.9598213671875 0.2201530515625 0.9855577999999999 0.2235400421875 0.9558483265625 0.22660094375 0.950234575 0.21758425781250001 0.9199821390625 0.213336615625 0.908809365625 0.208781990625 0.90871171875 0.20372210000000002 0.9227324171875001
1 0.1495689015625 0.9424881484375 0.145948384375 0.9662361984375 0.1524637828125 0.9839680906250001 0.1581346671875 0.982842978125 0.1664507734375 0.9952111421875 0.1688463359375 0.9807177609375 0.16794746875 0.9658767078125001 0.16204603281250002 0.9259945640625 0.1563942578125 0.9140990812500001 0.14906660625 0.9215606578125 0.1495689015625 0.9424881484375
1 0.0975968453125 0.9287684796875 0.0921242484375 0.9268503765625 0.0892616328125 0.929420909375 0.0875505171875 0.9397733265625 0.091561659375 0.98003050625 0.098275346875 0.9947191828124999 0.09893149531249999 0.9991534640624999 0.10273610312499999 0.9991313296875 0.10326178125 0.9977350328125001 0.1053885765625 0.9682755859375 0.1000085421875 0.9363003359375 0.0975968453125 0.9287684796875
1 0.0563305109375 0.9830152640625001 0.048647478125 0.93547625 0.04216731875 0.926749 0.035613703125 0.9350582984375 0.0362746140625 0.9658242046875 0.041256059375 0.999489009375 0.0419667359375 0.9994848749999999 0.044051665625 0.9964656312500001 0.0516128453125 0.994965478125 0.0535234265625 0.999417640625 0.053741306249999996 0.999416371875 0.056941503125 0.995910846875 0.061927940625 0.9989266984375 0.060344628125 0.9882266109375 0.0563305109375 0.9830152640625001