1 0.826362134375 0.022108460937499998 0.819927440625 0.0234270484375 0.8275699109374999 0.0243901828125 0.83370223125 0.02854085 0.857419540625 0.030134603125 0.8990242140625 0.023702184374999997 0.9008367375 0.015045395312500001 0.8908483593750001 0.0101150453125 0.8784206390625 0.0084754234375 0.849615703125 0.011674437499999999 0.8295913734375 0.0175220796875 0.826362134375 0.022108460937499998
1 0.8267290140625001 0.0897116625 0.852444 0.0922914859375 0.8605739984375 0.097428221875 0.883943075 0.096040828125 0.8940248875 0.0937132375 0.9088460890625001 0.08361173281249999 0.9093574015625 0.079931165625 0.90422391875 0.07627353125 0.8635025765625001 0.07415235625 0.8364863796875 0.07654875312500001 0.840040065625 0.082797690625 0.8267290140625001 0.0897116625
1 0.912953521875 0.14294798749999998 0.912187409375 0.13638946875 0.8928374703124999 0.1318948296875 0.8703279374999999 0.1325828 0.8554370890625 0.142088075 0.8442171453125 0.14273017500000001 0.8451225499999999 0.1504811515625 0.884636115625 0.1503206046875 0.912953521875 0.14294798749999998
1 0.8445381671875 0.2018829765625 0.8671173453125001 0.20179123593749998 0.8793819859375 0.21009257187500002 0.9178508531249999 0.2009885890625 0.921149740625 0.196998440625 0.9197330218750001 0.1929280296875 0.8884666749999999 0.1831132015625 0.8732046625000001 0.1854121328125 0.860312346875 0.18382410625 0.8670018390625 0.19274460625 0.8445381671875 0.2018829765625
1 0.9341074218750001 0.25957955 0.933341309375 0.2530210296875 0.9272786359375 0.24946659375000002 0.8624679625 0.250624690625 0.862885840625 0.25420206562500003 0.8818637624999999 0.26356972968750003 0.9028631453125 0.26606929375 0.9308085343749999 0.2635697 0.9341074218750001 0.25957955
1 0.9352183406250001 0.3174367 0.92708834375 0.3122999609375 0.8963791656250001 0.3072549640625 0.8646473671875 0.3095711046875 0.8608133812500001 0.32509599375 0.8858777640625 0.3301639265625 0.9222555203124999 0.327331815625 0.9337778359375 0.3212204625 0.9352183406250001 0.3174367
1 0.920555078125 0.3933527203125 0.930358303125 0.3886402125 0.9316595140624999 0.38366399218749997 0.9263867390625 0.37881390000000004 0.9045974578125 0.3776099890625 0.8850147921874999 0.37918083281250003 0.8690554593750001 0.387596846875 0.882412371875 0.389133275 0.8869648953124999 0.3958752484375 0.920555078125 0.3933527203125
1 0.8739748640625 0.46194202031250003 0.8989695984375 0.4664137234375 0.9288430156249999 0.46430397343749996 0.9395754343749999 0.4594882703125 0.9359521015625001 0.4526431046875 0.9068923671875 0.44560303125 0.8739748640625 0.46194202031250003
1 0.9387345375 0.52480975 0.9378987796875 0.5176550015625 0.9057490984375001 0.5163937671875 0.898245921875 0.5166230890625 0.8784305296875001 0.5242594203125 0.8805674984375 0.5264379484374999 0.8765483609375 0.5323199796875 0.9094879375 0.5322855625 0.9387345375 0.52480975
1 0.9372430359375 0.592619340625 0.9497641890624999 0.58700101875 0.9460712093750001 0.579559625 0.930205309375 0.58071769375 0.91643051875 0.5756038921875 0.906139765625 0.5761427984374999 0.8958252265625 0.5845358734375 0.8791694296875001 0.58698959375 0.9093672921874999 0.5957151609375 0.9372430359375 0.592619340625
1 0.8919640296875 0.6562324203125 0.9259720921874999 0.6572872656250001 0.937981934375 0.655349515625 0.9439987484374999 0.6504535546875 0.946298796875 0.64597036875 0.9410956671875 0.64171650625 0.9096662390624999 0.638563390625 0.882719690625 0.6415560171875 0.8894329687500001 0.642622346875 0.888967515625 0.6547533140625 0.8919640296875 0.6562324203125
1 0.9164916015625 0.696993834375 0.897907771875 0.699057715625 0.8788584937499999 0.7132525625 0.902575803125 0.7148463171875 0.9406030046874999 0.7100191312499999 0.9476186562500001 0.7056162046875001 0.937351690625 0.6983009390625 0.9164916015625 0.696993834375
1 0.940484071875 0.7492899890625 0.9099600484374999 0.75388785 0.8847088015625 0.7633358 0.9178335328125 0.7729442421875 0.9451521015625 0.7650785890625 0.9548160343750001 0.7591736234375001 0.9562565375000001 0.7553898593749999 0.940484071875 0.7492899890625
1 0.9264527671874999 0.758095840625 0.9335380671875001 0.7542891421875 0.9214585765625 0.755630665625 0.9264527671874999 0.758095840625
1 0.918132478125 0.8157924718749999 0.9395038828125 0.8134190078125 0.9646854828125001 0.803374828125 0.9631991187500001 0.798708190625 0.9554870015624999 0.7971488265625 0.9194116156250001 0.79451168125 0.9127441984375 0.801895753125 0.88935133125 0.8111373171875 0.90249930625 0.8108850578125001 0.918132478125 0.8157924718749999
1 0.9586652421874999 0.8565882765625 0.9598271609375001 0.8504195953125 0.9509769125 0.847174740625 0.9292572765625 0.8465670578125 0.9111609749999999 0.8528045421874999 0.9044239093750001 0.8595923843750001 0.9223333468750001 0.8678707843750001 0.9279781406250001 0.8678478484375001 0.9586652421874999 0.8565882765625
1 0.7727476203125 0.03047863125 0.7665456515625 0.025731734375 0.741829503125 0.023644946875 0.724035575 0.024413175000000002 0.6940687234375 0.03378086875 0.7272631015625 0.0439855390625 0.760853284375 0.0414630125 0.7705868625 0.036154275 0.7727476203125 0.03047863125
1 0.728210940625 0.10850440312500001 0.7478632515625 0.107529784375 0.7723246015624999 0.099377484375 0.77448535625 0.093701840625 0.7673541984375001 0.0890581390625 0.7456345640625 0.08845045625 0.7107907421874999 0.0802408609375 0.7131825125 0.09265847656250001 0.70772286875 0.10232427031249999 0.728210940625 0.10850440312500001
1 0.7080438906250001 0.161477071875 0.7099481328125 0.169721084375 0.765049009375 0.1660175515625 0.775920721875 0.1623943078125 0.7810083437500001 0.15760153906250002 0.7791737484375 0.1499537578125 0.767535925 0.14701848281250002 0.7125743421874999 0.1519144734375 0.7039092453125 0.1583124734375 0.704327125 0.1618898484375 0.7080438906250001 0.161477071875
1 0.7482725671875 0.23190087343750002 0.760560996875 0.2323480359375 0.78451103125 0.22787630625 0.7924558734375 0.223370184375 0.7919683484375 0.21919658125 0.7801912328125 0.2150688484375 0.7779149703125 0.21169786249999997 0.75103806875 0.21528671875 0.7163556140625 0.224574153125 0.7247879828125 0.2242416359375 0.7482725671875 0.23190087343750002
1 0.7286168296875 0.2811929734375 0.7538205046875001 0.287453365625 0.7609516625 0.2920970671875 0.7979800265625 0.286776846875 0.804995678125 0.282373921875 0.8062272406250001 0.2768014734375 0.7838807875 0.2708277296875 0.763020696875 0.269520625 0.7448547484375 0.275161878125 0.74420414375 0.2776499890625 0.7286168296875 0.2811929734375
1 0.785200646875 0.330473565625 0.7551641499999999 0.3392450296875 0.7507729921874999 0.3500000875 0.772840859375 0.35358891406250004 0.7981379671875 0.35259136406249997 0.8127960890624999 0.3491515703125 0.8136097734375 0.34000174843750003 0.785200646875 0.330473565625
1 0.7914450468750001 0.391988346875 0.7598525406250001 0.39549694375 0.7633365796875 0.4011496515625 0.757110828125 0.40425692812499997 0.8158350359375 0.40739856249999995 0.8216429125 0.4007139140625 0.8183678125 0.3968498921875 0.7914450468750001 0.391988346875
1 0.745235140625 0.479863365625 0.754155034375 0.4837044515625 0.7713680046875 0.4860205609375 0.8019616734374999 0.48201892968750004 0.823774740625 0.47536866875 0.8251455999999999 0.470988678125 0.8077236875 0.46688388124999997 0.7975722296875001 0.4686152453125 0.7898601109375 0.46705587968750006 0.7593360890625 0.471653740625 0.745235140625 0.479863365625
1 0.7845804859375 0.5588407609375 0.7974498718749999 0.5562035859375001 0.821632634375 0.54566636875 0.8207968765625001 0.538511621875 0.8055119359375 0.53658535 0.7767766484374999 0.5403805968750001 0.750596209375 0.5499317421875001 0.74365020625 0.554930896875 0.7548005015625 0.5536925687500001 0.7845804859375 0.5588407609375
1 0.8083640171875001 0.609348228125 0.8160302734375 0.602457190625 0.8108967921874999 0.5987995578125 0.7890378625000001 0.596999415625 0.7472242515625 0.601643146875 0.7654122734375 0.612306465625 0.7771197437499999 0.61583796875 0.7966327625 0.6136708953125 0.8083640171875001 0.609348228125
1 0.8162816484375 0.6610137625 0.8147952859375 0.656347125 0.8030181687500001 0.65221939375 0.7778603562499999 0.6544094015625 0.7540258234375 0.6679277625 0.761668296875 0.6688908984374999 0.7652219812500001 0.675139834375 0.8010425671875 0.6675378937499999 0.8162816484375 0.6610137625
1 0.7007595421875 0.679279078125 0.7035709046874999 0.6711153234375 0.681433390625 0.6669302671875 0.6369952828125001 0.6652218703125 0.6381096281249999 0.6747615328125 0.6327434203125 0.6771693859375 0.6480980078125 0.6796918828125 0.6582953265625 0.68641091875 0.7007595421875 0.679279078125
1 0.6772001734375 0.743499840625 0.7049366234375001 0.7392115625 0.7157386875 0.7349920890625 0.7122546468750001 0.7293393796875 0.6912552640625 0.7268398171875 0.66145149375 0.729545796875 0.6386395890625 0.735703021875 0.644423675 0.73687254375 0.63954499375 0.7434540000000001 0.6772001734375 0.743499840625
1 0.7920020296875 0.72712640625 0.8137454484375001 0.7198799171875 0.8130489828125 0.7139176265625 0.8089839859374999 0.711349259375 0.7711198640625 0.7095147296875 0.7464495765625 0.7158783421875 0.7490740703125 0.7222304734375 0.741338165625 0.7285252812499999 0.7621982578125001 0.7298323875 0.7920020296875 0.72712640625
1 0.71745435 0.7819107265625 0.7133893546875 0.7793423578125 0.6944572921875001 0.77842509375 0.6813789671875 0.77927358125 0.6580557484375 0.789111375 0.6783348796875 0.7935028187500001 0.69998486875 0.793514271875 0.7170126859375 0.786187525 0.71745435 0.7819107265625
1 0.813648590625 0.7754553453125 0.8140902562500001 0.771178546875 0.80252208125 0.7688395015625 0.772718309375 0.77154548125 0.7458176187500001 0.782988509375 0.7821019437500001 0.7874143421875 0.7881884015625 0.7831146109375 0.8048442015624999 0.7806608890625 0.813648590625 0.7754553453125
1 0.68813296875 0.8612665390625001 0.7169379 0.8580675234375 0.730248953125 0.8511535515625 0.729482840625 0.8445950328125 0.7141282515625 0.842072534375 0.6698990859375 0.842152821875 0.670665196875 0.8487113390625 0.6606530312500001 0.8516351625 0.6592125281250001 0.8554189234375 0.68813296875 0.8612665390625001
1 0.7574978765625 0.8426916703125 0.7675796874999999 0.8403640765624999 0.804932496875 0.845879175 0.81229638125 0.8444573921874999 0.8287670265625 0.8323608140625 0.8272806640624999 0.8276941750000001 0.8146440015625 0.8242658640625 0.7668373625 0.8259513859375 0.7667360000000001 0.8358273859375001 0.7535721703125 0.8413157578125 0.7574978765625 0.8426916703125
1 0.8351048609375 0.886617653125 0.8345476890624999 0.8818478203125 0.8294838515625 0.878786415625 0.790551246875 0.8758626250000001 0.7784258984375 0.868753746875 0.7702024703125 0.8708749515624999 0.777588428125 0.885757740625 0.79363948125 0.8942425296875 0.8252319890625 0.8907339328124999 0.8351048609375 0.886617653125
1 0.6252609875 0.05712556875 0.6354820921875 0.055990434374999995 0.6414989062500001 0.051094473437499996 0.6416619859375 0.044432759375000005 0.6203840171875 0.03954828125 0.6118123546875001 0.0386883390625 0.56897611875 0.050693209375000006 0.5640277890625 0.0566784328125 0.6026580203125 0.0650714796875 0.6252609875 0.05712556875
1 0.5882971328125 0.1355182453125 0.6161728734375 0.132422425 0.62560408125 0.1325829421875 0.6287398890625 0.1352545046875 0.6454891203125 0.1255428421875 0.6445837156249999 0.1177918640625 0.6241652906249999 0.11220796250000001 0.6064410078125 0.1135724203125 0.586486321875 0.12001629218750001 0.583257084375 0.12460267031250001 0.5882971328125 0.1355182453125
1 0.5928700171875 0.1827235328125 0.59235870625 0.18640410000000002 0.5946349671875 0.1897750859375 0.6044144078125 0.19291675 0.6272025265625001 0.19461369374999998 0.66687916875 0.1877914359375 0.66790179375 0.1804302984375 0.6549169 0.17402084375 0.6236267671875 0.17206018750000002 0.5965409234375 0.1738603546875 0.5983058734375 0.18091190937499999 0.5928700171875 0.1827235328125
1 0.607895021875 0.2468869421875 0.6218787515625 0.25378943125000003 0.6526117140625 0.2509802578125 0.6652025140625 0.24595816718750002 0.6664340796875 0.2403857171875 0.6622297875000001 0.236624890625 0.649732421875 0.2343890390625 0.628802684375 0.23248570625 0.602854971875 0.23597136718749998 0.5953976546875 0.24465109062499998 0.607895021875 0.2468869421875
1 0.6079833156250001 0.3121052296875 0.610120284375 0.31428375625 0.636834109375 0.31735661406250004 0.6797858531250001 0.314398375 0.67922868125 0.30962854375000004 0.6848972609375 0.3017514359375 0.6701236328125 0.2961445984375 0.6338155234375 0.2995729359375 0.6223628531250001 0.30628052031249997 0.607774375 0.310316540625 0.6079833156250001 0.3121052296875
1 0.680409246875 0.368081921875 0.680572325 0.3614202078125 0.6697244015625 0.35718928125 0.63964204375 0.35751034531250003 0.6121145343750001 0.36358731093749996 0.60992999375 0.377117125 0.620568978125 0.379559365625 0.674531725 0.3741703390625 0.680409246875 0.368081921875
1 0.6300664046875 0.42863359687499997 0.6392648875 0.43485959999999996 0.67013714375 0.4332428828125 0.680010015625 0.4291266046875 0.685027990625 0.42373760625 0.66567805 0.41924297031249996 0.6634714359375 0.4164682125 0.6543884609374999 0.4192888390625 0.6195208546875001 0.418933415625 0.6088580828125 0.42434534687500003 0.6300664046875 0.42863359687499997
1 0.6258807640625 0.48949482812499995 0.62348728125 0.5012359562500001 0.6509910046875 0.503013159375 0.6766601296875 0.49714258125 0.681747753125 0.492349815625 0.6800524484375 0.4858944890625 0.6760570968749999 0.48392235 0.6621888734375 0.48606648906250005 0.64390741875 0.482661115625 0.6374727250000001 0.4839797015625 0.6258807640625 0.48949482812499995
1 0.6822080671874999 0.5526950734375 0.644692178125 0.553841690625 0.625318453125 0.557201225 0.62194991875 0.5605951453125 0.6460851078125 0.5657662718750001 0.685250440625 0.5626245796875 0.6910583140625 0.55593993125 0.6822080671874999 0.5526950734375
1 0.7025754921875 0.6223048046875 0.7002295828125 0.6183375890625 0.6828773203125 0.6148290203125 0.6524229421875 0.6200231109375001 0.63339745 0.6263637890625 0.6603898609375001 0.6318215625 0.6828297484375 0.6305373624999999 0.700066503125 0.624999303125 0.7025754921875 0.6223048046875
1 0.701627459375 0.8881541687500001 0.6748660609375 0.9007896531249999 0.6637157671875 0.90202798125 0.6814162625 0.90851769375 0.6928451453125 0.9096642828125001 0.6999066578125 0.9137117578125 0.7083390265625 0.9133792390625001 0.7125671046875001 0.9092858953125 0.7333116875 0.9015463718750001 0.7343343124999999 0.894185234375 0.72741209375 0.89133021875 0.7171213421875 0.891869125 0.701627459375 0.8881541687500001
1 0.47178132812499995 0.0808142984375 0.5169634750000001 0.07277664687499999 0.5211219046875 0.068087071875 0.5182884718749999 0.0599462546875 0.4960116640625 0.0545687390625 0.4761504125 0.05375466875 0.473920009375 0.0588340828125 0.4375184671875 0.06952036406249999 0.46664784531250003 0.077156665625 0.47178132812499995 0.0808142984375
1 0.493798196875 0.14842895312499998 0.518677425 0.143854028125 0.5254841375 0.1376624140625 0.524926965625 0.13289258125 0.5131498515625 0.1287648484375 0.501000715625 0.1295101421875 0.483718096875 0.126597803125 0.45263518906250005 0.150584575 0.4662248296875 0.14605551875 0.493798196875 0.14842895312499998
1 0.4750020046875 0.1970216328125 0.4576021671875 0.20922140625000002 0.4597391375 0.2113999359375 0.4845945796875 0.2146791796875 0.510542290625 0.21119351718749999 0.5191835984375001 0.2126496875 0.5360024765625 0.2035342515625 0.535097071875 0.19578327499999998 0.5277569734374999 0.1893508859375 0.5237616218750001 0.1873787453125 0.5107529421875 0.18882346249999998 0.4750020046875 0.1970216328125
1 0.5389717796875 0.261185015625 0.5394134453125 0.2569082171875 0.5162770921875001 0.2522301265625 0.49827422343750005 0.25120966718750004 0.46205783125 0.27153880468749997 0.4828482765625 0.27224968125000004 0.49362655312500003 0.2758843796875 0.5250101218750001 0.27058709375 0.5389717796875 0.261185015625
1 0.48175257968749996 0.3273320734375 0.4735053640625 0.33730745 0.48128712812499996 0.3394630421875 0.49994060156250003 0.33799539218749997 0.5163178125 0.33315675312500004 0.5321837140625 0.33199868593750004 0.5418476484375 0.3260937171875 0.539223153125 0.3197415875 0.5305121984375 0.3176891890625 0.5200125078125 0.31643940625 0.495992821875 0.320314909375 0.48175257968749996 0.3273320734375
1 0.5363370062499999 0.3997853390625 0.5499266453125 0.3952562828125 0.554154725 0.3911629390625 0.550879621875 0.3872989171875 0.5392418 0.38436364375 0.502933690625 0.38779198125000003 0.4941989484375 0.393593753125 0.4784026953125 0.39534805156249997 0.5044659140625 0.4009090203125 0.5363370062499999 0.3997853390625
1 0.48940856093749996 0.46539349531249996 0.49856118125000004 0.4631690953125 0.5188403109374999 0.4675605390625 0.5587258953124999 0.46252696875000004 0.5608866515625001 0.456851325 0.555683521875 0.4525974640625 0.535543684375 0.4493984765625 0.5187485921875 0.4506597390625 0.498724259375 0.4565073828125 0.5002802703125 0.46177025 0.48940856093749996 0.46539349531249996
1 0.4985101828125 0.5271949234375 0.5087312890625 0.5260597890625001 0.51767496875 0.522046703125 0.569779334375 0.5168640671875 0.5756568546875 0.510775646875 0.5744490765625 0.508493925 0.5569575203125 0.5037928984375 0.5262245562500001 0.5066020734375 0.5189999671875001 0.5092163109375 0.5125414859374999 0.5183890703125 0.4985101828125 0.5271949234375
1 0.5613656125 0.5818186421875 0.5842471640625 0.5762576453125 0.5855483765625 0.571281425 0.58041489375 0.5676237921875 0.551494453125 0.5617761765625 0.54677885 0.56169591875 0.5325386062499999 0.568713084375 0.5159983140625 0.5802134359375 0.5145578093750001 0.5839971984375001 0.5613656125 0.5818186421875
1 0.527027965625 0.64240470625 0.5255874625 0.6461884671875 0.5531608296875 0.6485619015624999 0.591768990625 0.6406503781249999 0.596206009375 0.6383457203125 0.598088178125 0.6302851625 0.589237928125 0.62704030625 0.579156115625 0.6293678984375 0.55443996875 0.6272811093749999 0.5478421953125 0.6352614109375 0.527027965625 0.64240470625
1 0.5532508390624999 0.6896214453125 0.5300669140625 0.700651696875 0.5497888734374999 0.7002733078125 0.5597076046875 0.7046074296875 0.5955978375 0.69760171875 0.6016146515624999 0.69270575625 0.597131775 0.6865600125 0.5772008750000001 0.6851497125 0.5672821421875 0.6808155921875 0.56070815625 0.680941721875 0.5532508390624999 0.6896214453125
1 0.5429566593749999 0.7384778359374999 0.5434441875 0.742651440625 0.53271176875 0.7474671421875 0.5353362640625 0.7538192734375 0.5662085203125 0.75220255625 0.6010302671875001 0.7441075796875001 0.6098346546875 0.7389020375 0.6112055109375001 0.7345220453125 0.59856885 0.7310937359375 0.5656989218749999 0.7317243828125 0.5464644875 0.7362763718750001 0.5429566593749999 0.7384778359374999
1 0.5964743171875 0.78568309375 0.5605840859375 0.7926888062499999 0.5409079875 0.8015175937500001 0.5671105 0.80827101875 0.5836270046875 0.804624840625 0.599075025 0.7998893953125 0.6129670359375 0.7898910859375 0.5964743171875 0.78568309375
1 0.5635058140625 0.866047909375 0.580718784375 0.868364021875 0.6121957859375 0.8558087953125 0.6125678046874999 0.85093576875 0.6075039703125 0.8478743640624999 0.5924279671875 0.8477367812500001 0.5845765562499999 0.8449849609375001 0.58079014375 0.84480150625 0.563599246875 0.85878996875 0.56115990625 0.8620806953125 0.5635058140625 0.866047909375
1 0.55962254375 0.921439884375 0.5962788875 0.9209926906250001 0.615652615625 0.917633159375 0.6251772546875001 0.910535734375 0.621762859375 0.9054792562499999 0.610914934375 0.9012483281250001 0.5869649 0.905720059375 0.5605755203125 0.9134825187500001 0.5647798140625 0.9172433468750001 0.55962254375 0.921439884375
1 0.2888257703125 0.0697268375 0.297397434375 0.070586778125 0.3028095 0.07662932812499999 0.29493430468750004 0.081731678125 0.29442299375 0.0854122453125 0.35939674374999997 0.0775924328125 0.3646236578125 0.07399212499999999 0.3657159296875 0.06722721875 0.3556579046875 0.0617006375 0.3395134171875 0.060473790625 0.30469166875 0.06856876875 0.2888257703125 0.0697268375
1 0.316973246875 0.1656509046875 0.325916928125 0.16163781875 0.339413134375 0.1643667046875 0.34777585625 0.16343795781249998 0.38434047968749996 0.146089965625 0.3825755296875 0.1390384109375 0.3745848265625 0.13509413125 0.3384160078125 0.1397149265625 0.303500828125 0.155067846875 0.3038490609375 0.1580489921875 0.316973246875 0.1656509046875
1 0.35620479843749997 0.2114229265625 0.3446824828125 0.21753428125 0.334461378125 0.21866941406249998 0.33494890312500003 0.22284301874999998 0.3242861328125 0.22825495 0.3627074265625 0.23485931093749998 0.38352165781249997 0.22771601718749998 0.3948112453125 0.2276701453125 0.40240785625 0.22018288125000002 0.40092149218750006 0.2155162421875 0.39279149687500003 0.21037950468750002 0.3724189328125 0.213246003125 0.35620479843749997 0.2114229265625
1 0.3665362734375 0.29181065 0.3728078859375 0.29715377656249997 0.378383034375 0.2965346125 0.39155479375 0.2884281828125 0.4057712515625 0.2892651859375 0.40628256250000006 0.28558461875 0.41422740625000004 0.2810785 0.411672559375 0.275322596875 0.39603938437499997 0.2704151828125 0.36265814218750003 0.274726396875 0.3329002296875 0.2858827765625 0.3665362734375 0.29181065
1 0.3562420953125 0.340667040625 0.3593779015625 0.343338603125 0.35735643906250003 0.35020670468750004 0.3814916296875 0.35537783125 0.4122942390625 0.35316488437500004 0.424095140625 0.3494384484375 0.431761396875 0.3425474109375 0.430275034375 0.3378807734375 0.4197056953125 0.33603476250000003 0.4059767640625 0.3393713578125 0.359680275 0.3378693484375 0.3562420953125 0.340667040625
1 0.44636852187500003 0.4031334484375 0.44502145156250006 0.3996592671875 0.42752989374999995 0.39495824062499996 0.40402152343750003 0.395153175 0.3946361765625 0.4034430578125 0.3776083578125 0.41076980625 0.40067506406250003 0.41485166875 0.43526408437499997 0.4128221765625 0.44636852187500003 0.4031334484375
1 0.44668954375 0.4622862484375 0.45228847656250004 0.4538129140625 0.43228793281250005 0.45180638437500004 0.40713011874999994 0.45399639374999995 0.389149321875 0.46928050781249997 0.39521199687499997 0.47283494531250003 0.41951026718750006 0.4713443609375 0.43653808437499997 0.4640176125 0.44668954375 0.4622862484375
1 0.463202621875 0.5069575546875 0.4462682375 0.507026359375 0.4250361296875 0.5105922796875 0.3949062 0.5266216874999999 0.3967407953125 0.5342694703124999 0.44371167656250005 0.5254292 0.464828278125 0.51281665 0.463202621875 0.5069575546875
1 0.433996746875 0.5953599953125 0.454508603125 0.5936859546875 0.47146677343750004 0.585762978125 0.4717691453125 0.5802937218750001 0.4630581921875 0.578241325 0.4068191828125 0.5802593625 0.40224287031249994 0.5813715625 0.3979910078125 0.5933190781250001 0.409141303125 0.5920807515625001 0.433996746875 0.5953599953125
1 0.4118082328125 0.6552007671875 0.4178709078125 0.6587552046875 0.436663675 0.6584800109375 0.48091662812499997 0.6505455515625 0.4870030890625 0.6462458203125 0.4873054609375 0.640776565625 0.46981390625 0.6360755390625 0.4613118890625 0.6358118265625 0.4329248359375 0.642588215625 0.4159666640625 0.65051119375 0.4118082328125 0.6552007671875
1 0.47796255 0.7058343328125 0.47396719843749996 0.70386219375 0.44808913281249996 0.707944084375 0.42084020781250003 0.7164059671875 0.43926095624999995 0.7210038 0.4531988296875 0.7194558890625 0.478008409375 0.714284734375 0.47796255 0.7058343328125
1 0.4839521515625 0.757110028125 0.487181390625 0.75252365 0.48397593906249997 0.749255859375 0.44016465 0.75291351875 0.41370562499999997 0.7600797499999999 0.4134032515625 0.7655490046875 0.42717804375 0.7706628078125 0.45096500156249997 0.7728527890625 0.4839521515625 0.757110028125
1 0.44715137499999996 0.8288409906249999 0.4692430296875 0.8245756484375001 0.48871018906249997 0.8139581734375 0.4899417546875 0.8083857249999999 0.48501721093750005 0.8065167765625001 0.44657212968750004 0.8077665890624999 0.438115975 0.8159532781250001 0.4197410875 0.8198058453125 0.41916012968749994 0.8228901828125 0.44715137499999996 0.8288409906249999
1 0.4185519578125 0.8821461796875001 0.4755112171875 0.8782362593749999 0.49167949218749996 0.871608934375 0.4892639359375 0.867045490625 0.48155181875 0.8654861265625 0.4468931515625 0.8669193890625 0.4185519578125 0.8821461796875001
1 0.4917677859375 0.9368272203125001 0.49413748125 0.9329402625000001 0.49065344218750007 0.9272875562499999 0.4408253390625 0.935841178125 0.4364579671875 0.9387420656250001 0.43701514062499996 0.9435118984375 0.444215946875 0.948751828125 0.45950088750000007 0.950678096875 0.4917677859375 0.9368272203125001
1 0.25329556875 0.24097072343749998 0.24521143125 0.2442843859375 0.22049528437500002 0.2421975984375 0.1904587859375 0.25096906093750004 0.20200317656250003 0.261162278125 0.2239317484375 0.2635586484375 0.262818496875 0.25803204218750003 0.27041510625 0.250544775 0.26892874375 0.2458781390625 0.2612166265625 0.244318775 0.2573147078125 0.23508869062499999 0.25329556875 0.24097072343749998
1 0.2572399203125 0.3069686921875 0.2501784109375 0.30292121562499996 0.21821388281249998 0.311302840625 0.21612277343750003 0.3175747125 0.20460045937500002 0.32368606718750004 0.2173305515625 0.319856434375 0.22975827343750002 0.3214960578125 0.23523998750000003 0.3281348359375 0.250827303125 0.3245918484375 0.2687605234375 0.325016078125 0.28221087031250003 0.319294565625 0.2817233421875 0.3151209625 0.2697372890625 0.3092045421875 0.2572399203125 0.3069686921875
1 0.2583270546875 0.37268001093750003 0.23114777812499998 0.381738121875 0.21978854062500003 0.3811877640625 0.2297072734375 0.385521884375 0.25656039218750004 0.3897872 0.259835490625 0.3936512203125 0.2587432203125 0.400416128125 0.2616700875 0.4012990046875 0.2666880640625 0.3959100078125 0.28729335312500004 0.3869780265625 0.29238097500000004 0.3821852578125 0.28996542187499996 0.3776218140625 0.26961664375 0.3726341421875 0.2583270546875 0.37268001093750003
1 0.240436265625 0.4290236671875 0.23077233281249998 0.43492863281250005 0.2623410546875 0.4392742078125 0.27446640312500004 0.44638308593750003 0.28262018437499997 0.44366565312499995 0.2928871515625 0.45098091875 0.29825335937499997 0.4485730671875 0.3058261828125 0.44893997187499995 0.311216178125 0.43867795000000004 0.308800621875 0.43411450625 0.284247553125 0.42536600625 0.26159872812499996 0.42486151874999994 0.240436265625 0.4290236671875
1 0.2268414875 0.5060289515624999 0.2492813765625 0.504744753125 0.26305616718749997 0.5098585546875001 0.273416565625 0.5099158796875 0.2803625703125 0.5049167234375 0.29931841875 0.4979798171875 0.301757759375 0.49468908906250003 0.29941185 0.49072187500000003 0.2783428203125 0.4876260828125 0.2643353046875 0.4885777625 0.24428718593749998 0.502279578125 0.2268414875 0.5060289515624999
1 0.235107353125 0.56067563125 0.23645442499999997 0.5641498125 0.27032319375 0.5640122 0.30070792343749997 0.5582218812499999 0.31044150312499996 0.5529131453125 0.309814684375 0.547547084375 0.2791055078125 0.5425020875000001 0.26602718125 0.5433505734375 0.247210628125 0.5514799390625 0.2432611359375 0.5579581984375 0.235107353125 0.56067563125
1 0.3266284234375 0.6109078765625 0.32871953125000003 0.6046360046875 0.3160132265625 0.600611465625 0.2792872359375 0.6004624296875 0.24839119375 0.6099333171875 0.2549413921875 0.6176613609375 0.27759021875 0.6181658484375 0.3213318609375 0.6139119578125001 0.3266284234375 0.6109078765625
1 0.34388382812499996 0.6699918734375 0.3355448921875 0.6630664484375 0.3030469796875 0.6588240671875 0.27517123906249996 0.6619198890625 0.2794451765625 0.6662769453124999 0.26627341718749997 0.674383375 0.2941950203125 0.679737953125 0.33229186718750003 0.675506996875 0.34388382812499996 0.6699918734375
1 0.29841967187499996 0.72396209375 0.27967276406249997 0.7326876890625 0.284945540625 0.7375377796875 0.28866230625 0.737125003125 0.2921463453125 0.7427777125 0.30722234843749996 0.74291529375 0.342764346875 0.7329284359375 0.3479216140625 0.7287318984375 0.345506059375 0.7241684546875 0.33221879374999996 0.7232282546875 0.3298728859375 0.7192610390625 0.29841967187499996 0.72396209375
1 0.329240928125 0.7863712078125 0.304083115625 0.7885612156249999 0.28505762031250004 0.7949018953125 0.28182837968749996 0.7994882718749999 0.31332745625 0.8032376187500001 0.3486367265625 0.7993162453125 0.34958970625 0.7913588796875 0.329240928125 0.7863712078125
1 0.3504679 0.8552815140625001 0.356554359375 0.85098178125 0.35685673125 0.8455125265625 0.35179289687500004 0.8424511234375001 0.3300732609375 0.8418434390625 0.2946246953125 0.8445723562499999 0.2876786890625 0.8495715109375 0.29973439218750003 0.8560841578125 0.3133002421875 0.859409275 0.3504679 0.8552815140625001
1 0.3221232796875 0.9188257890625 0.3580831578125 0.9124163062499999 0.366887546875 0.9072107609375 0.36646966718749996 0.9036333875 0.358339671875 0.89849665 0.3469804328125 0.897946290625 0.3203821171875 0.9039200624999999 0.30421384218749997 0.9105473875 0.3009149578125 0.9145375375 0.3221232796875 0.9188257890625
1 0.3278342953125 0.9677165671875001 0.35949645 0.9648042 0.369508615625 0.9618803781249999 0.3722503296875 0.953120396875 0.353248621875 0.951606903125 0.30950697968749996 0.9558607921875 0.3278342953125 0.9677165671875001
1 0.1832631203125 0.1732529015625 0.18941922656250001 0.1695493984375 0.202845784375 0.17168205625 0.211045428125 0.17741502343749999 0.2294203171875 0.17356245625 0.2565061609375 0.1717622875 0.25859726875 0.1654904140625 0.2541840375 0.15994090156250002 0.2287017765625 0.15129559374999998 0.20461244843749998 0.1545748671875 0.1871429640625 0.1661784125 0.1832631203125 0.1732529015625
1 0.180225884375 0.09084716875 0.1884255265625 0.0965801359375 0.225686615625 0.085194434375 0.22663959375 0.0772370671875 0.21871853593749999 0.073889015625 0.209356975 0.07432472812499999 0.20057637499999997 0.07167609999999999 0.178345428125 0.0747489859375 0.1621075078125 0.08078008125 0.1685880625 0.08791189375 0.180225884375 0.09084716875
1 0.0330127015625 0.1923552515625 0.07345545625 0.1920915125 0.0851867109375 0.1877688453125 0.0855587296875 0.18289581875 0.0782186328125 0.1764634265625 0.06864813125 0.1751104515625 0.06523373906249999 0.1700539734375 0.055151928125000006 0.1723815671875 0.0176360390625 0.1735281828125 0.0114799328125 0.1772316859375 0.0330127015625 0.1923552515625
1 0.0461776078125 0.2808837921875 0.0758420859375 0.27698535625 0.0826250125 0.2786479140625 0.0907091484375 0.2753342515625 0.0918014203125 0.26856934374999997 0.0885959671875 0.2653015515625 0.068525775 0.2626987953125 0.044018565625 0.2624006953125 0.018047067187499998 0.27374052656250003 0.024109740625 0.277294965625 0.0461776078125 0.2808837921875
1 0.05428039375 0.3421921859375 0.0392502515625 0.35050500625000003 0.0435241890625 0.3548620609375 0.051236306249999995 0.3564214234375 0.0876140625 0.35358931562499996 0.10097097656250001 0.35512574375 0.115141571875 0.34751235 0.11072834218750001 0.3419628375 0.0999500640625 0.3383281375 0.0712385640625 0.3342692109375 0.06257346875 0.3406672125 0.05428039375 0.3421921859375
1 0.1115589625 0.4215938125 0.1304213765625 0.421914846875 0.13399884687500002 0.4203096125 0.13330238125 0.41434732343749997 0.11931865156250002 0.40744483281250005 0.10059553125000001 0.40831625625 0.0831736203125 0.404211459375 0.049675157812499995 0.4236347859375 0.08846846875 0.4253661203125 0.1115589625 0.4215938125
1 0.065746571875 0.4725828890625 0.0888132765625 0.47666475156250004 0.096083728125 0.4825009109375 0.1348311796875 0.4757818453125 0.138919965625 0.47049604375 0.1364347640625 0.465336371875 0.114227603125 0.46055508593749994 0.09543483593749999 0.460830278125 0.08226307656250001 0.468936709375 0.0625411171875 0.46931509687500006 0.065746571875 0.4725828890625
1 0.14035704375 0.5150297671875 0.100913125 0.5157865421875 0.0911099 0.52049905 0.07538329375 0.522849578125 0.10365312812500001 0.531185303125 0.1366623515625 0.5317471140625 0.15183178749999998 0.5246267546875 0.14035704375 0.5150297671875
1 0.168738959375 0.58072960625 0.1662537578125 0.5755699328125 0.14404659687500002 0.570788646875 0.1021633390625 0.57483615 0.10285980312500001 0.5807984390625001 0.0901297109375 0.5846280734375 0.1209085328125 0.5902692968750001 0.165440071875 0.58471975625 0.168738959375 0.58072960625
1 0.11221622499999999 0.65283895625 0.1146317796875 0.6574023999999999 0.10796436093749999 0.6647864734375 0.1153978921875 0.6639609203125 0.12427192812500001 0.65935160625 0.1492904484375 0.6559691375 0.17354285625000002 0.64602815 0.1747047734375 0.639859471875 0.1630669515625 0.6369241984375 0.1276183875 0.6396531125 0.1202307171875 0.6489290640625 0.11221622499999999 0.65283895625
1 0.19467810624999998 0.6980376578125 0.18940533125 0.6931875671875 0.163853425 0.68394603125 0.1451303046875 0.684817453125 0.1320281921875 0.6935201125 0.158369996875 0.701465996875 0.177510996875 0.7041719468750001 0.19237805937500002 0.7025208421875 0.19467810624999998 0.6980376578125
1 0.136390425 0.7630954546875001 0.1548111734375 0.7676932859375001 0.18182736875 0.7652968890625 0.20171240781250002 0.7582567874999999 0.198158721875 0.7520078515625 0.1819445890625 0.7501847765625 0.17402353125 0.746836725 0.1388535515625 0.75195055625 0.129840225 0.7553674125 0.12918961874999998 0.7578555234375 0.136390425 0.7630954546875001
1 0.20832882812500003 0.81489854375 0.20691211250000002 0.8108281359375 0.19548322812500002 0.8096815484375 0.165261578125 0.808810153125 0.1610335 0.812903496875 0.1349227078125 0.8230508734375 0.1617758265625 0.8273161890624999 0.197015453125 0.822798584375 0.20832882812500003 0.81489854375
1 0.155477 0.8781447171875 0.15610381874999998 0.8835107796875 0.17417633593749998 0.8851274671875 0.194781625 0.876195484375 0.21401605781250002 0.87164349375 0.2186858015625 0.8632733531250001 0.20618843281250002 0.8610374999999999 0.1680915859375 0.8652684562499999 0.15429300937499998 0.8680088250000001 0.14177185625 0.8736271453125 0.155477 0.8781447171875
1 0.16209342031250001 0.9347864749999999 0.177448009375 0.9373089734375 0.2153359171875 0.93128933125 0.224279596875 0.9272762468750001 0.225789746875 0.9240887125 0.2224450015625 0.9196284625000001 0.21487217812499998 0.9192615578125001 0.184139215625 0.9220707296875 0.157889128125 0.931025646875 0.150943125 0.936024803125 0.16209342031250001 0.9347864749999999
1 0.179071953125 0.9673268125 0.1688508484375 0.968461946875 0.1730551390625 0.972222775 0.17068544375 0.9761097296875001 0.17547069375 0.9767862171875 0.1763064515625 0.983940965625 0.17300756718750002 0.9879311156249999 0.2018125 0.9847321000000001 0.2347758640625 0.9768435140625 0.2404444453125 0.9689664062500001 0.230595359375 0.965228515625 0.1849953328125 0.9696887937499999 0.179071953125 0.9673268125
1 0.06832882500000001 0.091798909375 0.056899940625 0.090652321875 0.0457496453125 0.09189064999999999 0.025679453125 0.0892878921875 0.011090978125000001 0.0933239125 0.015225621875000001 0.096488509375 0.013715471875 0.09967604218750001 0.006490879687499999 0.10229028281250001 0.0078141640625 0.113618634375 0.0276057703125 0.113836475 0.05255464375 0.1098577765625 0.0584083796875 0.1116235296875 0.0692104421875 0.10740405625 0.07429806562499999 0.10261128906250001 0.07339266250000001 0.0948603125 0.06832882500000001 0.091798909375